913
317
110
79
586
182
916
858
688
237
20
609
915
980
767
188
211
413
489
168
339
710
898
575
382
718
500
880
233
509
7
311
651
739
306
243
26
968
97
430
188
372
748
947
318
59
739
322
192
887
807
655
543
332
981
854
456
908
733
950
9
813
478
965
181
985
843
831
281
794
968
292
619
501
147
892
923
245
723
576
176
366
752
426
539
519
746
102
923
427
721
312
232
684
406
712
408
84
136
95
563
205
346
164
884
620
146
531
660
669
566
178
242
793
529
110
686
911
986
657
13
557
73
58
874
984
448
445
901
838
649
247
374
675
732
470
278
292
37
430
9
865
57
681
656
617
388
819
99
815
964
706
824
610
505
762
129
712
998
906
824
137
478
33
444
343
359
423
225
583
218
905
947
561
930
16
278
379
478
879
447
733
621
814
896
463
36
477
17
326
446
213
794
644
764
157
851
810
670
149
596
446
867
752
735
684
648
495
154
390
725
633
362
570
900
870
635
823
325
8
783
691
336
341
21
583
751
332
370
76
577
886
857
73
794
309
395
558
152
11
721
790
162
167
823
690
419
197
365
427
73
907
752
595
947
903
640
6
258
757
595
76
936
987
926
486
385
341
765
708
325
372
807
279
189
52
37
123
270
443
539
49
820
469
479
293
760
364
701
1
474
638
877
940
73
655
315
3
336
885
382
322
988
232
892
330
724
608
501
833
281
635
259
822
210
211
808
439
999
571
381
218
631
138
592
725
522
476
725
510
976
727
395
784
230
833
116
773
843
633
733
712
425
912
819
378
463
925
340
618
559
953
985
342
65
962
665
158
22
411
979
186
677
136
388
145
289
587
6
675
672
674
8
54
474
796
104
182
371
621
495
611
77
586
265
149
955
764
990
634
788
274
820
514
182
129
555
653
666
497
219
463
644
291
895
145
79
391
923
262
360
791
654
867
129
924
838
923
311
212
536
268
234
994
383
801
280
203
526
956
542
676
857
333
355
998
240
407
898
449
1
413
374
469
17
28
498
6
235
299
726
460
774
316
725
141
931
389
124
605
277
426
303
354
884
575
918
582
393
927
52
98
665
789
252
112
278
875
703
519
119
690
628
403
455
229
620
611
172
656
711
63
12
310
72
141
922
511
547
316
722
517
349
792
685
47
144
722
948
177
940
731
70
331
283
688
828
123
222
939
149
601
345
847
490
580
179
25
982
496
563
954
411
394
326
887
696
677
510
41
764
843
673
820
57
227
536
442
693
576
780
307
619
197
435
383
224
871
631
583
729
717
124
997
877
703
464
594
783
461
707
507
755
975
513
286
180
214
330
275
138
832
8
219
934
777
227
174
755
489
700
766
15
656
435
429
821
255
983
503
96
750
873
359
971
340
805
540
984
955
453
76
480
534
362
557
365
705
281
141
642
932
336
909
760
625
332
512
232
589
776
53
766
454
515
527
748
172
632
573
611
613
734
949
588
56
707
582
842
912
787
14
471
631
432
195
121
441
963
459
595
379
475
800
783
991
448
481
183
835
755
759
389
716
901
480
88
904
174
935
948
625
714
741
113
683
881
188
332
277
313
230
681
230
183
940
794
398
593
644
395
421
140
117
773
26
727
270
162
45
574
579
127
634
669
220
200
115
783
303
804
813
207
64
549
209
416
258
569
486
975
452
526
159
758
721
134
197
560
401
483
115
922
384
745
766
300
159
385
153
914
596
606
81
311
417
15
783
955
184
804
95
395
824
4
739
986
818
710
854
381
966
10
680
970
72
85
673
891
216
608
686
789
976
197
891
862
962
922
349
258
732
108
426
559
424
284
251
207
242
918
715
952
747
464
233
412
479
559
308
768
800
304
534
126
465
694
343
203
913
129
768
255
824
958
183
947
666
311
512
480
469
569
328
931
598
116
205
151
822
703
656
99
61
725
451
120
202
70
637
987
173
791
771
348
968
744
163
941
443
583
209
601
564
865
482
493
796
733
955
558
429
503
797
419
904
616
855
903
969
754
472
499
452
79
343
617
788
723
933
701
400
356
758
836
968
660
850
712
894
100
504
477
483
70
579
573
709
9
889
816
869
294
908
541
147
397
78
139
287
863
150
492
925
442
972
863
504
202
816
971
928
826
341
431
809
378
413
981
610
433
570
200
648
635
508
812
669
493
561
675
113
730
511
417
625
876
126
364
844
128
918
224
680
478
88
942
817
114
539
696
218
966
374
811
699
373
929
320
173
818
245
715
970
809
741
686
385
250
635
962
39
261
666
270
417
443
827
207
562
828
230
285
160
973
444
137
469
25
860
915
299
163
47
962
467
712
661
815
306
913
371
13
993
18
931
539
417
866
572
166
213
456
60
482
544
50
118
878
579
706
555
282
435
27
345
321
335
235
389
896
238
764
138
821
251
269
348
709
175
650
739
961
527
860
164
531
960
346
668
200
237
980
833
685
448
985
121
643
149
35
814
655
43
199
143
626
210
7
387
625
935
251
204
409
167
288
241
579
744
31
763
952
764
268
278
488
220
369
350
511
132
956
180
861
799
637
316
673
382
352
547
174
949
883
245
600
384
381
289
815
248
299
536
714
861
449
572
367
115
10
672
720
90
698
240
388
65
45
460
883
393
608
422
348
691
782
865
30
71
699
341
266
774
102
520
806
609
726
690
367
980
554
129
267
212
887
571
686
949
889
368
913
249
472
109
715
646
207
939
200
973
664
257
68
901
945
709
694
675
754
646
840
405
873
224
359
62
800
580
307
237
920
972
363
807
763
800
679
781
443
801
286
213
147
459
928
691
560
763
111
368
580
15
243
734
923
126
673
59
107
176
377
737
646
130
303
565
224
719
485
545
795
721
937
501
616
406
125
424
234
9
731
115
111
937
611
318
626
199
93
998
604
101
599
996
129
166
277
876
987
653
953
399
855
894
272
455
723
854
577
185
805
235
170
929
439
110
812
199
452
209
710
788
271
923
776
311
927
68
238
940
837
692
269
24
975
185
883
278
245
387
978
220
74
99
45
725
311
11
293
960
164
118
556
193
477
975
289
731
144
225
674
602
954
748
403
375
265
655
773
821
883
888
126
580
397
517
653
12
335
201
869
398
750
85
931
618
455
159
621
987
120
487
480
823
170
242
220
626
919
764
949
514
459
275
663
268
151
538
757
205
305
280
661
64
750
404
546
54
887
204
566
882
273
636
764
676
445
952
368
698
825
435
620
437
718
557
327
566
1
880
597
773
139
145
635
516
995
94
583
401
578
608
285
910
249
854
895
823
186
422
124
729
693
521
207
783
529
249
172
706
107
720
87
95
413
520
592
266
71
579
698
144
728
960
986
575
249
48
125
98
401
29
79
665
253
11
334
594
419
223
826
465
180
904
409
668
621
430
909
369
325
474
751
884
189
354
507
600
701
1
507
390
748
446
663
876
997
888
835
28
98
120
810
305
159
471
155
99
853
668
330
301
390
799
809
866
470
245
470
512
115
481
706
29
71
379
876
4
700
0
11
152
608
882
166
968
332
862
391
114
385
385
647
613
922
298
148
919
469
853
393
0
497
132
449
135
79
365
91
179
633
928
639
89
440
804
37
675
684
450
918
286
413
500
753
274
865
853
250
518
742
229
575
557
607
585
82
0
132
237
726
542
885
648
436
136
212
424
202
131
18
68
213
570
465
499
646
800
656
804
597
989
233
456
683
629
495
80
482
505
779
393
828
183
35
337
61
911
196
109
216
320
897
216
493
564
46
426
369
921
21
159
818
34
278
182
959
674
765
112
202
908
894
265
494
740
956
101
440
939
320
51
478
177
904
796
914
187
997
629
600
379
975
330
75
210
133
353
484
900
512
47
1
847
807
848
923
532
271
181
910
66
904
481
16
383
911
432
103
3
72
751
57
874
285
715
678
184
709
743
177
728
325
714
377
545
501
699
887
425
163
76
544
52
921
922
642
898
550
890
163
690
218
1000
568
640
484
851
671
536
513
896
799
596
141
604
504
873
555
676
263
500
39
155
359
501
470
465
533
367
207
390
869
41
709
883
61
605
917
469
569
164
503
447
418
420
860
142
555
811
734
936
504
323
862
984
107
399
573
764
443
983
355
90
999
229
267
204
510
501
159
704
96
348
25
803
471
131
669
951
383
929
457
196
900
469
614
58
219
52
639
506
965
148
163
547
9
748
745
863
523
749
74
679
183
746
555
197
972
877
44
314
578
969
269
477
315
998
567
807
123
208
735
941
794
19
883
510
828
263
646
997
487
780
814
126
703
129
219
898
505
553
484
186
669
993
636
358
985
715
222
588
929
666
582
885
407
497
995
665
380
295
132
100
687
776
551
502
261
859
333
1000
761
801
245
982
392
445
150
455
186
910
897
425
480
136
762
448
445
699
797
626
480
209
756
704
190
397
953
193
941
466
806
899
5
10
607
514
959
146
321
476
304
882
667
541
297
916
306
44
325
22
815
672
203
490
457
900
431
54
238
726
231
805
468
21
342
54
137
795
47
505
788
900
558
416
366
87
905
944
845
913
307
79
392
546
834
527
98
816
683
905
387
878
894
107
805
893
714
287
161
502
546
838
843
766
274
512
117
881
500
10
455
61
19
231
102
390
596
32
404
671
264
586
930
771
361
986
693
535
638
339
558
508
283
311
699
414
560
448
65
672
21
20
340
64
397
851
335
279
454
365
282
190
392
222
359
783
543
904
664
334
736
61
433
352
295
942
959
278
417
720
642
405
346
259
831
586
218
263
973
482
46
465
30
190
328
475
518
160
552
702
374
442
203
784
712
770
884
127
86
294
897
98
38
693
824
126
441
796
97
336
186
670
750
450
339
51
909
167
211
616
974
338
932
576
75
851
547
163
498
643
733
963
150
46
939
76
10
136
811
693
488
624
169
975
880
490
552
659
338
457
531
51
335
884
774
13
963
353
172
600
59
380
202
142
906
829
374
765
935
654
235
573
686
224
875
195
756
666
405
992
662
660
387
246
901
527
525
70
576
334
523
874
755
816
925
666
257
136
74
427
566
687
667
296
558
452
277
60
109
911
24
325
702
901
655
967
611
568
728
153
204
381
143
648
655
69
722
724
83
466
323
135
611
361
182
21
812
104
168
230
409
269
720
500
711
253
496
117
143
690
523
171
976
295
14
315
93
644
864
806
893
2
955
155
453
649
42
472
994
726
304
297
62
902
398
126
928
807
889
326
647
422
499
866
118
363
197
668
84
623
954
436
504
471
33
686
212
640
371
403
489
136
259
518
481
614
417
170
751
131
512
97
948
676
843
68
911
883
513
692
643
738
779
701
105
553
176
590
951
802
475
400
258
847
100
346
489
797
995
103
628
280
390
655
608
744
189
585
995
633
540
43
458
569
781
516
665
938
757
663
732
249
524
816
100
909
181
903
910
956
267
491
843
582
778
894
133
235
299
847
591
879
408
838
430
811
528
829
785
800
909
160
29
149
607
361
919
323
145
502
243
504
765
931
47
56
216
372
763
202
60
317
757
422
6
324
192
540
510
625
639
59
581
211
792
316
467
517
926
109
864
126
730
179
141
319
207
526
4
110
416
484
544
492
388
227
984
953
586
945
341
242
243
387
218
668
703
472
710
63
704
29
288
690
283
94
500
118
594
769
996
266
10
832
213
964
223
63
539
365
128
595
290
263
659
932
286
314
652
130
391
872
613
63
601
35
348
9
806
616
113
43
534
191
144
374
657
826
307
182
631
873
606
381
813
625
106
592
540
72
941
243
427
53
179
205
537
203
991
4
680
870
246
889
518
964
884
564
647
532
54
317
238
450
214
102
429
564
325
749
492
853
404
818
653
609
176
195
324
900
68
332
398
501
47
792
341
269
770
23
553
568
189
422
103
799
887
672
906
87
688
795
942
438
552
36
296
776
544
256
742
233
589
304
361
696
146
786
681
517
548
699
460
454
805
989
516
227
763
119
339
28
610
605
447
72
571
402
975
621
263
92
64
301
295
137
892
937
541
588
504
787
642
915
48
804
39
729
791
300
454
325
746
785
876
536
592
932
181
797
960
511
158
423
117
74
668
166
230
271
539
195
537
348
5
640
918
0
398
837
738
717
249
546
799
788
847
960
507
856
513
747
915
374
890
181
751
983
597
310
216
779
553
85
263
613
476
164
324
990
698
517
715
109
174
155
295
298
721
461
823
883
433
98
424
703
958
580
307
387
712
396
608
635
302
486
718
715
421
686
384
545
123
195
578
38
459
644
955
875
271
640
452
715
486
875
197
23
702
48
681
51
112
840
82
518
142
103
960
191
356
254
665
476
170
570
999
265
808
878
149
107
375
580
68
987
953
415
598
162
36
763
260
465
842
697
710
462
945
659
278
773
62
769
594
889
435
295
141
476
867
842
380
154
484
109
634
999
586
177
647
772
715
119
517
517
146
347
419
9
740
826
40
124
999
773
253
453
563
301
193
764
751
102
801
734
624
804
132
778
78
791
18
69
329
317
621
499
278
608
325
529
608
554
848
841
95
925
912
404
359
736
365
414
50
137
222
129
189
458
570
486
332
679
250
776
311
982
558
959
633
87
200
215
936
540
113
652
488
467
167
273
880
493
156
910
765
276
846
921
885
879
713
482
721
435
63
970
932
13
339
784
611
568
674
772
7
435
482
279
786
554
69
156
817
216
824
134
427
960
526
460
253
619
878
56
822
506
569
499
35
797
733
118
81
681
562
728
156
432
151
846
540
188
59
655
699
560
911
169
245
11
246
456
679
979
612
900
688
187
4
306
308
726
794
244
592
910
808
704
816
409
76
406
35
488
966
255
630
867
721
761
105
838
437
384
381
213
543
428
575
419
58
836
271
416
336
371
690
116
273
564
730
788
234
945
503
421
8
685
288
285
844
113
424
756
127
552
422
852
529
461
685
727
14
626
23
226
463
174
73
543
946
262
11
209
156
112
642
864
65
499
721
653
894
573
30
667
264
299
438
908
450
11
953
809
75
250
32
265
34
460
969
280
203
789
83
58
601
21
829
280
668
553
755
82
241
943
961
855
187
527
903
406
2
495
255
156
837
108
543
122
462
235
279
537
877
223
472
206
881
451
974
246
737
528
115
171
282
959
251
714
155
704
128
324
112
789
945
434
813
635
702
667
388
965
116
898
122
155
278
532
64
581
867
985
850
877
573
999
964
756
352
21
552
330
270
654
995
169
841
156
643
829
963
187
5
251
63
64
818
261
707
399
776
49
830
301
977
877
266
655
725
670
979
404
417
733
319
395
886
640
442
688
623
986
89
47
797
892
172
118
166
256
273
391
866
430
332
385
3
844
379
183
295
491
258
868
183
276
576
504
45
75
984
301
440
701
214
295
472
617
911
461
824
416
594
630
1
960
845
65
415
184
200
171
425
622
791
3
198
150
713
212
19
813
907
593
701
398
46
257
823
352
275
667
572
581
863
190
346
808
309
496
146
809
384
685
625
982
913
576
677
581
709
969
116
117
124
64
136
536
131
951
340
157
677
898
848
361
377
897
348
72
80
206
521
721
369
481
956
833
900
672
543
90
913
236
663
188
492
276
135
134
855
459
129
822
995
695
742
458
6
849
216
51
249
637
991
223
223
387
709
429
974
21
525
30
983
958
747
888
72
490
4
514
441
294
725
534
583
181
473
873
463
834
710
442
644
286
926
654
63
183
257
424
353
941
861
316
151
560
536
278
662
762
649
557
426
976
13
412
1000
660
178
641
766
919
83
401
767
558
86
440
107
867
201
668
939
654
324
368
21
217
899
83
266
52
422
445
446
302
841
38
748
750
122
360
567
649
879
223
596
710
626
254
942
713
430
678
98
706
933
698
767
115
522
698
569
912
67
659
509
24
139
130
64
715
753
457
832
586
394
929
312
110
350
650
936
745
858
901
938
552
300
117
138
658
847
238
251
61
190
508
137
643
66
599
128
671
115
392
96
239
482
940
572
511
458
160
825
464
416
980
241
498
699
264
727
259
872
695
941
280
847
69
753
401
333
555
858
848
970
661
267
136
754
608
970
776
332
203
920
596
66
224
999
961
50
19
223
554
820
48
467
726
953
249
819
293
881
773
109
119
670
850
295
813
843
747
104
887
951
909
370
138
788
347
200
477
674
620
633
187
468
414
401
464
78
253
171
795
731
960
684
681
493
846
765
21
139
306
721
672
477
556
430
307
849
313
515
961
803
864
325
552
353
843
723
619
452
113
953
393
133
222
647
900
840
303
40
0
589
433
93
607
202
401
398
332
12
432
818
910
534
57
719
994
298
575
944
752
220
367
677
794
893
659
212
466
297
971
385
528
629
469
648
281
71
793
942
660
329
1
720
999
150
864
597
398
884
52
458
951
125
646
636
448
569
504
860
714
312
895
842
806
248
155
808
870
949
644
567
278
400
987
775
221
59
447
56
136
244
586
191
271
360
878
19
822
748
925
482
827
518
422
823
577
195
698
204
191
826
900
91
599
792
18
8
687
588
334
560
531
742
478
481
295
980
290
801
332
301
281
971
368
672
932
312
66
242
701
411
179
819
805
698
574
154
661
916
412
926
553
145
181
292
431
136
781
958
410
848
203
594
867
897
751
924
160
401
985
183
967
738
148
760
433
352
375
628
671
406
738
445
226
160
434
98
79
703
332
658
593
810
818
545
111
833
34
607
86
225
49
99
961
436
998
812
155
183
185
377
473
921
910
912
244
321
853
591
253
403
937
101
227
440
628
830
699
761
125
651
779
551
936
567
613
966
5
321
377
98
670
591
424
44
497
215
856
654
15
18
921
196
164
433
999
331
777
677
922
933
783
436
871
193
592
714
253
254
831
27
333
108
977
744
74
368
978
165
549
288
980
125
773
249
233
985
159
179
418
281
795
8
673
202
30
333
453
424
877
970
245
58
555
802
264
70
112
420
414
492
171
458
552
939
168
403
472
212
788
727
453
916
739
124
50
111
223
726
697
875
940
191
874
198
138
868
913
92
953
469
778
258
337
177
285
779
398
768
327
227
732
81
265
348
632
149
546
449
243
704
987
996
830
468
984
153
950
835
309
88
674
193
97
240
755
94
688
189
417
130
94
267
669
193
250
371
20
630
644
688
920
701
732
743
337
353
163
222
946
544
592
627
22
273
840
339
638
429
70
272
112
483
714
756
308
57
491
327
586
116
469
160
908
726
89
358
445
809
175
155
118
938
114
32
942
595
262
584
26
244
701
677
833
289
976
241
924
299
143
791
530
569
999
383
898
627
434
579
337
537
366
565
288
533
245
920
302
254
61
187
54
173
325
18
797
487
48
662
618
121
786
148
398
950
326
471
879
91
681
222
593
444
465
247
45
952
567
925
382
286
989
487
96
428
969
731
479
954
954
142
261
36
538
285
458
162
922
987
669
116
170
71
728
644
783
859
71
654
206
176
178
728
972
477
618
850
611
740
963
302
826
933
288
659
472
107
648
583
108
885
383
597
48
195
715
456
807
977
819
145
978
887
830
29
255
808
384
328
770
788
53
562
709
406
963
442
675
73
99
264
851
980
172
944
679
217
666
940
79
836
566
566
972
232
668
375
732
990
460
325
655
583
225
24
703
126
580
682
241
133
345
526
701
272
12
201
908
253
416
92
316
793
892
362
497
206
957
688
142
246
472
937
13
649
618
925
816
778
471
510
958
265
379
362
589
153
182
987
327
441
939
591
555
862
673
87
874
29
156
302
607
400
81
567
284
269
833
174
173
703
325
104
886
259
597
977
92
403
257
228
280
472
667
907
478
978
351
605
906
6
127
290
363
191
43
198
445
14
871
952
748
898
598
541
98
608
591
44
841
458
374
224
588
268
702
130
615
935
665
879
879
404
662
928
24
488
880
178
695
948
666
112
894
15
48
941
890
148
883
710
640
411
973
844
86
829
73
881
141
714
917
716
620
308
278
966
528
341
680
901
240
685
610
717
814
569
258
263
31
948
926
62
145
215
789
799
92
858
480
191
821
421
444
494
115
297
100
358
984
930
356
864
244
867
235
564
358
257
848
573
46
627
576
660
127
537
120
638
408
401
77
96
793
817
411
699
421
501
243
741
350
557
595
667
145
361
533
660
223
168
262
508
468
32
413
5
205
641
833
219
844
0
692
308
577
318
281
122
284
545
960
746
911
240
643
487
865
382
158
685
223
784
983
282
47
830
154
601
646
181
822
37
165
692
814
272
545
467
817
662
990
605
225
481
647
330
576
74
69
109
702
324
551
971
53
475
547
708
979
360
562
261
814
364
415
327
863
380
447
727
79
788
248
352
890
464
335
95
505
19
913
9
683
201
249
521
817
714
213
584
729
201
714
846
302
105
647
516
458
491
883
951
958
77
841
8
793
950
660
727
102
749
25
836
550
150
741
881
178
730
40
456
916
982
917
556
875
742
338
628
148
940
834
646
375
945
974
291
174
929
891
539
75
797
319
365
687
474
562
90
344
620
502
552
775
766
688
668
153
799
772
583
146
735
393
712
553
584
391
468
677
805
205
504
225
3
922
134
406
947
366
908
817
265
821
389
415
90
74
847
321
700
715
326
600
888
772
704
541
619
59
302
933
718
635
984
856
52
442
702
685
22
185
950
928
913
969
768
669
964
558
150
864
178
622
29
320
822
824
302
688
921
687
373
447
279
527
994
894
462
770
177
700
154
637
222
779
383
396
252
772
806
473
555
828
277
18
419
846
490
459
371
377
997
470
753
184
42
936
207
242
123
743
902
291
208
247
657
563
605
304
425
888
568
474
164
28
674
854
773
850
732
26
903
83
928
879
8
306
32
704
687
425
705
214
766
232
51
127
570
243
548
640
894
645
350
653
266
905
87
882
596
938
914
930
277
523
635
335
52
844
217
852
886
736
244
784
951
755
22
35
201
877
81
833
289
807
515
425
744
134
610
282
949
175
552
483
62
296
346
12
498
822
563
716
915
31
354
533
864
228
608
46
385
21
855
59
795
596
842
582
666
490
374
41
382
31
426
586
421
512
191
91
38
400
451
16
801
734
751
290
733
954
825
147
142
599
621
243
821
903
842
768
494
776
415
830
738
168
996
46
700
576
812
237
863
462
1000
379
434
31
460
368
9
958
368
703
147
293
237
793
67
283
236
535
75
625
544
600
407
652
926
994
902
985
221
865
181
767
796
222
361
473
877
827
232
402
137
136
467
357
871
595
786
20
954
21
183
441
680
784
12
535
884
464
893
743
534
603
492
797
369
670
312
374
440
734
166
646
506
41
292
604
792
81
457
531
391
480
446
719
578
560
728
217
211
818
719
210
177
358
51
699
724
633
878
350
695
116
599
715
54
865
736
146
846
105
113
167
418
542
683
723
568
592
484
616
461
322
558
253
150
521
140
290
67
936
40
109
551
539
872
829
96
166
565
397
718
64
812
737
319
956
98
811
351
289
236
518
653
95
238
93
822
699
591
581
550
248
231
130
967
254
818
139
97
357
672
330
194
570
101
453
377
583
25
846
671
544
228
646
547
370
245
458
870
511
729
779
325
889
479
718
739
794
560
466
49
757
871
485
110
984
348
458
82
401
719
311
375
259
726
180
312
493
456
168
341
588
636
962
221
493
731
947
501
435
508
822
626
4
364
167
931
678
677
91
132
766
83
933
416
824
488
967
858
458
402
812
593
515
481
198
539
610
591
986
259
409
564
622
439
386
748
780
168
243
708
622
696
621
891
526
791
104
89
520
561
576
740
73
556
625
392
695
315
634
53
300
796
223
184
744
368
566
270
756
437
282
874
721
619
80
94
943
865
984
603
549
743
69
311
667
265
789
316
383
735
342
237
126
530
131
317
463
705
529
838
94
458
349
106
520
484
317
39
862
579
560
119
430
195
746
822
344
860
303
431
65
514
96
447
323
188
607
200
786
212
169
481
91
259
277
621
819
345
412
460
733
711
945
19
469
653
55
156
212
789
8
727
536
43
903
379
722
602
134
357
584
390
230
150
607
709
646
657
345
199
296
11
361
880
995
708
433
851
301
332
619
73
959
958
723
924
882
119
781
911
416
71
195
415
838
188
801
513
517
478
496
512
14
947
793
279
522
611
226
937
901
752
535
371
959
630
754
961
268
880
457
361
166
648
150
936
964
591
394
485
435
105
861
694
729
967
432
204
880
648
950
59
648
740
434
119
557
544
686
963
149
319
806
36
847
416
118
71
963
482
879
480
426
847
228
892
245
162
716
999
373
822
898
310
719
12
619
386
788
518
977
147
520
964
648
595
400
993
226
149
302
433
103
253
59
34
523
191
688
753
115
164
585
98
769
987
612
941
692
553
960
395
73
473
696
989
164
64
990
751
536
439
303
349
953
72
592
22
127
154
356
875
461
459
315
259
454
859
732
19
287
838
808
307
35
837
637
227
508
986
318
825
509
208
191
318
77
842
292
189
359
546
608
57
350
270
375
319
780
636
333
402
398
32
134
349
906
136
417
170
723
64
307
428
330
140
251
350
488
774
441
935
935
338
706
219
415
560
531
370
501
32
52
159
523
301
168
226
398
686
964
164
355
51
359
476
325
184
941
786
965
450
271
683
297
242
295
936
647
397
825
736
37
436
375
755
721
379
679
610
362
797
579
747
514
537
627
699
13
435
567
944
378
763
30
881
25
379
76
701
804
157
310
25
8
710
901
777
619
312
653
192
370
459
948
840
873
948
6
852
579
989
23
476
842
175
975
997
895
872
924
605
944
56
464
874
433
655
140
733
667
250
88
485
665
134
606
26
403
553
144
447
935
415
376
483
352
789
580
524
612
49
561
453
953
414
572
936
53
813
658
787
88
182
940
962
417
20
202
11
642
458
168
284
127
695
13
663
886
215
805
242
813
449
827
384
16
124
133
892
753
929
929
965
403
201
433
179
731
993
500
421
422
611
217
658
873
73
968
161
38
234
883
426
68
284
411
982
353
656
133
443
872
956
542
741
490
445
281
188
373
397
173
273
612
266
386
943
874
742
856
988
645
402
268
901
611
34
913
696
275
847
568
51
154
789
673
185
200
156
943
796
311
52
952
976
172
783
42
478
707
565
204
69
165
645
159
251
873
121
515
157
126
842
179
995
804
589
405
555
276
679
622
363
441
719
208
590
99
626
775
158
145
675
124
725
562
197
239
84
950
645
517
124
288
363
401
42
425
665
407
495
963
934
480
8
59
894
696
100
686
568
447
897
420
616
109
664
627
401
202
31
399
703
861
11
969
502
734
726
820
61
994
308
65
151
480
139
189
13
284
85
54
221
876
366
639
669
28
780
449
434
224
275
652
868
812
623
937
921
369
861
721
295
799
422
959
929
276
655
255
460
425
310
95
37
156
794
894
587
339
299
152
520
967
962
862
860
806
417
1000
860
245
818
526
825
896
919
47
705
269
273
84
145
482
459
793
307
334
634
153
62
877
161
954
45
98
320
114
927
867
245
791
395
577
930
566
846
148
536
829
961
400
205
757
597
403
812
900
425
734
893
374
998
123
168
104
913
510
72
634
733
132
877
711
711
266
878
364
493
859
935
572
78
36
419
961
877
516
569
263
831
161
866
385
766
143
776
418
393
367
229
632
941
855
944
993
297
24
40
379
111
121
631
108
218
348
701
110
986
527
853
498
333
906
605
742
945
118
361
744
330
53
293
458
890
667
261
429
13
983
616
469
517
469
538
95
644
932
332
20
602
995
910
48
48
267
658
664
587
138
162
756
409
169
586
659
129
582
37
850
502
551
824
686
465
19
278
699
461
453
878
702
938
326
376
390
464
499
652
509
684
349
336
166
419
123
922
445
472
195
605
645
565
416
641
281
716
741
543
704
877
2
666
832
349
103
811
831
642
397
445
891
967
806
432
779
191
12
136
224
614
749
215
770
521
687
334
907
704
244
739
137
143
210
308
284
666
228
161
710
951
975
918
557
841
677
918
634
194
942
356
70
517
336
778
214
57
16
662
407
335
259
132
853
147
663
176
598
718
717
765
193
867
727
766
924
713
984
388
399
938
504
993
990
350
162
60
794
966
272
201
298
726
361
380
797
820
955
931
509
12
232
618
220
231
161
916
602
405
390
92
509
303
566
423
446
224
816
283
361
81
71
22
553
460
508
589
156
196
430
989
418
1000
284
103
821
405
2
583
665
2
882
672
960
745
682
370
779
722
996
260
331
346
42
482
548
65
772
199
212
149
916
319
658
394
500
527
56
909
253
1
56
3
352
687
49
25
685
787
313
367
519
257
946
537
30
696
589
541
338
96
542
128
719
386
227
325
886
318
557
43
398
434
444
643
810
558
108
545
154
647
252
687
581
134
687
538
631
68
914
92
775
297
287
686
427
943
852
390
561
829
718
215
875
426
901
627
851
893
90
9
888
479
518
617
700
203
925
278
182
26
220
662
499
469
625
950
842
761
126
190
764
269
559
934
397
283
957
74
712
687
923
436
429
304
704
97
829
636
269
52
509
489
80
869
305
937
293
619
985
638
108
475
578
773
603
753
691
70
280
635
12
329
155
740
334
695
66
10
980
258
422
734
446
459
789
804
840
887
860
501
683
866
787
992
1000
655
201
596
437
669
1
106
691
332
579
881
644
454
59
707
808
554
119
766
311
166
308
30
130
219
397
975
186
80
79
698
79
565
210
225
60
187
179
285
597
925
342
393
878
200
68
218
83
925
662
965
639
866
265
51
582
901
69
522
289
355
572
490
41
336
374
713
0
288
276
913
162
400
626
445
304
312
879
839
956
370
647
188
508
363
751
109
449
878
340
203
735
108
782
4
963
456
940
499
442
394
477
201
996
769
912
986
942
189
737
543
161
339
236
664
682
958
255
120
103
692
237
385
811
987
420
817
766
805
454
69
261
947
843
568
230
901
506
594
287
256
821
510
78
140
155
931
468
236
463
5
295
542
556
333
757
926
866
239
492
386
25
279
401
942
422
375
969
585
489
898
586
960
711
391
202
3
900
894
126
76
729
94
624
810
185
829
560
147
163
997
355
391
594
555
231
340
399
983
839
3
502
893
832
768
446
44
878
815
791
504
928
579
335
987
71
210
48
551
955
369
820
81
360
134
867
166
662
448
157
431
907
462
542
411
765
174
469
800
828
320
716
346
157
933
763
956
996
172
633
960
686
595
6
161
420
588
642
218
556
538
744
230
561
453
320
334
343
694
416
929
894
450
859
49
521
284
421
217
342
249
723
412
189
115
560
111
301
113
226
394
53
430
668
362
834
593
698
909
801
130
856
439
27
262
703
347
62
869
858
256
701
858
668
782
706
245
781
809
410
992
281
478
511
708
839
486
342
420
509
956
327
780
287
281
564
998
30
813
984
144
346
231
511
126
113
575
694
529
103
540
6
365
975
299
35
240
833
527
878
333
214
403
120
492
613
612
687
495
188
326
26
124
825
244
857
783
7
873
564
327
424
331
934
564
830
588
477
920
216
823
21
915
511
751
393
874
723
324
959
778
84
404
154
317
163
663
141
737
860
596
536
287
836
679
476
303
140
116
435
659
164
182
797
875
191
809
310
822
116
990
795
258
397
608
603
514
163
2
680
762
477
502
779
22
301
758
706
430
500
497
994
870
840
151
543
842
609
20
312
722
280
648
251
741
428
600
299
63
28
44
636
550
231
927
211
963
510
476
873
707
592
181
716
776
279
953
983
307
888
139
60
517
842
344
237
686
452
621
711
276
686
984
553
448
793
776
764
558
83
953
72
288
609
460
442
96
508
545
215
210
980
758
960
171
887
267
511
944
367
276
523
545
730
277
560
194
396
328
319
287
42
509
989
250
95
463
968
105
689
831
459
353
666
42
164
406
901
346
740
284
577
956
167
755
157
534
429
920
42
169
301
853
870
678
480
529
105
895
98
565
916
180
513
191
966
1000
841
968
834
242
176
337
311
414
826
550
159
893
49
670
360
989
88
306
450
459
459
715
783
564
388
531
8
174
88
838
257
269
107
889
771
563
187
186
364
511
894
393
124
372
689
358
947
317
806
662
598
328
276
584
306
587
607
76
393
865
10
795
215
740
830
960
785
590
786
507
565
418
46
239
369
791
936
76
26
729
855
488
854
435
75
776
154
451
69
38
486
242
425
219
552
465
417
259
825
136
834
897
39
143
440
65
351
581
287
48
591
431
325
374
366
667
438
581
897
954
510
66
106
38
387
661
806
544
699
891
562
163
308
874
272
535
451
138
250
239
620
413
932
942
849
405
537
117
0
212
873
993
207
511
2
659
65
587
547
176
313
714
807
368
35
817
723
280
729
481
650
142
869
437
166
146
8
746
376
823
46
745
722
780
922
335
119
511
481
328
649
876
320
611
563
920
18
23
474
641
144
141
592
403
138
44
713
712
667
527
619
820
235
171
910
628
895
200
68
414
298
398
75
520
589
18
296
929
312
184
376
983
577
718
256
609
122
810
287
938
638
431
197
558
79
407
466
954
383
584
393
456
767
438
823
301
202
865
609
978
619
643
109
246
125
304
549
551
422
969
906
433
277
162
914
753
205
227
927
486
593
724
301
134
251
8
925
777
465
102
565
591
19
135
120
945
903
16
511
228
694
612
410
913
894
185
31
267
354
326
447
526
274
879
463
684
24
265
240
550
955
501
363
559
180
52
688
962
236
257
910
847
505
286
413
927
807
515
11
231
176
526
689
8
129
332
213
546
948
345
930
328
733
528
193
556
146
174
917
226
996
454
649
83
538
659
356
73
556
397
979
714
112
832
612
914
137
390
289
634
993
715
714
923
611
999
118
519
610
939
149
298
740
791
830
559
322
260
242
850
692
157
461
465
308
847
800
325
229
645
153
539
514
763
349
719
615
958
189
596
845
436
620
786
304
5
482
627
769
336
109
530
777
352
710
762
700
888
809
637
350
448
936
851
980
531
420
412
783
472
65
608
242
149
535
397
742
63
833
586
170
257
560
22
61
560
646
32
132
131
290
876
191
175
165
103
710
719
546
66
902
425
397
381
837
689
457
419
116
13
511
941
137
990
493
18
337
175
590
438
301
882
192
113
191
224
569
38
931
149
172
320
240
666
234
415
250
846
987
239
977
867
605
197
189
745
637
104
616
293
586
615
545
629
27
526
6
279
334
866
191
303
781
651
549
124
559
950
10
804
284
84
618
188
75
272
963
535
225
647
918
621
819
874
791
249
607
129
305
49
784
741
685
315
148
376
593
694
550
163
704
874
76
229
816
831
139
822
207
353
112
649
483
564
666
791
76
279
41
246
237
472
437
552
454
975
150
120
616
821
50
973
89
285
592
579
359
138
884
440
258
787
393
420
298
345
703
93
352
379
3
836
967
830
746
133
186
934
160
144
612
505
571
971
777
658
683
349
257
746
121
462
627
80
520
846
364
944
905
507
151
865
465
637
609
635
90
51
153
557
650
489
56
975
82
486
225
532
971
860
262
573
804
897
877
398
716
179
631
366
708
965
861
971
698
19
822
159
784
289
8
543
386
827
437
744
959
58
538
46
376
740
142
771
75
19
483
28
765
985
858
373
951
606
772
58
800
667
951
491
806
357
784
773
171
404
194
352
31
428
405
520
647
724
880
571
278
519
35
447
16
664
226
809
668
513
765
882
639
98
882
210
330
650
361
520
371
781
44
625
272
546
160
197
566
647
735
698
156
289
974
459
853
725
195
954
559
770
98
377
177
673
456
187
198
828
2
448
180
882
453
147
375
569
252
915
478
392
659
635
912
228
852
851
749
246
971
695
786
870
146
342
144
856
791
48
182
493
819
139
562
943
838
262
437
390
715
960
292
946
876
419
152
909
868
473
214
149
975
625
644
575
662
496
98
154
485
710
516
720
303
304
305
567
157
128
486
581
755
217
687
398
625
580
677
641
807
158
529
665
909
412
894
796
247
211
161
181
91
109
568
524
325
571
502
406
324
399
482
711
638
757
699
412
831
463
219
410
97
69
593
654
426
224
960
970
622
724
225
918
968
943
905
658
342
431
540
212
261
487
844
29
800
36
132
964
962
645
177
205
18
818
812
26
457
983
931
420
884
187
8
389
162
193
20
552
454
559
637
107
376
621
863
994
735
172
356
393
702
988
881
692
964
612
155
57
149
427
625
266
245
944
795
726
262
870
346
370
614
21
512
995
559
522
292
794
375
404
303
885
221
643
120
272
440
112
420
70
397
793
260
773
34
661
634
368
280
1
237
751
415
274
511
142
237
937
344
828
443
894
673
664
227
785
823
288
602
100
437
19
845
601
454
941
693
197
939
652
299
641
721
9
775
165
217
662
268
898
103
438
101
191
527
591
854
79
110
556
452
489
71
169
144
866
553
716
43
64
620
166
89
600
281
931
783
727
306
973
46
195
115
701
569
505
426
99
510
747
38
98
844
635
812
359
640
155
303
42
494
163
687
663
435
242
541
38
585
586
753
864
449
644
858
635
235
167
293
936
883
767
856
143
274
497
119
796
479
324
645
543
361
788
915
939
868
424
584
266
236
822
831
431
573
876
473
465
548
430
553
947
817
402
213
390
355
214
816
734
501
457
453
782
812
620
908
627
133
290
422
81
170
107
378
614
791
221
298
420
395
202
460
820
492
945
960
748
286
318
754
58
818
189
1
854
862
529
570
469
993
9
474
96
143
568
265
451
428
92
340
609
452
252
566
81
249
173
872
329
908
468
351
967
26
446
291
737
910
244
367
513
955
37
878
396
555
187
456
560
351
396
799
202
572
800
251
834
234
691
394
455
442
238
324
226
942
115
457
675
730
149
800
911
7
587
648
66
920
136
419
394
382
325
277
987
189
924
666
279
546
588
168
182
432
865
954
713
183
431
834
589
685
550
196
656
626
631
257
606
867
181
982
983
351
833
572
281
651
95
524
669
295
981
499
245
593
968
287
875
531
858
685
401
310
140
921
49
292
428
641
249
404
272
474
192
309
688
679
818
92
234
101
886
74
274
892
850
228
299
998
265
569
881
469
182
196
478
899
26
975
792
604
703
128
16
318
998
583
358
258
328
356
858
238
123
226
157
512
673
753
527
994
274
101
805
312
531
581
568
618
567
121
497
413
85
541
410
238
944
716
659
370
223
601
667
74
677
572
553
197
864
964
976
281
75
414
632
742
196
813
808
869
490
196
403
1
46
732
312
725
151
1
371
68
382
103
223
782
154
948
931
507
248
772
626
634
1
69
713
747
458
623
189
737
719
141
597
764
383
168
29
628
846
212
353
12
159
254
10
361
529
405
53
874
124
938
54
180
434
583
626
510
476
592
686
609
751
649
717
229
895
171
261
564
826
665
433
114
112
88
430
849
823
11
173
456
527
604
286
823
325
216
236
352
680
414
601
697
923
628
161
654
319
967
566
717
731
98
250
162
745
755
482
371
688
47
567
813
165
554
739
494
1000
776
433
55
703
166
422
515
410
264
350
166
605
103
689
567
36
529
208
138
558
726
614
561
823
338
64
964
489
895
218
752
353
222
130
65
856
36
765
345
229
225
257
619
436
775
765
422
60
454
464
483
467
644
136
144
28
396
989
66
886
111
924
126
593
591
525
764
453
330
427
826
703
399
819
796
436
288
583
360
430
651
729
513
387
740
279
143
213
746
213
738
218
598
707
507
559
869
48
457
484
467
541
365
525
947
319
619
704
802
796
552
403
581
473
532
914
623
927
619
327
924
373
526
553
542
77
818
136
524
209
653
675
982
215
200
965
514
742
999
12
116
503
203
286
721
189
718
640
16
826
189
690
153
594
647
166
566
199
808
314
304
747
522
959
787
157
338
862
700
150
718
402
621
668
552
486
822
392
972
838
762
907
306
931
732
350
981
68
881
96
0
921
910
954
639
210
649
994
876
164
172
104
21
59
82
171
194
988
326
621
597
986
546
757
187
313
378
549
133
948
811
715
742
358
314
615
36
777
710
475
949
392
762
449
348
705
913
287
968
877
950
701
358
564
704
558
144
879
824
711
850
228
60
183
681
869
977
332
945
476
229
9
986
905
836
54
9
468
844
679
328
814
894
953
157
728
949
679
995
775
76
54
802
12
920
229
27
799
575
672
995
334
580
191
513
900
247
282
572
952
516
929
978
36
103
248
355
106
314
407
911
252
832
350
392
668
851
233
26
802
60
284
750
581
517
206
824
152
596
313
210
229
158
482
233
148
744
482
244
270
478
891
572
402
800
923
890
710
374
763
487
638
871
309
968
391
377
166
246
539
964
84
823
317
640
968
393
799
258
43
520
792
234
669
12
357
964
323
28
655
183
981
44
377
657
912
808
941
145
97
730
511
914
28
976
704
418
406
639
5
569
873
601
918
491
732
39
623
997
393
471
491
292
498
104
720
349
280
892
79
182
157
729
359
24
394
428
346
593
207
394
361
84
669
43
105
536
930
21
540
586
259
547
620
94
53
637
150
362
154
770
398
171
625
997
213
618
187
345
146
382
173
172
297
692
421
336
810
507
502
624
763
693
73
518
706
892
512
438
784
325
239
130
425
707
967
115
514
972
439
821
478
585
24
791
820
558
873
691
166
922
346
815
46
967
214
840
829
779
923
339
44
880
321
123
900
966
302
229
332
167
672
407
919
177
609
94
775
801
56
192
780
146
543
652
251
335
144
635
805
23
460
736
199
681
944
357
294
33
614
518
787
449
492
62
521
455
959
497
109
818
765
652
197
930
33
965
281
208
83
959
919
8
217
54
616
336
145
48
760
584
806
722
365
392
733
939
276
829
436
502
348
220
75
280
967
133
886
143
412
478
479
795
136
702
153
555
708
465
781
404
448
404
167
619
597
734
517
852
916
883
385
589
590
370
828
220
50
1000
147
879
491
784
127
59
422
715
672
790
522
433
199
33
452
660
915
78
383
752
990
553
844
992
744
390
770
375
143
811
410
620
668
424
941
776
51
336
417
512
775
615
415
827
773
740
545
900
119
737
199
942
317
252
205
441
843
246
931
90
908
322
214
200
274
333
287
324
34
402
502
669
651
447
848
770
424
995
764
989
305
62
623
75
691
765
349
896
460
121
952
854
556
425
44
328
127
721
898
310
676
967
997
673
875
268
325
77
571
198
85
233
328
821
541
878
326
429
832
605
237
14
757
749
753
517
278
970
100
2
445
568
67
670
428
331
416
562
723
840
655
419
167
731
758
73
683
86
457
188
681
198
205
221
642
344
979
866
173
411
665
155
710
738
590
555
60
565
634
703
16
367
404
715
196
487
759
450
879
187
346
978
602
419
579
337
739
955
473
200
727
849
211
927
575
883
383
388
99
207
807
38
495
979
834
487
242
888
683
611
534
615
539
337
566
658
436
521
755
907
235
711
671
327
520
686
970
609
874
810
222
408
603
272
757
479
454
125
642
638
5
311
629
616
341
63
957
622
508
496
972
480
286
195
681
539
292
779
188
740
775
448
48
229
82
145
295
417
798
687
671
619
124
73
512
857
82
825
894
666
713
282
39
495
463
705
371
493
92
171
104
110
766
334
934
317
226
696
653
827
948
896
816
31
562
985
842
810
114
751
440
257
828
200
919
462
569
428
96
846
400
600
161
774
871
901
176
697
611
523
207
487
750
405
30
721
495
695
851
167
811
901
392
982
22
868
408
167
487
221
414
366
621
100
175
795
344
571
544
776
526
794
444
192
804
330
480
382
757
154
405
574
835
0
491
535
650
996
411
880
802
664
92
942
16
534
4
720
728
904
14
278
124
707
891
686
264
188
533
89
837
875
151
480
606
709
950
732
190
535
876
615
707
738
368
835
506
65
141
845
585
654
769
370
212
287
974
991
778
161
765
34
349
402
370
23
834
613
184
29
514
60
649
871
97
622
155
161
930
888
593
947
238
244
198
272
253
598
163
346
545
157
225
255
563
112
384
887
719
232
558
206
675
384
90
159
420
629
372
151
987
291
532
550
830
26
427
849
835
262
508
269
523
222
433
437
404
678
889
436
281
283
165
950
325
942
197
207
408
802
876
679
829
333
438
926
195
549
260
346
466
204
421
964
429
331
585
113
453
806
885
848
33
617
577
531
565
674
802
756
819
108
996
939
464
636
837
94
524
292
501
328
311
174
892
913
531
185
614
936
415
32
746
720
510
811
773
869
92
348
49
763
640
924
739
298
561
648
888
291
493
136
365
270
659
958
483
608
592
358
660
195
917
456
887
191
534
845
1000
465
318
767
922
197
672
550
378
448
441
588
587
30
805
423
72
26
455
373
864
497
191
149
334
773
240
945
94
887
689
892
181
732
722
561
507
779
744
753
864
457
817
503
979
779
921
160
782
507
299
599
273
774
401
258
926
662
264
195
728
644
841
60
714
401
761
394
466
705
173
696
88
774
790
740
474
279
854
759
124
796
183
315
529
643
789
316
725
501
845
467
985
581
885
856
199
113
488
23
34
394
97
478
208
962
648
942
325
492
374
882
674
561
753
296
81
795
266
416
697
43
907
789
640
32
734
247
712
362
879
446
817
70
618
392
530
699
276
316
90
391
276
537
475
117
310
351
158
663
712
521
281
627
823
548
570
79
797
869
267
222
296
282
727
380
918
396
626
513
8
371
435
432
644
721
780
629
283
321
94
166
554
586
654
235
358
369
962
553
300
286
353
210
497
655
518
249
407
380
7
578
774
