43
175
599
553
49
832
842
374
18
671
328
971
717
965
665
702
667
504
635
763
228
995
929
632
891
782
518
347
316
165
868
917
217
833
924
704
624
199
795
747
990
576
871
222
941
946
640
504
560
703
926
33
57
688
631
970
809
648
688
564
366
769
661
667
49
541
590
316
251
615
306
519
856
362
42
83
193
482
107
970
974
549
333
171
347
195
360
287
442
67
504
801
38
610
788
80
962
0
562
572
105
4
986
315
872
596
65
930
997
721
336
540
27
657
870
465
888
69
697
296
168
153
606
706
630
303
323
320
239
270
228
867
119
491
116
668
741
408
674
416
160
8
534
509
970
735
448
686
753
268
899
27
225
318
149
880
197
127
343
605
826
915
229
611
248
394
988
165
294
756
236
415
458
90
852
343
436
261
26
145
777
944
751
421
770
801
921
731
25
826
869
59
583
588
838
226
734
433
826
305
753
631
431
281
9
645
175
300
986
276
399
846
612
647
455
532
881
610
18
91
745
540
654
396
498
984
168
351
313
524
333
434
256
589
305
115
632
544
336
812
830
384
733
800
608
924
947
264
967
319
381
332
215
345
867
238
479
352
378
109
804
515
416
281
807
750
215
298
494
592
163
424
779
224
971
32
729
659
103
639
417
593
313
308
587
510
941
526
562
513
995
633
724
183
923
687
857
0
92
424
724
995
164
3
356
527
958
522
633
259
274
320
216
601
164
94
498
706
987
112
433
51
646
539
937
238
970
344
454
588
972
43
268
419
789
592
946
793
580
522
801
1
17
558
270
607
391
38
410
329
322
432
440
382
744
191
6
791
554
590
95
525
992
777
570
197
488
551
322
351
302
506
469
94
95
982
345
377
21
709
538
650
2
302
316
13
332
700
844
678
204
345
876
127
601
667
89
329
918
151
183
564
484
694
632
208
743
599
921
301
187
420
857
926
21
918
452
427
766
660
321
872
862
178
338
802
824
36
846
537
413
984
877
92
1
582
102
412
401
271
73
273
598
970
630
553
848
61
895
464
765
410
131
807
203
504
887
458
314
687
610
419
311
815
882
956
364
355
186
240
984
971
803
752
534
696
143
857
156
422
816
526
833
775
193
317
114
119
581
100
511
169
653
297
623
464
63
148
391
209
682
358
81
51
228
21
646
95
705
361
562
11
306
788
371
324
245
964
684
936
402
767
482
782
322
893
364
928
474
551
741
620
735
161
284
246
661
138
158
739
647
785
684
750
585
250
825
376
782
443
475
713
191
323
609
304
196
862
960
521
557
285
440
747
457
915
126
611
267
985
342
145
58
716
815
142
789
947
477
259
793
385
257
859
974
406
109
734
142
54
574
203
351
299
296
765
243
138
84
371
401
6
363
585
583
1
723
338
447
742
719
994
348
878
478
892
902
744
40
876
785
250
840
51
874
105
750
123
782
226
633
76
543
685
435
808
355
358
379
339
743
532
512
136
750
411
848
654
46
96
36
958
564
634
335
989
475
780
552
699
513
766
192
184
563
800
875
844
64
700
495
258
987
43
924
466
582
408
22
425
342
527
833
749
887
848
107
585
689
904
290
169
171
276
386
473
250
222
574
407
893
134
191
326
673
299
64
507
192
750
332
805
170
659
4
501
239
202
676
260
441
414
660
435
244
474
48
630
522
329
526
21
573
172
856
417
156
92
417
795
744
455
111
510
246
681
702
419
74
938
973
284
46
548
662
875
244
210
481
927
478
326
773
633
599
521
553
254
449
574
300
556
362
4
899
634
263
814
384
248
925
961
195
835
477
312
405
616
973
62
196
16
817
245
250
994
485
80
555
414
746
400
609
820
728
543
175
917
981
372
409
954
553
640
484
413
359
540
834
801
252
9
911
196
684
153
679
808
771
157
605
849
104
583
810
836
72
412
894
153
138
911
915
246
274
743
185
426
444
894
470
520
664
227
813
83
88
888
409
530
16
984
918
157
972
906
476
70
591
90
480
578
542
342
407
585
160
236
117
133
404
541
408
410
813
557
298
675
959
906
572
358
808
992
915
995
245
713
755
266
561
783
35
215
713
141
704
174
43
752
776
908
303
475
111
792
855
33
234
876
612
170
935
505
280
807
696
453
153
384
898
386
225
358
928
528
296
288
723
175
571
115
923
975
595
522
352
530
441
362
165
385
758
473
571
135
536
928
624
946
376
657
728
136
908
619
673
301
65
592
490
286
621
821
465
465
653
536
9
441
245
441
372
337
27
905
925
426
758
579
742
1
980
509
646
503
424
31
786
699
978
953
808
691
622
292
844
99
239
145
269
621
492
306
342
454
173
853
219
35
621
915
299
794
160
274
156
159
351
995
255
1000
114
246
380
525
27
151
912
709
247
863
687
379
901
720
35
571
874
270
577
901
561
756
279
610
769
321
336
55
816
367
482
126
950
237
953
466
784
419
991
771
485
177
128
776
479
373
351
906
928
407
900
175
829
591
346
323
574
317
101
358
970
146
869
322
142
928
113
673
653
313
613
350
153
669
561
617
257
96
663
522
527
77
724
967
435
102
162
451
473
229
475
514
457
523
757
741
477
678
817
259
627
248
780
889
375
220
264
456
287
442
551
867
314
394
893
452
618
169
67
890
17
116
522
919
739
149
227
856
863
354
61
616
252
37
700
472
129
272
150
63
116
368
64
500
792
505
827
497
964
73
876
858
413
275
677
247
241
816
303
314
395
914
218
141
93
430
788
509
321
304
177
224
638
26
198
362
587
649
315
717
21
25
605
482
993
894
213
391
736
241
948
84
560
613
965
664
479
630
933
51
505
621
139
467
178
233
415
979
779
99
719
735
157
433
10
740
274
396
714
256
959
607
860
42
968
478
82
343
20
983
227
266
367
562
939
806
412
740
653
253
570
695
712
660
968
635
525
988
637
773
133
963
200
761
213
123
414
894
929
233
89
291
708
169
509
31
47
736
508
490
789
1
291
305
598
818
599
637
317
431
378
840
466
646
506
214
857
697
558
276
699
461
346
292
411
423
660
495
517
28
127
96
908
93
456
895
730
74
488
374
498
658
188
713
343
921
210
680
375
456
241
78
428
841
473
121
787
805
735
718
28
146
12
100
95
43
706
933
295
252
298
715
650
104
676
807
175
416
672
795
561
473
166
314
256
728
174
376
286
673
509
499
43
354
401
711
851
746
601
980
855
181
512
720
297
852
312
836
271
448
742
603
148
669
958
91
100
166
649
320
565
36
677
732
130
343
287
597
408
679
562
896
275
913
839
857
967
566
488
75
721
406
352
606
608
877
629
758
779
476
179
885
694
15
325
77
959
610
219
95
209
969
195
576
529
37
71
783
859
557
984
366
244
364
135
974
617
776
112
284
419
726
8
459
273
845
930
288
508
604
503
943
167
852
500
5
368
570
231
827
649
252
500
318
611
882
72
68
59
369
471
880
721
201
463
836
317
611
888
625
863
256
466
867
873
418
596
679
973
68
626
39
219
926
602
633
955
58
368
660
762
97
153
111
756
200
570
3
573
44
457
438
946
41
725
201
917
135
794
442
37
835
323
345
656
233
33
311
723
212
256
972
286
721
531
582
372
503
701
616
734
991
609
378
254
387
655
536
569
589
260
916
362
126
677
865
785
945
671
389
463
878
518
634
403
647
364
926
585
371
723
258
962
144
382
395
861
464
389
67
833
740
84
280
850
212
330
913
106
682
39
729
566
603
430
470
822
865
70
871
657
81
260
978
890
315
531
736
942
196
141
719
921
137
747
16
714
373
683
736
858
973
326
492
729
213
558
971
256
10
456
179
279
389
224
956
96
695
670
212
775
251
827
77
252
239
647
169
4
106
895
983
220
668
839
876
754
955
754
87
830
570
455
914
129
800
551
836
364
586
67
197
421
779
176
663
186
824
309
345
143
394
412
27
845
262
807
902
282
881
97
908
670
672
449
962
311
299
462
663
212
674
915
366
840
678
943
191
822
578
386
450
862
494
969
851
854
365
116
631
795
0
488
244
578
33
418
247
712
889
675
944
102
492
261
426
296
594
641
514
726
774
242
160
462
882
57
954
312
701
779
211
346
66
581
784
360
12
526
992
319
518
458
849
703
692
344
646
370
390
805
208
880
329
841
773
355
780
929
443
757
843
459
830
831
582
56
199
232
290
326
244
963
682
838
953
418
300
790
391
270
206
523
518
529
11
533
825
788
158
651
888
666
275
215
439
982
58
616
571
147
986
765
89
778
91
864
818
595
197
84
530
254
664
376
89
600
703
122
212
581
204
255
787
254
539
289
351
106
963
986
904
795
8
176
440
537
676
610
880
787
907
902
757
946
604
970
292
487
665
7
334
398
648
857
572
679
609
782
648
352
39
914
874
276
708
82
977
792
641
172
299
754
537
568
68
278
879
194
635
793
273
771
948
474
907
61
74
834
257
189
502
235
249
170
350
430
487
599
474
993
939
934
110
257
842
538
22
554
87
702
84
326
757
121
315
678
675
502
853
552
691
453
593
314
299
816
135
566
661
764
3
367
5
36
600
207
423
184
212
858
312
694
540
633
985
691
525
394
129
829
599
612
437
113
690
991
175
666
960
671
393
798
144
516
230
646
663
777
265
743
57
169
381
868
37
672
679
231
233
906
193
985
470
57
405
629
865
30
551
297
224
468
698
521
361
610
543
212
185
84
201
632
277
780
873
207
604
930
675
156
389
275
275
404
287
77
883
114
221
249
111
101
521
153
763
669
91
398
621
214
188
452
444
663
890
555
579
454
401
779
926
265
245
464
262
603
801
601
743
813
690
827
553
701
112
862
566
637
399
995
93
354
890
147
586
36
477
197
572
904
788
858
24
544
85
213
320
798
431
555
767
147
238
256
792
269
189
673
261
209
850
827
340
684
439
436
539
343
654
516
876
343
790
8
153
841
552
633
570
21
56
14
589
140
925
132
756
2
875
668
852
560
574
894
278
217
916
526
656
95
129
894
54
114
627
755
137
393
57
408
671
594
959
794
690
529
313
890
852
326
488
867
455
520
794
829
251
788
65
835
344
194
114
553
364
786
451
352
122
888
311
60
706
64
613
175
668
116
795
537
975
13
749
500
304
310
236
310
142
455
832
248
656
198
917
288
333
745
346
532
428
609
853
955
301
271
162
650
293
949
324
658
763
65
573
532
11
335
458
591
320
834
85
596
493
525
876
737
240
401
531
699
223
760
988
761
830
869
947
650
130
875
155
469
602
240
72
74
774
597
576
822
367
559
104
178
402
779
157
901
580
392
480
998
264
200
383
522
882
474
233
344
914
725
842
703
892
115
497
37
699
283
9
934
146
291
886
768
779
218
230
566
597
174
276
777
951
915
473
116
794
259
432
844
702
921
498
725
719
761
821
476
744
972
946
697
469
183
568
343
871
963
329
149
545
225
726
593
61
73
992
736
388
152
937
731
724
74
275
740
977
533
417
182
716
364
192
250
694
469
748
826
834
581
784
377
896
253
302
209
962
443
499
408
760
636
547
59
267
390
149
527
246
548
595
420
65
350
63
43
128
348
159
874
409
977
485
818
870
46
145
861
659
238
591
531
224
685
727
296
527
788
400
441
385
210
591
866
96
678
436
362
828
571
793
84
452
762
830
140
964
889
857
989
14
801
692
282
579
561
401
704
816
785
600
673
471
682
840
726
223
547
752
334
597
177
979
530
465
416
308
325
96
820
437
506
265
865
994
737
367
285
898
160
292
82
890
786
855
411
439
620
243
488
749
927
249
699
39
489
797
69
973
456
997
434
85
3
236
815
782
754
412
697
473
814
233
242
706
119
843
136
422
639
67
480
730
943
82
957
962
709
649
509
645
191
606
83
664
73
189
962
111
820
221
333
846
279
294
12
49
651
752
87
751
346
721
630
297
764
349
794
401
618
131
914
976
28
352
406
235
983
916
472
396
470
582
77
136
324
245
265
691
663
649
519
317
980
346
963
85
608
576
811
208
907
674
852
179
834
674
536
258
737
641
170
22
343
27
308
660
507
971
530
759
546
79
973
681
45
197
631
87
532
301
161
633
417
353
811
238
990
227
422
922
549
915
66
265
181
309
161
133
273
737
990
415
998
74
276
597
728
911
176
537
435
18
759
389
519
622
670
228
774
946
244
283
836
194
30
905
37
925
59
736
596
657
219
854
349
676
754
753
150
972
327
22
52
497
538
119
466
256
701
260
41
714
468
392
960
258
587
282
65
121
714
310
332
962
920
100
713
408
14
765
703
245
671
907
430
194
192
870
41
205
827
6
693
431
378
435
15
58
182
305
732
155
330
367
870
260
239
477
569
543
692
387
190
446
717
639
983
638
966
144
709
3
363
174
523
7
958
792
574
337
122
176
607
503
666
142
538
541
190
341
973
98
444
629
887
935
629
178
434
516
129
586
135
34
282
565
376
41
5
778
615
542
900
666
362
121
971
9
344
115
438
406
818
312
213
107
537
921
431
574
878
323
179
827
461
594
209
747
667
937
345
369
385
911
866
575
983
983
313
271
296
200
305
891
838
433
172
429
96
994
599
911
451
504
695
372
298
824
898
117
712
52
825
743
544
855
824
270
24
66
725
428
344
130
768
577
870
192
577
335
989
328
202
98
662
782
751
451
934
454
284
109
75
227
781
739
16
371
172
209
679
45
320
910
910
89
665
76
531
333
911
767
315
744
763
85
324
835
175
696
658
388
902
717
486
844
638
395
876
836
229
90
180
865
442
813
621
641
18
768
338
80
944
328
444
438
661
381
624
614
620
402
703
113
734
763
717
972
515
149
460
477
969
706
606
218
249
165
49
197
243
388
850
880
735
86
891
461
670
792
56
292
959
860
243
234
889
840
380
693
880
165
50
164
21
144
398
20
866
457
765
818
143
916
732
184
103
772
171
447
10
691
218
786
359
964
452
470
867
104
192
100
164
744
605
355
876
795
45
459
499
47
753
145
442
419
221
463
887
520
10
204
767
749
19
25
537
332
183
917
87
275
915
243
618
647
347
414
474
874
140
940
110
22
261
468
991
532
928
400
215
926
336
391
412
668
470
158
703
254
23
788
95
371
206
708
982
772
179
294
351
368
115
87
896
400
955
924
28
658
236
165
709
513
286
250
339
512
423
346
827
948
240
410
91
237
507
772
286
742
472
59
228
91
239
598
126
333
965
294
718
291
170
937
541
209
205
671
333
848
568
700
695
559
98
493
933
224
360
252
849
848
806
421
954
157
358
59
839
966
163
682
610
962
324
642
645
402
171
921
568
67
905
139
321
906
544
327
130
40
678
923
216
44
232
410
559
976
892
134
557
48
362
835
911
497
868
426
505
411
944
853
139
867
801
272
804
998
256
851
321
164
153
564
487
484
743
231
672
523
894
169
625
589
580
880
217
555
810
711
569
691
13
965
268
501
201
453
938
778
858
115
63
901
846
973
313
986
804
675
106
73
460
55
881
465
42
529
519
561
999
606
368
422
554
604
830
527
358
577
602
854
442
23
305
324
657
367
310
297
85
645
65
727
265
636
184
278
712
404
724
31
857
291
190
187
265
232
355
533
157
966
167
29
575
856
119
604
795
302
645
364
996
162
409
91
613
501
948
771
757
711
600
256
440
107
819
30
466
958
32
937
530
213
294
777
499
274
765
205
840
491
37
799
353
156
121
867
856
253
813
878
759
772
632
615
320
936
587
395
273
472
645
984
777
930
400
495
193
792
627
894
679
187
173
878
982
347
108
313
447
712
237
996
830
288
369
522
702
139
854
658
949
583
954
160
240
676
454
519
108
31
10
204
568
130
554
604
908
894
401
200
680
710
174
394
759
76
77
427
364
565
735
389
491
5
318
309
164
289
921
112
372
2
345
293
546
273
439
853
101
539
479
917
424
827
864
66
277
332
618
135
662
69
898
827
636
43
752
572
308
563
550
734
585
560
453
822
547
112
109
225
740
144
890
357
386
595
567
409
118
836
565
694
315
995
240
139
531
111
925
125
797
563
853
980
345
203
339
279
551
99
874
458
0
947
161
979
377
353
570
276
690
14
826
504
829
164
476
693
61
742
897
708
126
576
890
171
403
19
136
455
642
430
323
279
740
35
149
802
253
598
919
928
875
407
228
5
601
411
549
252
581
110
382
622
574
900
217
298
771
474
366
170
213
47
811
286
17
879
429
411
504
163
206
817
288
670
520
934
79
526
483
781
653
978
753
470
518
578
679
749
877
677
208
341
557
379
710
276
368
326
167
426
664
41
526
61
963
307
838
589
547
838
533
434
252
751
504
151
441
876
404
373
146
58
493
916
215
128
418
240
62
810
188
27
637
766
252
980
927
471
181
834
659
628
976
774
150
419
318
129
403
801
17
954
687
693
711
877
895
952
623
835
781
408
237
962
634
87
53
288
155
895
1000
565
848
722
374
290
263
619
737
167
300
111
433
936
868
772
741
565
78
251
766
912
944
49
714
5
973
34
86
428
357
223
866
244
445
367
581
933
983
365
959
590
339
577
583
701
942
598
322
827
887
445
578
464
704
41
613
769
810
587
798
981
389
422
745
159
828
353
207
791
167
729
100
757
95
920
428
556
430
592
175
334
219
694
550
469
366
807
381
157
874
739
923
720
903
100
523
839
211
951
357
413
152
218
672
120
984
137
212
744
58
552
85
324
607
850
193
45
762
617
854
374
470
230
689
353
700
247
947
698
651
916
215
277
211
665
307
639
728
714
675
700
495
865
24
804
158
835
574
241
874
655
994
660
273
755
876
517
316
701
210
658
305
12
197
266
90
543
560
361
156
346
844
999
615
822
884
606
554
994
721
563
948
158
682
611
0
811
758
780
761
152
372
937
908
962
5
721
477
177
375
637
672
11
298
673
294
303
414
393
578
951
8
658
908
539
192
326
2
588
426
641
452
669
879
847
766
288
629
385
798
7
620
111
516
904
581
953
823
568
24
598
327
809
42
896
885
794
924
1
678
549
198
2
342
964
628
467
26
677
551
462
683
853
18
733
34
227
317
204
488
990
41
949
735
686
449
49
10
33
723
334
526
112
685
490
795
602
113
709
942
882
544
822
706
646
482
10
884
673
363
256
258
56
920
271
368
917
144
557
830
281
299
646
887
237
779
131
381
467
748
780
69
347
932
736
913
437
784
752
556
409
123
601
837
636
31
155
575
318
802
582
623
612
19
496
674
835
134
622
671
145
335
921
341
794
265
202
553
125
615
63
917
620
27
928
605
712
613
23
542
248
646
425
878
12
636
538
641
95
692
380
914
281
602
201
994
424
121
619
616
519
589
145
607
706
735
593
207
853
347
329
89
490
396
584
554
318
91
724
645
895
150
963
95
633
130
255
106
394
157
581
767
11
915
702
906
343
249
618
705
801
516
621
82
897
61
485
551
747
656
305
853
917
234
387
613
132
694
485
595
931
728
347
408
110
985
266
663
429
541
485
627
354
585
684
225
480
669
487
242
627
315
831
535
533
687
71
393
502
186
387
482
418
274
111
617
440
584
935
303
339
131
344
975
219
409
930
326
58
9
881
208
140
182
679
273
657
806
630
779
906
424
226
833
49
462
261
739
533
416
835
93
464
564
745
223
219
972
537
504
933
421
621
233
848
495
259
279
153
383
344
316
559
85
358
346
234
247
584
267
242
783
662
401
676
878
227
523
26
703
983
979
90
741
595
842
689
675
284
813
638
232
955
554
590
32
912
767
600
401
66
695
801
169
672
640
594
927
204
761
428
632
572
76
593
353
151
231
189
271
557
237
734
457
604
452
975
252
576
207
314
396
890
721
556
716
421
857
850
796
550
30
591
706
910
169
188
138
774
75
783
487
383
488
285
915
366
239
71
388
871
90
501
520
634
254
499
954
498
673
762
651
67
633
797
264
635
730
637
265
407
516
225
653
901
343
411
755
512
554
86
5
81
678
292
85
815
408
208
276
585
755
192
621
964
75
706
566
948
338
446
189
664
903
181
547
809
416
186
148
712
772
340
791
592
600
40
426
405
503
376
791
398
402
220
123
904
602
831
730
145
882
75
859
820
792
165
811
103
428
694
289
363
211
800
562
549
532
639
636
782
331
74
199
954
489
937
394
220
869
533
325
760
351
793
511
881
211
542
475
83
407
31
128
999
660
16
582
197
519
668
831
250
892
18
126
93
200
649
367
177
533
83
255
685
315
818
670
719
867
319
490
608
221
986
906
347
644
450
241
18
648
988
413
313
390
247
585
165
616
945
587
971
460
337
397
581
178
853
619
672
464
623
462
572
578
615
620
69
366
619
793
382
377
937
74
875
769
175
245
405
335
95
34
725
454
797
701
203
450
612
664
270
652
160
861
697
288
997
822
493
973
947
467
899
269
74
472
565
382
865
697
757
322
918
772
232
58
281
560
810
420
291
397
183
550
286
600
3
208
420
819
404
136
239
561
534
399
501
871
885
851
697
860
788
384
444
617
482
494
787
29
16
541
101
641
803
485
733
196
812
828
397
679
992
683
623
558
495
8
269
972
61
207
226
635
365
899
720
151
127
980
894
756
209
45
732
565
661
727
821
81
5
946
977
756
376
169
132
860
347
381
178
559
987
222
66
253
123
86
742
504
283
680
296
838
338
271
92
37
749
278
511
874
766
936
428
428
873
364
652
731
953
905
42
173
486
870
0
396
261
269
315
565
202
699
71
498
650
392
104
7
722
352
353
524
574
540
502
360
463
504
183
354
944
279
890
380
50
599
400
608
71
78
668
981
596
877
407
616
221
424
700
920
435
103
805
432
472
812
699
712
326
504
104
305
310
306
27
502
99
798
751
349
614
988
304
952
578
263
609
198
896
692
501
240
879
155
909
122
70
905
792
930
39
279
381
549
813
892
451
413
517
329
653
738
248
571
476
170
724
112
832
697
613
154
201
723
30
872
87
512
7
286
510
482
381
955
152
705
508
987
696
483
322
259
615
754
427
243
918
884
537
886
139
165
345
548
650
615
9
290
613
701
490
789
64
126
319
329
612
49
283
911
518
367
993
865
468
296
373
464
109
94
663
516
916
838
96
246
239
247
864
922
668
652
284
823
943
115
493
940
601
513
57
558
682
10
676
155
422
183
871
61
16
831
201
879
456
546
232
930
847
914
99
482
490
982
460
369
379
249
941
794
601
889
844
662
172
850
448
555
802
360
269
704
85
142
453
850
373
102
621
853
92
194
364
162
491
228
380
252
296
92
427
843
417
417
895
795
721
876
318
753
311
429
951
631
39
366
853
453
456
650
957
171
83
224
27
357
668
55
976
132
159
227
116
977
233
938
86
840
805
837
489
851
770
114
390
925
820
334
561
244
549
250
236
289
405
365
863
669
396
516
209
775
916
261
372
354
878
737
62
45
917
238
301
216
846
62
833
505
113
694
141
924
669
358
282
244
923
62
306
907
169
113
135
989
995
355
222
546
763
965
766
503
498
140
821
365
589
841
87
868
357
58
86
460
156
346
423
178
452
725
525
351
327
684
581
219
838
633
624
595
418
690
969
348
5
624
516
814
428
611
525
344
469
121
822
500
993
980
78
13
89
47
817
756
121
512
198
955
574
299
734
277
546
842
210
82
907
265
785
285
642
722
80
374
850
71
701
894
541
413
968
305
880
544
680
548
122
744
676
52
405
790
108
315
375
65
389
50
622
927
487
711
624
176
194
968
176
384
277
496
220
927
108
448
147
693
541
895
548
444
527
678
220
355
763
369
838
336
173
904
848
24
617
961
146
573
928
713
343
27
504
306
151
515
83
617
699
789
23
169
462
334
568
102
656
477
382
840
922
816
263
927
501
203
633
909
834
491
111
34
729
523
793
858
249
241
772
620
823
619
624
950
576
262
382
171
360
452
51
331
258
319
718
923
242
659
658
371
954
575
876
727
989
681
961
829
599
882
352
105
554
260
91
288
185
996
910
569
463
808
844
921
596
525
366
590
747
346
744
839
624
185
915
364
728
274
753
164
609
72
568
293
678
811
313
912
966
426
861
820
580
623
708
361
61
295
864
938
907
245
878
71
813
278
749
153
566
423
377
222
596
372
459
716
723
393
108
816
236
102
774
284
69
999
315
145
367
882
636
549
360
619
976
769
397
994
405
614
136
945
176
360
197
729
366
274
703
152
225
405
637
495
222
166
305
59
476
970
870
664
937
376
496
759
618
307
574
863
1
102
757
7
955
616
223
480
720
707
113
255
609
825
188
461
76
976
878
426
459
2
775
204
584
946
446
709
850
332
186
544
956
342
554
4
447
26
807
355
194
61
461
894
872
423
820
721
565
329
123
531
200
355
670
664
428
93
828
542
850
163
456
615
719
840
342
353
56
39
460
269
83
758
738
280
289
757
516
180
156
946
865
571
567
345
256
180
885
760
4
614
524
328
190
307
837
469
212
761
850
106
72
998
187
993
414
653
868
589
907
400
148
854
196
496
623
27
350
696
930
990
822
570
178
90
840
245
887
944
738
953
356
620
385
499
132
125
976
535
479
419
264
65
666
921
434
281
832
661
883
130
577
134
139
21
50
656
443
177
482
287
709
683
504
179
786
331
845
299
389
946
726
159
921
518
336
856
375
455
854
184
899
1000
932
653
31
922
309
437
680
38
61
154
459
458
686
857
243
499
815
758
369
454
609
723
642
491
413
469
828
303
281
538
826
4
601
578
587
192
55
583
347
624
631
248
274
343
694
192
845
871
564
320
111
390
61
229
253
637
387
882
85
869
636
601
938
974
24
779
641
571
584
920
356
913
228
107
187
627
514
408
585
497
182
910
296
841
478
742
487
999
579
53
185
749
106
728
155
124
468
703
982
288
593
10
467
275
718
643
243
682
67
458
780
292
582
23
145
974
388
56
664
744
134
313
650
768
78
211
719
859
700
163
938
126
238
623
87
210
472
542
704
110
675
772
654
354
449
1000
301
658
48
915
480
226
237
771
12
834
337
820
44
441
850
283
794
97
81
734
206
867
483
129
846
802
115
188
752
641
560
11
950
578
585
264
279
662
368
902
760
81
659
790
866
55
550
763
107
31
613
262
725
319
249
36
424
402
103
77
530
297
196
811
761
178
853
787
725
450
305
288
919
671
163
300
563
10
789
933
657
251
517
125
128
764
95
264
680
377
752
960
26
327
734
252
884
454
636
845
124
851
921
823
736
578
488
4
366
801
62
905
966
896
678
186
17
318
646
859
864
419
636
88
191
922
845
498
953
366
118
798
636
309
591
233
941
271
879
24
885
783
958
895
42
69
850
983
636
963
825
234
977
510
731
455
28
130
501
346
878
221
684
422
325
399
51
827
270
715
307
160
107
497
832
487
169
428
775
582
815
125
381
115
969
653
473
463
454
190
975
375
522
289
644
492
581
345
275
274
686
953
409
213
343
79
132
576
320
917
336
203
28
831
838
330
69
876
967
517
760
728
363
265
25
394
979
990
906
765
859
561
421
524
490
662
813
382
346
365
271
236
610
63
602
553
278
546
255
758
714
699
561
229
535
65
745
116
597
839
976
932
168
773
928
725
49
986
848
852
252
957
489
849
134
322
239
365
879
740
455
842
947
827
646
632
452
608
786
326
134
170
258
773
867
305
141
670
252
77
632
592
198
969
719
767
318
346
230
520
320
994
875
489
296
661
859
0
108
620
266
915
570
852
659
609
449
661
274
701
460
564
731
155
828
915
656
761
31
974
37
667
112
490
466
818
324
964
953
50
798
345
253
533
399
957
141
411
439
443
756
449
966
281
557
160
613
621
537
626
340
249
181
841
329
725
136
500
789
642
530
364
377
190
96
118
994
501
840
281
664
36
498
97
464
802
903
676
797
223
819
443
448
690
355
734
76
32
333
170
379
873
575
233
268
77
359
633
183
973
947
239
40
989
689
56
109
107
942
428
448
488
174
789
17
19
573
695
24
584
192
282
923
771
185
283
925
562
882
796
935
65
827
696
257
97
472
26
458
921
697
264
200
495
83
790
643
637
493
197
408
393
656
576
234
397
574
855
365
774
459
878
204
211
168
980
828
589
264
258
793
696
306
693
192
160
183
598
586
209
623
634
494
310
88
755
267
545
804
619
435
417
162
645
822
251
830
20
39
940
703
233
266
304
286
607
183
239
184
592
37
81
852
525
378
760
399
605
170
218
581
696
750
35
15
885
342
30
463
458
267
260
435
248
758
350
6
561
438
329
485
499
386
802
448
574
191
273
711
673
24
360
199
598
488
12
318
203
721
601
423
531
925
498
329
566
549
910
477
760
49
334
493
9
419
924
998
347
890
689
426
994
576
650
126
697
393
568
591
169
109
954
856
396
986
913
261
795
115
739
296
536
410
793
365
365
388
144
265
595
468
214
370
160
765
977
617
816
770
29
362
170
327
555
551
867
724
868
593
771
600
592
706
674
474
288
7
303
944
431
598
663
214
102
438
49
466
168
105
372
222
501
911
86
387
340
943
884
978
298
432
355
341
902
61
19
231
243
275
641
934
690
457
347
514
975
480
503
954
791
873
235
125
724
467
349
705
923
316
39
882
247
634
695
610
837
42
668
233
714
569
897
135
769
686
571
519
291
564
711
228
86
314
398
209
274
803
149
421
916
277
113
871
329
535
697
812
508
27
514
596
271
768
670
994
520
977
912
946
823
296
90
425
34
943
247
975
778
380
703
550
878
134
217
944
733
958
819
344
498
925
432
999
120
706
317
149
470
931
71
810
444
768
81
144
86
649
555
751
490
464
979
829
836
988
175
395
754
732
13
3
597
79
891
891
41
496
690
909
618
204
940
954
602
24
677
382
633
174
283
164
977
10
504
398
495
845
676
824
259
438
520
521
63
893
548
548
386
995
457
774
169
631
529
991
850
385
100
335
9
904
253
877
645
251
825
858
562
832
793
915
221
874
337
292
837
206
919
75
878
279
45
914
802
360
510
889
50
655
654
393
818
280
471
112
474
635
982
474
685
656
790
863
186
582
15
908
121
650
705
819
284
701
374
429
400
454
943
595
433
647
605
348
804
447
802
190
813
360
304
916
985
937
790
688
10
121
333
890
532
29
733
744
475
301
181
350
318
559
806
942
540
394
39
925
983
606
35
667
54
369
409
312
786
141
100
976
183
529
152
427
158
0
221
587
162
662
697
374
325
700
676
528
749
414
535
40
46
337
83
723
962
619
670
723
358
591
889
78
504
62
827
170
823
68
572
649
895
850
440
925
720
19
846
727
545
498
223
546
893
600
308
776
136
18
750
609
443
982
246
708
876
520
205
639
293
382
49
527
795
145
217
295
214
36
729
531
721
390
729
959
419
471
671
341
959
489
68
158
780
658
651
344
983
388
953
612
276
679
837
383
92
109
327
242
990
858
606
701
438
378
963
725
940
874
783
227
238
964
806
694
995
280
503
503
934
694
493
470
483
336
509
679
59
254
92
450
702
498
938
299
903
702
125
223
501
378
446
811
772
62
957
735
505
159
62
320
91
420
273
324
564
114
31
172
602
634
390
273
210
558
842
685
957
83
174
28
623
139
318
764
515
214
276
998
616
982
775
172
452
293
26
213
848
829
23
186
200
991
851
995
585
16
828
311
219
786
562
117
502
957
718
529
738
800
748
333
894
754
949
530
583
584
717
315
193
732
25
872
645
342
133
359
364
234
530
663
209
27
86
661
336
478
614
172
280
947
700
319
115
394
73
631
630
721
653
531
873
400
441
620
94
191
650
983
765
893
502
263
225
35
509
763
0
735
633
998
90
265
426
200
468
671
767
71
103
202
580
429
364
50
589
443
17
787
370
471
268
843
689
458
936
993
615
456
842
604
793
402
422
907
774
621
405
728
302
954
828
482
853
244
147
488
184
124
251
124
17
569
772
527
693
897
580
886
7
706
413
875
501
82
902
182
612
952
587
830
607
205
934
231
527
143
114
426
593
272
679
153
340
213
641
764
502
524
505
393
518
879
269
126
820
299
727
739
568
700
86
822
1
54
716
925
475
752
159
899
838
3
549
628
376
12
243
221
30
114
102
201
529
803
849
641
733
81
936
646
555
835
978
462
928
292
720
992
856
834
851
112
804
55
688
258
387
294
95
214
48
477
394
12
183
235
117
759
554
284
876
986
514
254
806
355
281
745
389
81
793
611
761
332
89
668
496
969
722
999
712
642
513
453
450
213
911
601
987
461
843
330
999
586
139
260
529
488
818
64
477
647
228
240
875
732
359
913
475
492
220
52
817
312
243
242
974
1000
632
256
309
582
224
938
124
25
681
348
372
431
948
204
311
93
126
13
440
331
258
158
705
248
746
50
75
354
978
815
446
518
826
487
407
334
773
124
589
96
615
946
234
137
735
414
588
46
208
946
857
536
762
70
366
672
183
990
891
275
373
702
718
666
989
511
77
309
424
473
891
871
236
411
489
465
374
508
48
937
220
987
787
598
296
146
950
205
707
325
869
494
951
470
481
83
643
213
56
687
35
598
43
901
600
35
717
332
505
334
332
617
195
220
570
884
883
386
52
247
985
916
561
485
148
780
264
161
803
202
818
287
118
944
961
695
514
509
967
561
366
305
330
750
188
193
285
671
258
145
844
207
766
345
991
628
533
58
642
507
772
695
511
48
574
986
597
564
80
513
969
565
850
660
93
682
13
646
951
292
756
82
597
242
498
68
650
158
589
828
86
4
669
899
290
493
431
296
751
511
684
602
715
398
33
672
721
39
774
721
56
254
362
357
896
992
448
531
974
423
458
378
586
19
579
420
719
52
902
686
320
547
204
523
614
229
859
179
415
931
64
228
35
384
722
754
692
841
168
51
871
148
407
565
291
138
137
66
362
7
325
850
782
697
811
224
808
79
182
788
687
946
562
701
321
888
662
558
983
925
177
407
454
913
357
805
869
220
740
305
257
491
696
727
712
205
959
314
381
84
990
726
415
687
909
77
495
882
78
888
398
860
73
307
309
938
887
815
618
345
333
540
589
545
397
818
736
796
596
72
420
285
186
463
792
974
297
958
669
538
845
157
614
745
215
393
228
30
227
873
413
74
92
102
808
529
735
449
845
207
225
501
158
785
67
560
374
639
946
406
367
673
432
79
410
956
719
705
946
642
474
294
438
510
276
521
307
449
138
250
870
187
841
476
360
590
321
612
766
998
93
416
852
482
495
195
403
84
987
12
932
811
905
221
511
445
841
727
214
428
695
146
215
174
255
597
202
562
816
42
673
847
2
854
323
10
816
816
52
945
181
217
864
481
454
93
492
946
90
580
71
435
880
628
864
146
245
866
68
202
756
310
173
260
429
105
722
686
566
345
123
151
752
421
361
185
918
650
349
298
557
668
422
86
355
953
162
302
403
215
343
336
58
435
858
264
212
899
400
517
837
956
489
747
171
919
515
570
9
929
886
801
326
182
484
113
378
737
505
319
345
40
353
696
237
473
215
163
419
952
238
425
847
648
387
577
935
407
888
189
100
796
483
232
712
574
745
564
127
101
390
154
183
135
368
602
253
836
46
215
403
650
533
179
998
458
575
179
296
45
249
392
954
888
94
858
579
898
836
666
701
526
682
982
842
962
391
15
934
175
252
951
543
779
785
667
819
513
704
99
797
127
309
226
718
668
571
214
346
465
128
227
56
257
27
722
479
707
635
752
756
237
782
123
239
585
230
886
965
445
474
898
266
673
782
63
203
426
753
796
662
193
728
705
339
843
442
778
801
429
990
0
855
331
216
761
915
983
316
953
273
980
952
86
763
369
790
124
871
696
169
106
196
991
417
136
818
655
781
567
276
177
873
808
758
269
183
578
15
815
693
359
710
877
513
455
160
303
196
539
573
630
602
133
172
638
451
943
153
369
205
986
658
403
589
595
908
487
941
834
12
121
954
718
160
723
374
275
358
23
67
286
820
888
200
875
569
905
556
922
926
958
986
415
458
958
971
634
614
190
795
3
398
79
693
752
901
876
119
300
482
10
209
197
244
219
218
549
658
698
135
725
106
424
491
984
213
153
999
107
100
352
888
310
687
857
918
34
66
519
378
32
477
144
838
748
668
145
484
383
935
120
594
114
57
134
140
830
11
765
919
519
517
834
734
723
683
756
901
787
510
401
619
721
45
767
906
259
768
14
135
825
979
943
278
500
795
956
453
313
433
171
392
12
605
472
890
961
682
12
327
75
678
304
680
96
912
622
102
439
412
740
679
332
865
128
6
140
991
850
317
537
819
479
78
853
557
460
280
692
799
55
619
84
939
575
971
638
824
912
265
841
324
1
932
110
421
575
539
144
710
546
139
354
589
725
580
885
428
25
408
129
111
249
405
644
50
857
949
570
554
244
762
662
153
574
76
585
299
578
107
0
403
603
486
99
395
878
971
131
192
695
347
968
779
354
254
431
426
357
705
867
161
683
107
423
464
266
610
454
373
427
151
841
447
879
970
119
646
41
1
668
213
559
11
853
454
596
739
709
134
584
902
719
462
432
348
818
419
920
128
372
340
753
844
119
74
793
777
242
831
312
691
746
512
270
419
976
816
128
108
651
636
606
780
329
297
419
413
860
102
999
277
269
857
703
774
199
970
535
463
781
669
655
466
936
233
782
162
5
560
508
81
545
516
792
680
648
264
709
763
207
782
944
861
28
663
36
528
764
679
653
629
795
904
28
494
455
974
814
673
568
942
753
587
529
545
810
521
578
44
828
267
368
320
551
938
73
994
236
904
670
403
199
773
352
565
527
148
633
660
710
693
829
173
280
286
855
882
890
794
828
17
967
536
496
768
652
197
783
105
184
637
94
998
583
910
480
970
439
742
917
668
318
595
171
821
440
257
156
816
561
92
796
379
513
385
330
33
642
433
546
807
227
936
861
709
453
950
213
930
456
857
599
235
316
64
461
408
307
311
179
287
653
118
892
349
257
570
250
478
949
221
235
136
110
482
642
441
82
586
599
544
259
955
623
51
148
361
843
14
830
997
51
423
85
350
272
908
448
851
227
56
93
504
470
684
512
633
222
485
246
881
904
934
137
767
778
132
618
846
675
743
414
539
485
948
284
901
576
52
737
397
608
646
367
63
617
63
304
747
36
789
549
997
140
243
370
227
232
950
298
722
537
188
135
636
836
769
238
192
191
75
972
115
648
42
625
521
524
646
291
124
365
957
895
881
805
642
638
216
743
359
324
764
813
27
262
191
312
920
30
16
250
286
194
651
396
167
283
808
524
91
679
273
339
982
484
374
669
320
550
818
239
349
395
324
577
903
466
316
499
355
511
474
370
755
320
794
74
334
324
224
961
818
134
172
0
985
347
838
457
491
386
853
704
558
981
121
913
6
143
858
98
154
95
241
650
840
254
866
755
510
762
378
660
58
254
7
446
535
284
56
643
657
148
84
33
811
906
448
654
292
829
605
662
318
495
95
200
392
569
601
623
319
910
719
459
749
774
172
947
798
922
803
976
547
713
12
972
530
30
910
849
529
250
289
649
973
989
921
879
344
236
205
247
39
910
799
151
904
151
264
622
124
185
10
422
975
679
549
641
57
986
212
824
449
69
644
843
162
416
911
26
593
691
356
778
76
203
746
803
298
513
620
445
726
566
927
167
244
784
607
16
389
756
432
861
338
876
76
402
325
650
95
202
855
296
673
276
755
794
259
965
464
651
253
29
529
850
104
672
421
755
306
452
178
100
160
779
507
929
735
133
22
129
83
241
69
554
776
654
789
189
411
405
487
554
912
842
527
861
733
146
386
192
710
151
938
601
151
354
284
682
705
427
1
856
112
461
0
691
699
406
284
522
580
434
946
140
288
197
161
249
307
15
248
891
614
962
366
878
675
106
27
518
548
53
402
862
940
662
164
601
209
205
4
691
719
313
705
996
809
320
530
493
901
454
671
105
495
317
553
376
899
570
111
225
293
897
486
277
482
390
838
843
549
305
98
895
152
53
919
901
580
287
328
310
689
648
73
966
831
562
712
577
36
230
940
315
386
223
437
469
437
206
851
171
372
813
641
160
512
413
972
39
442
757
700
777
952
735
165
588
773
622
507
260
138
382
934
434
535
882
566
693
344
888
261
539
861
743
827
815
799
158
325
55
443
564
178
268
14
396
147
227
213
275
201
32
626
475
275
693
391
367
367
442
108
694
208
768
613
696
512
216
793
279
941
256
837
599
425
928
304
1
775
335
983
476
708
800
701
297
966
601
77
554
460
39
946
160
61
671
431
916
203
289
175
244
267
620
822
926
756
256
90
724
89
292
386
495
130
768
460
795
229
866
129
901
856
107
911
43
476
464
118
969
800
784
671
534
103
847
595
192
140
261
478
161
361
411
934
987
428
704
49
455
319
388
613
984
487
93
162
843
132
292
894
595
858
485
105
378
948
511
296
430
470
40
415
456
149
672
77
716
486
145
451
248
568
472
6
284
143
954
169
808
732
232
238
116
54
477
883
488
850
645
273
251
233
462
156
965
564
247
536
830
575
989
486
361
743
617
525
608
69
264
505
670
0
557
47
976
258
673
509
57
411
481
77
445
102
753
60
320
210
982
440
592
93
897
347
259
220
990
325
403
366
105
314
907
952
677
953
991
457
753
801
292
463
118
735
385
404
377
593
582
980
173
127
849
891
362
4
890
346
686
35
969
792
857
849
746
90
726
527
830
300
492
679
615
391
916
212
29
328
894
526
879
523
999
672
620
676
913
798
682
749
263
492
246
761
255
670
894
212
506
80
808
823
697
636
727
335
836
479
778
512
424
737
26
778
355
619
248
548
371
906
548
347
417
735
30
607
279
440
71
663
484
865
88
452
476
537
546
460
833
178
81
191
125
147
592
441
74
191
455
57
659
81
676
552
301
544
966
995
527
665
217
754
323
339
215
802
765
23
473
955
999
164
39
785
451
843
679
762
386
83
341
820
460
918
473
857
472
373
71
569
838
155
16
877
353
697
52
345
530
639
185
558
884
23
865
839
420
158
818
746
720
462
857
696
27
846
829
456
683
416
18
305
144
360
901
919
100
340
902
475
306
703
312
240
441
288
884
819
878
63
79
895
434
698
333
348
910
607
909
358
145
540
58
630
412
770
51
788
491
84
122
712
924
908
763
523
85
959
541
315
439
632
488
525
552
371
953
417
749
841
832
861
680
882
558
829
700
714
129
418
913
272
248
759
513
782
660
685
366
245
657
841
548
715
609
979
561
269
538
405
428
703
729
226
362
988
530
109
836
894
810
762
685
398
865
182
296
900
612
294
824
563
640
296
948
800
960
824
83
913
765
472
186
715
742
63
138
877
572
69
948
788
720
328
262
483
472
467
0
734
31
941
606
534
71
711
413
684
542
183
465
238
425
899
297
506
968
679
681
39
926
696
990
774
763
118
826
435
682
225
182
537
228
974
116
517
324
561
549
265
163
467
192
446
687
156
599
747
514
727
799
438
683
162
216
274
592
155
223
690
691
518
959
195
844
29
364
813
208
657
259
20
790
842
210
149
572
837
226
745
236
91
763
447
49
973
179
816
545
487
968
831
872
737
484
375
210
502
350
664
857
257
274
261
192
234
128
962
213
192
349
584
206
679
508
972
878
611
995
234
33
448
768
975
387
460
740
376
407
73
475
314
46
10
830
878
363
387
491
706
655
862
496
986
40
683
167
64
604
627
76
0
892
660
1000
383
103
184
740
72
260
450
807
950
402
958
991
861
773
7
506
615
263
405
433
242
775
54
8
780
44
551
139
362
229
974
235
55
677
4
798
178
608
95
874
698
930
263
912
777
907
622
844
188
517
775
550
958
254
563
555
113
130
979
459
203
907
529
977
727
676
934
320
450
505
24
872
689
487
544
728
296
467
511
838
868
68
783
477
839
276
678
673
534
171
486
611
718
998
282
864
280
515
171
219
545
491
748
661
727
308
10
455
399
433
981
493
301
363
955
936
962
649
214
484
714
330
981
735
936
591
152
790
129
256
248
763
430
646
62
563
90
10
325
619
169
0
625
4
610
19
149
947
182
401
215
981
270
881
553
532
995
257
613
992
366
281
143
724
379
473
522
37
265
793
745
305
265
115
796
238
589
506
409
94
726
99
749
616
822
744
687
474
338
314
158
961
21
880
227
970
38
282
502
267
206
500
448
165
184
938
867
253
567
405
698
734
656
737
698
776
662
689
519
126
518
296
308
591
130
194
998
134
891
335
337
573
340
94
533
882
528
436
236
511
756
151
575
575
81
847
912
510
556
338
49
822
657
282
339
176
405
744
871
211
728
909
918
1
774
384
222
233
472
1
854
199
630
88
784
834
9
445
54
65
744
690
991
987
717
565
79
737
291
370
654
434
449
493
684
735
82
296
131
31
502
569
634
641
345
878
194
555
228
294
551
90
404
390
653
818
502
658
852
960
445
353
543
391
790
859
42
416
578
398
794
120
473
22
307
355
525
91
864
345
892
376
583
695
188
402
1
603
653
349
268
932
461
293
394
445
60
992
951
91
252
110
871
438
812
526
894
794
533
890
440
111
996
685
148
654
954
335
656
135
650
648
224
201
409
905
979
781
146
363
920
264
831
231
206
692
788
460
641
337
141
808
763
792
846
694
210
672
31
180
157
566
283
571
114
985
828
813
931
887
566
718
423
109
246
147
243
