180
877
714
56
515
799
976
306
160
970
328
273
934
27
899
272
648
669
459
162
704
918
678
818
81
130
374
319
13
396
463
16
5
504
180
270
466
674
16
884
796
587
878
918
922
786
79
568
693
355
481
41
670
595
441
195
243
333
992
663
192
985
273
453
461
44
766
466
253
784
472
885
35
768
662
607
111
525
624
447
148
763
600
793
791
908
936
726
337
415
95
391
12
795
389
619
823
588
798
311
114
128
911
587
492
65
739
827
432
110
122
732
411
826
518
226
403
827
22
221
788
347
483
501
400
295
915
29
932
590
618
969
748
591
11
396
872
340
910
352
274
81
74
162
971
259
952
121
773
206
409
681
51
411
964
543
415
894
218
651
660
614
50
887
725
321
307
637
648
559
991
980
430
247
832
136
616
147
626
69
834
697
980
18
885
257
92
298
847
2
368
46
712
1000
192
539
605
673
709
23
388
528
750
530
889
90
860
911
698
413
690
423
713
358
672
486
136
581
380
360
884
708
756
699
558
724
570
155
822
680
241
398
695
626
967
847
568
304
3
930
338
554
365
821
943
725
336
309
161
711
878
86
909
41
150
745
764
805
777
255
531
111
47
50
202
335
435
530
789
49
959
23
14
642
826
660
779
803
669
783
140
21
589
852
975
297
439
714
927
162
94
645
294
945
381
133
374
186
163
734
333
698
534
153
975
383
728
628
878
537
749
917
349
724
530
59
328
450
620
260
944
229
83
358
131
625
879
188
238
605
910
372
647
89
922
728
765
997
739
902
827
83
239
581
35
665
464
867
351
679
73
487
806
808
992
512
197
544
25
679
855
798
178
112
641
271
954
486
761
602
11
212
884
595
448
565
809
207
636
985
684
635
29
359
742
804
137
188
376
561
422
457
848
340
692
180
828
500
256
884
370
364
707
50
496
906
62
50
840
609
775
148
836
440
97
233
604
433
998
285
687
746
577
297
405
117
713
555
244
972
157
706
830
814
206
457
577
52
354
343
66
911
621
321
249
161
1
650
749
751
858
193
607
372
321
569
750
383
460
240
267
884
43
454
676
795
638
704
645
548
977
200
995
51
397
282
561
69
580
274
627
651
217
122
284
186
600
90
931
966
896
264
795
111
677
490
212
252
140
349
206
373
962
709
956
749
808
836
604
909
524
164
456
867
326
245
795
405
267
807
32
2
732
677
65
266
732
565
101
706
544
768
438
717
191
672
313
824
572
278
613
156
430
296
284
706
916
551
147
926
763
320
701
0
427
815
44
903
938
352
40
252
746
300
916
710
663
488
734
469
152
457
755
706
482
774
455
845
199
788
280
113
641
355
148
40
186
774
893
43
668
914
493
354
334
573
942
219
16
740
709
655
703
983
655
185
245
620
615
741
932
728
63
336
99
823
620
43
170
410
909
922
941
969
550
785
644
767
954
790
481
401
30
721
447
483
812
696
868
983
972
747
292
430
298
110
659
25
187
237
342
393
850
711
93
625
536
421
757
820
586
967
661
309
523
846
31
878
715
277
671
195
30
264
266
446
453
951
277
125
958
487
356
623
140
587
846
383
138
450
766
162
934
237
278
10
575
783
647
577
253
444
564
190
862
530
527
617
926
846
704
736
866
964
878
818
402
665
825
397
811
427
719
779
965
297
433
919
138
124
698
74
248
653
305
79
834
889
24
335
576
196
597
330
616
416
318
923
391
270
449
743
572
217
204
207
370
310
343
568
995
37
74
565
188
94
297
636
614
255
456
220
398
140
729
36
271
695
310
437
855
668
576
621
1
790
499
681
244
385
72
680
162
57
943
56
20
166
56
489
169
123
471
449
851
814
989
169
133
489
23
618
413
123
382
357
982
688
421
785
878
102
803
367
20
766
421
582
359
211
953
190
559
352
998
952
792
238
114
373
860
801
584
273
675
848
956
729
691
560
742
62
490
511
359
397
979
109
905
934
486
40
996
212
609
847
445
949
803
967
224
8
881
998
599
177
857
255
439
637
871
96
243
145
969
135
682
397
278
348
8
189
877
938
784
152
448
145
706
152
606
226
816
296
717
22
953
449
430
969
414
110
562
359
192
624
132
644
31
446
929
110
91
188
674
392
293
733
295
567
683
830
853
452
501
111
660
393
747
173
4
346
518
96
634
514
131
908
259
504
842
747
765
66
262
317
216
839
147
862
876
328
765
533
653
553
477
986
828
466
94
987
854
424
297
464
461
504
26
165
765
328
398
365
925
259
375
196
510
180
287
840
269
161
83
781
787
642
587
577
108
702
63
547
714
975
147
678
508
174
915
588
261
731
571
344
107
302
770
997
755
57
298
353
65
697
992
436
433
304
788
728
748
871
527
272
250
712
581
651
808
147
520
123
554
3
404
60
44
652
264
912
554
789
147
750
941
875
853
328
233
332
416
405
497
111
46
133
531
86
489
158
156
679
316
539
590
174
998
545
34
336
957
157
705
426
121
498
875
475
777
838
22
460
128
969
463
609
194
594
84
226
348
898
183
72
788
829
565
213
624
277
937
488
898
709
201
437
415
253
879
850
624
367
509
423
22
696
994
914
28
139
577
997
808
952
814
998
902
276
22
827
144
69
911
815
411
94
704
819
341
62
528
457
203
78
391
369
984
257
795
154
350
810
928
731
576
64
538
434
372
187
228
398
531
921
678
598
780
70
540
982
58
833
227
330
869
423
505
182
338
713
605
30
976
137
399
178
1
100
143
466
395
419
646
312
138
480
995
488
558
474
231
805
844
655
884
338
190
872
145
218
203
777
462
879
938
205
981
354
80
850
452
16
917
794
137
366
434
529
445
445
522
108
967
643
617
277
763
193
221
920
10
510
398
556
233
282
752
595
855
948
128
753
114
318
361
216
235
624
739
764
649
268
721
857
131
789
884
307
165
179
25
822
992
357
536
75
818
256
474
906
342
859
104
379
345
238
433
820
195
559
278
744
787
596
159
303
776
275
528
539
689
684
417
383
915
204
871
487
414
593
586
557
225
986
821
216
391
156
789
288
673
384
602
479
870
170
588
642
146
74
817
155
230
672
159
640
535
501
303
600
50
924
109
195
215
639
465
879
329
618
831
331
994
519
903
840
410
780
36
768
157
366
863
202
515
209
560
709
537
900
54
610
787
987
814
757
161
133
608
903
738
948
976
150
206
587
223
350
18
578
749
392
651
65
161
174
303
408
143
935
746
999
519
370
247
91
156
463
904
458
404
946
557
840
122
499
966
687
251
457
333
297
189
984
405
768
793
956
917
749
651
687
239
128
882
655
620
653
401
767
681
339
653
326
759
295
650
154
184
857
258
466
90
770
363
34
123
66
9
28
242
286
368
886
230
301
768
98
392
395
764
200
138
445
2
543
877
158
951
653
175
872
898
870
527
141
493
62
445
969
388
853
199
179
59
476
337
527
122
254
83
146
474
527
906
916
219
693
747
904
902
818
651
448
201
284
713
393
284
603
673
482
145
221
6
897
180
630
430
759
800
67
308
310
979
61
489
97
975
529
237
521
859
229
52
512
51
984
10
614
188
220
307
558
86
110
240
275
256
338
989
892
710
140
448
391
736
876
117
809
734
253
307
372
929
758
956
458
710
631
616
199
671
762
777
616
660
624
983
934
235
349
951
822
201
727
714
206
687
66
157
75
400
398
954
920
962
29
663
153
287
73
492
179
414
835
445
285
429
784
877
385
610
698
451
122
943
944
350
941
784
16
702
863
461
683
469
937
558
225
611
407
277
491
428
363
112
335
811
136
71
740
866
456
86
915
26
103
984
358
431
825
198
604
243
875
522
480
712
300
799
754
437
235
284
514
516
932
678
652
625
742
116
561
987
547
121
80
410
752
488
397
327
455
113
257
943
22
299
25
101
197
515
840
233
391
295
162
143
372
298
460
515
83
737
971
779
159
918
36
1000
791
735
409
444
271
930
430
418
892
156
3
357
919
16
467
969
567
145
111
263
808
116
990
37
413
956
290
876
108
160
645
390
151
382
868
16
754
795
333
959
337
41
694
232
859
363
114
334
930
788
632
124
138
286
962
472
126
911
554
946
840
281
57
576
233
938
165
576
20
132
199
782
888
281
827
309
457
626
76
424
588
816
975
543
901
974
122
239
889
119
394
954
844
197
919
280
381
290
87
218
496
586
550
34
282
320
730
467
787
829
405
529
119
146
988
632
675
32
239
954
304
478
626
959
718
98
689
361
146
443
72
809
710
16
666
534
729
979
915
414
702
271
177
869
842
605
173
537
675
122
634
894
921
941
192
525
366
866
58
135
78
514
952
41
501
559
114
290
172
194
282
99
687
739
226
330
481
867
424
763
631
859
856
538
20
163
956
308
592
921
272
325
879
0
681
702
812
833
221
246
706
490
391
92
539
230
940
998
769
987
818
53
698
335
270
293
96
594
638
999
449
637
593
847
511
986
665
552
161
942
598
274
952
297
660
999
159
289
197
619
374
604
295
512
20
190
738
234
845
854
413
850
154
668
47
810
882
195
170
975
436
998
884
649
683
632
956
454
21
411
431
875
177
4
449
273
167
750
143
365
169
884
314
415
705
145
680
465
106
738
120
122
565
598
471
105
201
156
7
663
438
838
568
377
527
853
794
507
491
350
655
887
181
536
767
545
466
422
828
786
505
40
92
977
584
557
42
46
690
383
466
654
299
826
85
932
244
398
706
741
445
343
469
401
463
512
379
184
378
862
847
148
870
175
53
288
367
230
40
804
600
937
371
492
596
581
957
750
92
270
10
743
58
294
801
237
69
98
888
515
486
574
853
594
199
858
628
164
363
927
455
907
589
823
417
539
158
854
970
233
41
477
864
638
463
254
625
594
730
20
683
345
877
419
251
154
965
126
829
954
125
701
776
283
256
900
426
986
394
346
879
720
798
615
401
583
368
815
205
396
177
794
545
986
8
206
201
469
313
396
326
624
514
887
774
797
409
666
138
57
17
37
253
475
745
921
827
302
319
254
828
236
823
846
911
573
179
289
419
904
659
729
180
387
497
240
249
769
853
473
687
541
642
859
688
432
2
13
57
286
437
131
64
371
545
715
608
547
994
974
112
753
563
771
370
811
142
589
756
185
544
522
858
526
661
19
534
721
163
832
872
120
211
218
719
990
964
57
119
644
163
842
777
450
854
547
737
494
567
183
401
438
702
923
830
395
572
683
901
135
229
490
702
686
912
302
144
477
106
378
847
426
237
693
665
151
33
200
308
74
988
79
52
642
226
105
436
629
242
550
716
403
471
155
637
431
707
387
985
413
6
829
525
494
603
76
583
418
344
985
233
279
729
24
334
311
15
144
900
209
51
542
134
444
837
171
893
307
72
18
639
250
636
407
132
745
961
285
567
5
440
536
587
872
157
774
157
631
115
496
100
948
280
800
866
584
478
466
133
151
797
164
267
167
438
229
448
902
111
97
999
863
503
605
300
176
539
833
723
243
105
934
307
219
784
1
640
607
552
347
619
512
36
336
581
7
66
790
967
461
697
301
693
815
131
527
491
553
655
452
988
724
975
407
181
432
724
46
683
962
889
973
530
825
520
528
48
811
113
698
309
274
933
906
549
675
127
811
404
190
184
103
669
783
184
185
832
823
369
50
36
31
529
879
705
295
83
477
163
19
173
413
752
699
403
928
222
656
294
22
203
308
587
531
34
121
668
449
436
663
563
406
235
599
983
719
103
161
869
880
175
269
518
38
960
918
473
606
658
906
115
902
177
959
956
435
112
314
565
431
886
521
515
989
839
438
231
525
343
19
125
234
153
130
891
265
991
417
140
452
27
500
808
508
536
490
428
792
953
658
222
806
196
59
745
419
427
193
464
444
227
707
410
728
393
838
241
425
821
241
713
933
587
448
1
546
617
284
776
795
627
855
458
832
776
711
349
539
400
706
812
208
889
680
913
561
745
821
993
967
554
738
603
57
820
688
593
835
673
552
816
650
497
801
32
353
689
469
791
466
855
278
877
193
442
640
606
681
550
441
771
190
213
285
795
522
761
354
420
42
824
803
466
44
681
793
178
388
651
893
578
797
236
612
733
157
64
640
93
517
970
462
412
509
211
621
114
298
941
454
528
484
899
581
222
886
321
854
597
539
774
574
853
86
688
78
661
440
387
507
24
511
392
108
224
244
352
723
963
843
440
250
168
58
60
787
419
886
582
408
671
790
555
199
802
693
701
243
148
28
165
894
682
56
758
534
189
40
833
925
841
358
100
140
801
309
658
561
492
180
181
548
44
709
414
958
716
927
995
131
625
758
339
753
393
91
767
295
559
921
29
330
93
265
48
189
618
895
429
138
455
182
801
824
779
38
898
132
725
583
575
641
522
581
443
333
590
238
405
410
729
287
186
873
372
525
907
453
758
57
502
50
158
786
467
188
402
842
471
304
798
733
473
130
946
827
201
923
278
929
419
31
629
392
461
782
697
789
848
593
830
216
662
128
762
900
908
55
919
295
725
353
478
930
211
155
741
206
459
425
569
15
576
303
599
870
143
587
400
985
805
733
382
581
347
768
797
647
934
506
801
752
907
193
885
679
396
406
695
751
985
460
880
897
933
242
185
465
703
116
651
520
262
454
439
796
389
925
101
901
109
21
198
355
182
97
502
295
125
299
63
400
935
796
264
448
568
589
939
306
472
27
723
287
668
479
227
361
273
64
148
545
499
807
0
419
846
576
128
778
993
389
48
209
858
176
557
767
318
486
83
841
971
745
464
192
553
723
714
94
610
269
190
151
979
472
35
849
844
498
662
405
672
689
585
818
695
440
693
225
309
7
52
689
309
52
297
620
205
769
540
987
195
395
849
364
655
556
133
189
251
768
314
673
65
879
551
40
568
722
980
414
688
159
279
324
53
973
749
176
408
659
819
881
688
594
54
251
453
795
537
572
326
321
662
87
364
835
560
483
462
721
767
670
96
406
875
802
893
886
920
270
496
573
137
469
665
847
107
419
55
588
961
774
720
453
860
376
784
836
906
925
283
436
508
344
257
351
156
824
171
942
14
471
826
417
287
824
93
169
883
429
637
6
120
421
204
964
634
539
558
354
615
259
61
898
499
738
859
526
915
736
623
384
814
156
513
497
2
130
598
139
562
121
455
841
142
520
477
479
550
797
214
60
658
966
14
969
342
166
139
191
408
939
376
224
404
182
227
786
754
222
456
635
699
285
734
22
627
926
889
926
15
116
33
760
741
169
216
69
274
221
363
743
105
745
740
37
509
362
866
982
218
985
338
94
686
991
245
412
646
876
386
528
274
211
321
248
247
843
666
660
312
917
816
506
682
578
887
699
161
46
877
185
16
744
39
259
958
521
787
331
4
984
894
75
410
15
142
930
298
605
751
495
106
75
805
268
752
715
643
174
966
542
999
162
237
882
274
432
586
439
444
239
394
451
672
919
346
736
378
198
483
394
249
160
617
470
663
218
935
811
757
936
899
430
461
875
444
688
678
212
949
262
530
584
566
388
897
444
315
64
137
113
807
325
122
538
908
623
479
477
258
636
836
283
509
513
519
481
406
40
484
237
266
517
441
421
152
960
666
599
655
175
348
872
540
565
933
810
352
803
897
358
756
74
674
79
390
336
979
540
100
723
371
500
596
477
537
798
522
772
205
899
539
990
901
926
628
723
422
191
429
290
50
111
663
128
189
486
301
195
403
543
443
577
149
231
835
636
258
160
518
748
126
151
984
911
33
333
226
194
727
257
453
583
630
117
161
175
222
435
514
868
115
439
620
883
750
23
453
763
11
623
187
193
702
469
844
353
683
614
488
290
371
820
581
929
817
16
902
446
473
479
935
878
728
318
696
976
555
500
28
580
18
760
785
263
118
259
16
216
869
749
983
962
536
314
279
53
344
789
477
285
90
676
514
497
871
728
270
99
545
320
445
85
261
813
772
21
695
23
36
881
103
589
276
951
530
682
115
699
706
936
747
946
821
382
837
8
468
148
617
85
884
498
957
498
744
953
81
116
135
504
8
474
922
447
882
440
372
425
765
87
151
299
453
739
597
313
532
120
667
460
217
409
124
292
126
44
757
283
589
314
331
63
616
136
146
568
250
198
886
876
944
924
750
978
869
146
473
687
68
876
702
4
288
657
948
313
358
702
350
308
906
757
35
835
642
224
625
861
571
104
874
400
741
190
797
941
944
974
429
286
548
476
296
791
727
742
220
946
156
133
333
522
585
704
921
249
183
844
962
431
504
423
263
662
81
559
878
620
570
404
831
720
589
400
934
491
428
11
931
664
603
76
66
291
917
794
48
568
438
847
48
316
387
264
846
153
937
239
865
376
907
266
436
634
705
402
387
243
966
134
728
448
354
688
668
179
604
249
609
820
444
833
534
956
294
386
121
401
911
661
387
238
522
973
395
972
457
663
978
316
385
160
382
637
167
670
545
208
348
676
504
389
814
884
624
983
241
128
928
496
653
2
363
428
459
582
777
502
511
901
995
709
201
518
851
71
377
674
863
538
325
319
705
169
999
828
748
228
981
478
284
826
711
187
205
573
497
739
39
297
103
319
808
83
874
957
482
687
157
631
807
790
123
13
631
143
289
714
155
188
207
270
867
608
883
356
142
759
89
463
299
461
844
603
15
505
332
664
485
453
784
953
591
985
64
707
91
800
80
128
588
290
85
458
739
828
865
929
631
471
430
425
531
659
118
922
768
500
980
883
782
166
842
271
977
340
210
991
552
250
547
614
340
628
724
635
831
299
928
806
682
660
652
612
426
653
683
718
238
524
157
502
363
128
759
492
221
271
297
574
340
109
762
723
202
492
703
719
46
135
652
105
63
674
94
655
5
443
664
655
831
435
417
526
197
264
63
741
339
327
534
483
968
557
108
228
247
102
336
797
95
749
252
225
831
59
101
567
742
120
701
142
294
288
46
334
851
1
595
154
428
48
335
185
335
333
542
176
312
346
354
282
929
378
721
777
62
27
691
210
968
343
67
72
341
332
273
898
808
597
296
823
283
849
325
203
1
746
125
835
46
307
219
965
565
32
686
121
597
250
824
32
935
536
612
84
238
218
532
828
946
341
214
641
784
334
862
704
384
134
757
950
65
468
134
12
210
285
85
632
559
803
727
920
287
218
21
93
8
795
261
586
531
354
176
195
565
577
245
968
352
400
913
811
803
41
712
712
987
536
695
634
831
423
39
813
323
941
558
440
965
839
44
15
750
788
908
816
22
780
984
657
900
747
640
398
449
636
301
198
879
484
128
730
584
315
137
564
733
821
587
270
175
59
467
73
180
624
443
111
574
346
791
19
410
204
93
700
217
266
459
984
528
864
107
3
11
608
603
345
860
8
48
683
264
569
586
832
525
876
127
909
188
137
117
945
660
570
264
190
345
935
478
700
229
971
395
288
66
837
225
237
440
481
458
789
818
201
871
476
408
388
939
515
330
888
357
438
873
473
719
882
91
46
799
354
200
665
124
634
253
995
737
436
864
515
697
916
32
933
56
310
107
509
901
253
750
57
107
358
341
103
862
948
740
407
392
808
515
105
1
102
304
477
132
457
913
686
960
936
542
193
556
13
293
207
403
925
222
507
440
939
335
687
204
631
861
548
907
297
908
15
575
503
34
612
558
257
23
133
276
405
795
85
989
383
25
222
414
80
279
294
634
531
723
746
300
866
517
402
197
648
295
150
229
126
224
185
160
846
22
29
520
160
529
639
975
801
18
327
472
754
6
670
436
867
290
632
72
594
590
99
326
857
927
831
925
12
205
651
290
143
658
640
399
253
975
816
547
821
378
388
959
989
983
761
540
258
481
731
19
773
191
434
357
244
27
939
726
684
596
865
244
655
802
0
465
751
651
510
476
321
868
306
621
49
337
946
106
934
599
522
741
46
716
132
764
507
160
921
4
406
775
406
788
267
719
974
575
934
98
280
736
821
901
545
722
209
695
212
507
436
131
723
884
130
852
117
759
725
803
257
504
198
613
728
893
979
858
191
223
627
618
146
776
426
287
865
690
962
969
537
582
222
959
675
728
898
304
977
762
558
619
729
276
558
327
538
270
435
527
644
682
343
61
266
719
417
223
593
996
75
358
298
379
595
349
221
128
766
278
965
396
847
342
942
213
995
835
150
306
599
692
91
121
607
774
256
958
865
562
88
214
538
557
542
889
975
229
37
983
631
526
62
496
218
945
537
43
237
606
605
859
82
503
856
228
955
654
665
28
12
77
805
967
82
544
773
837
895
178
95
825
139
89
857
629
3
736
250
603
26
398
608
522
874
972
559
587
875
92
708
738
221
138
698
506
928
591
898
156
271
904
929
495
419
976
189
305
326
675
54
298
320
726
533
38
281
763
120
91
870
770
530
301
172
831
82
661
565
723
284
458
602
31
108
206
344
272
40
977
955
912
546
850
352
128
212
681
791
935
288
210
453
653
208
201
982
567
42
834
177
990
703
883
561
578
296
949
539
560
319
834
297
452
827
343
312
166
617
399
204
463
109
517
356
466
752
333
562
480
962
531
488
466
853
454
142
686
925
610
842
709
131
536
354
489
825
704
928
425
440
350
235
452
931
156
793
693
97
328
261
28
49
570
437
245
631
462
455
950
723
126
370
345
249
421
235
813
32
905
352
777
782
428
920
925
130
380
252
370
118
760
483
126
816
604
980
714
863
138
517
820
514
535
459
650
642
563
699
397
712
814
545
851
667
201
199
293
917
750
179
292
613
938
277
73
334
924
19
275
43
658
666
408
892
183
190
31
678
978
84
135
218
816
682
565
321
978
867
362
326
192
559
275
50
378
337
297
446
331
741
568
598
193
886
477
275
52
392
715
188
418
644
254
940
193
424
333
634
6
566
592
634
949
64
160
93
10
412
882
86
266
809
307
880
864
274
917
384
168
642
419
668
577
683
693
829
9
176
116
161
271
585
97
738
94
646
74
71
560
425
830
490
739
371
704
177
726
44
538
236
396
735
417
281
621
419
253
135
225
358
640
922
701
61
855
306
549
736
905
246
632
884
4
924
337
587
257
974
577
259
807
885
970
739
209
652
659
446
392
409
848
606
911
597
427
777
552
304
67
248
825
73
100
412
721
218
751
99
224
886
418
890
578
2
168
946
112
804
268
211
485
292
720
303
965
802
57
836
214
261
980
111
501
676
517
544
623
34
508
298
884
525
192
965
834
239
373
655
203
958
502
743
505
668
262
845
591
817
668
248
311
536
987
735
153
108
902
865
336
800
185
791
804
372
582
687
743
338
71
119
316
0
616
984
141
510
529
846
604
119
12
613
175
254
96
10
26
355
750
875
551
506
254
196
574
105
208
841
331
869
60
871
837
751
812
988
940
622
351
400
106
852
847
436
60
371
893
577
118
332
496
921
674
974
968
146
544
126
430
596
812
641
709
451
645
488
288
659
842
312
933
146
223
353
603
279
610
876
62
352
456
888
782
994
707
322
947
224
349
445
283
498
524
353
287
827
910
363
396
283
439
981
312
409
837
628
450
145
386
586
868
674
614
534
517
407
836
439
387
27
385
61
540
413
726
677
578
770
351
780
13
997
514
61
843
528
854
877
499
89
550
352
939
424
132
716
492
118
639
41
325
635
599
849
915
383
273
642
736
4
388
488
432
310
440
289
978
115
997
702
67
814
710
855
952
231
900
338
499
464
83
673
368
402
165
933
858
770
0
48
752
534
52
490
680
121
513
224
745
211
954
167
474
134
602
805
684
942
31
709
802
365
794
912
495
372
78
784
498
844
808
52
928
578
73
927
727
909
685
727
544
393
965
737
450
246
617
216
755
883
666
64
606
390
783
105
464
868
88
390
698
460
46
50
197
103
1000
132
279
795
32
957
817
723
291
336
729
197
800
930
358
661
229
840
324
218
456
225
933
690
441
83
264
857
722
533
278
560
400
374
721
19
81
104
374
11
955
290
453
146
58
81
524
364
173
869
841
382
403
9
865
655
462
185
5
382
437
286
783
408
75
585
171
672
691
724
72
549
795
123
771
370
749
111
390
298
703
182
511
528
73
231
538
531
708
685
139
503
980
664
841
329
171
895
223
220
903
602
136
111
346
289
32
53
88
756
400
781
581
7
634
210
838
22
596
98
757
235
624
800
791
787
212
277
532
97
879
512
416
153
630
218
761
641
800
172
217
312
105
141
59
974
977
42
194
17
256
413
739
687
620
496
704
132
235
427
821
920
143
717
55
29
191
669
619
761
572
405
662
381
894
397
415
904
251
543
557
415
844
957
543
556
499
404
679
684
85
700
987
284
495
178
299
240
34
949
854
631
589
224
606
388
462
108
743
553
907
348
0
507
990
487
819
26
837
447
595
252
778
498
945
779
821
87
547
566
739
87
622
898
29
272
95
265
615
52
100
344
330
679
455
355
165
35
27
271
681
931
250
478
638
238
425
658
12
222
61
613
932
800
635
937
545
515
890
565
993
754
97
629
650
930
777
583
946
327
601
804
550
539
41
239
357
555
183
903
165
272
285
758
344
609
99
993
258
827
343
80
75
748
633
220
668
550
737
114
217
95
783
396
643
71
284
302
205
356
997
99
585
508
528
736
809
726
505
37
234
931
467
699
919
526
362
69
923
901
970
435
499
556
577
955
156
647
478
409
22
505
134
90
251
849
278
49
736
373
899
973
9
138
194
338
151
588
966
586
898
192
296
330
823
203
11
583
701
826
720
923
757
879
686
856
676
59
421
766
843
521
289
837
327
196
844
13
36
448
880
847
810
482
394
413
121
749
401
313
153
220
292
711
928
363
231
303
253
22
698
251
480
886
503
129
873
645
130
978
353
573
831
595
819
6
867
538
902
121
553
113
801
355
338
471
158
533
376
542
909
1
566
169
46
403
387
17
597
197
155
104
40
705
96
771
291
54
702
709
715
527
828
347
934
604
184
462
120
506
11
341
244
107
816
277
41
756
287
126
334
152
206
38
556
71
918
508
65
559
549
642
482
653
346
844
784
454
285
713
851
882
53
671
805
360
421
573
805
167
96
484
715
187
168
723
255
114
619
344
186
835
708
673
225
200
248
360
526
511
13
345
491
741
439
900
135
573
10
939
250
20
734
786
249
96
110
930
6
820
752
10
170
516
871
911
15
823
964
321
68
756
605
516
964
650
866
859
459
261
75
236
131
768
610
450
718
524
491
463
109
596
157
906
477
676
857
761
288
921
946
83
530
287
7
208
824
183
52
42
735
997
555
415
305
552
424
769
839
19
161
692
846
923
227
624
34
178
669
985
793
436
139
933
497
53
238
912
201
666
535
616
129
729
251
993
939
527
695
24
541
724
891
284
664
702
319
427
981
60
435
322
643
734
780
86
237
381
763
471
801
374
815
202
749
54
621
517
302
329
636
635
221
889
576
735
319
380
871
506
925
947
941
398
737
988
918
695
15
244
436
767
166
126
208
825
173
155
775
366
977
872
280
950
222
145
503
573
141
353
816
248
680
105
624
814
132
55
302
572
778
669
506
978
679
694
263
706
455
590
215
688
176
20
685
780
355
242
144
362
302
296
106
444
270
387
316
791
404
75
502
729
939
593
874
111
826
123
607
733
850
33
102
456
158
388
664
336
168
41
97
24
74
101
988
77
658
27
237
321
760
401
371
372
650
333
97
679
139
682
362
987
559
543
982
209
287
601
583
26
623
520
84
985
306
672
460
329
810
638
529
962
717
666
995
582
476
792
860
549
518
382
144
954
783
286
59
521
498
767
37
925
681
34
279
497
420
131
812
783
632
945
193
564
897
452
273
426
247
985
765
626
703
720
385
844
870
756
192
526
569
476
176
36
246
791
715
643
943
877
90
215
237
526
681
548
230
622
336
376
206
839
542
110
741
201
541
266
698
879
633
924
378
65
170
562
430
376
81
744
239
996
366
71
684
339
305
365
17
990
130
97
332
337
840
768
51
83
560
236
561
169
19
448
117
887
949
369
815
227
458
744
987
381
260
992
292
456
298
559
603
911
97
393
75
634
699
928
832
572
679
756
486
995
648
660
79
240
992
255
189
425
110
92
226
879
624
548
797
327
755
443
230
429
966
56
299
735
814
686
442
417
424
230
443
362
205
154
132
707
274
950
815
636
163
595
313
819
391
713
403
727
953
159
656
865
485
18
398
233
6
501
759
56
812
464
874
866
298
91
984
348
60
848
895
434
399
32
441
805
194
921
789
864
827
149
272
286
431
139
647
628
282
330
291
734
412
992
691
274
658
192
444
708
371
807
366
718
254
339
905
661
747
5
838
5
172
887
46
244
336
5
118
271
509
228
859
380
820
743
15
412
938
478
370
79
779
83
847
290
820
422
577
222
522
528
377
328
969
674
782
507
283
76
769
362
473
16
384
942
857
849
643
483
915
3
251
500
351
867
425
278
314
282
166
542
14
185
232
592
321
113
595
119
589
270
818
275
353
346
630
372
426
103
107
599
23
918
887
757
442
807
189
716
610
220
960
684
479
872
909
940
728
369
969
343
647
172
427
178
247
429
403
317
927
498
945
459
353
136
650
118
695
954
375
490
766
98
344
197
192
145
383
890
870
640
960
720
82
565
704
144
849
515
880
226
778
426
570
613
647
405
283
71
244
24
222
599
435
549
17
110
247
762
101
814
289
689
202
475
807
630
753
630
302
415
604
240
689
740
669
516
510
769
104
908
515
462
174
424
458
563
48
731
967
408
190
197
447
840
697
644
756
275
91
938
141
238
372
37
125
959
865
947
1000
834
738
609
218
847
618
193
800
634
77
52
698
701
38
170
199
985
224
948
151
547
506
223
27
658
405
988
843
269
992
594
28
978
915
905
558
954
675
516
815
84
55
879
336
659
186
712
788
514
729
122
711
684
192
20
275
646
443
0
88
317
616
729
436
668
735
533
291
752
677
118
309
65
567
697
541
498
172
388
376
446
405
648
437
125
83
510
121
474
591
469
927
150
250
270
181
410
76
717
671
351
630
573
419
969
241
275
725
893
7
940
521
300
346
754
623
442
54
454
663
240
797
474
916
13
346
984
414
535
922
428
497
849
543
365
732
70
812
596
119
655
114
688
164
425
219
887
53
670
717
733
180
813
580
431
639
815
92
15
876
409
889
117
334
214
629
32
959
890
587
656
922
57
184
75
379
469
2
505
330
37
890
870
346
152
34
918
227
663
885
100
494
696
844
986
765
615
781
554
468
770
241
668
144
511
318
921
951
642
39
815
20
912
331
974
961
255
891
784
46
592
590
143
854
888
816
980
396
941
892
963
754
622
497
124
558
149
619
892
996
925
987
238
36
120
539
798
739
414
656
629
274
42
17
105
929
247
882
264
389
691
798
939
493
124
445
467
221
775
867
568
550
653
339
213
992
421
422
209
793
487
943
537
584
648
183
594
553
393
955
546
868
87
539
273
755
576
218
417
689
854
844
584
836
200
959
921
314
975
421
663
619
894
467
601
938
503
840
595
12
449
788
483
36
22
895
876
470
254
587
913
62
49
742
483
407
708
755
761
458
399
121
256
905
88
520
867
54
576
417
209
717
367
238
219
596
582
56
298
18
57
362
168
944
692
757
924
532
937
473
884
634
984
378
467
929
354
231
394
205
558
344
122
733
664
474
171
532
516
215
149
640
121
993
86
10
42
762
678
73
627
496
713
74
680
191
358
893
8
40
254
155
544
730
931
517
623
764
241
61
981
33
210
496
208
704
848
378
557
628
106
817
404
984
890
301
903
91
636
917
931
757
736
224
822
419
816
916
623
218
812
10
119
589
851
403
847
355
380
774
623
907
475
465
131
200
275
595
731
24
594
247
300
25
874
957
614
196
336
961
73
993
751
377
947
958
816
773
601
118
91
152
766
621
902
320
504
249
6
523
646
405
435
524
122
805
453
716
72
56
432
282
952
140
935
34
205
157
233
732
391
1
609
226
234
263
621
131
42
75
438
676
856
120
679
301
175
892
738
625
749
727
631
691
796
493
990
24
37
681
816
269
643
853
368
262
945
268
980
776
774
725
465
400
968
264
24
530
328
184
6
828
659
616
365
393
912
519
759
266
518
960
919
293
611
359
960
548
745
545
969
520
79
24
143
70
521
137
223
547
217
424
490
229
482
130
392
245
702
728
97
115
651
427
15
572
110
783
48
396
147
206
902
550
115
436
865
344
251
247
671
346
46
394
960
547
95
355
109
235
601
1
343
269
902
930
161
325
730
489
985
611
862
838
0
179
330
257
176
168
561
308
409
578
846
776
407
467
776
847
561
266
605
529
580
130
873
315
588
367
413
419
131
816
263
967
337
640
270
834
434
721
782
771
800
282
677
769
303
491
997
633
584
634
277
603
376
443
363
106
582
964
873
85
602
126
189
857
833
291
513
143
949
992
178
292
849
624
905
733
869
143
428
684
716
25
948
358
311
182
101
565
603
976
120
637
724
946
347
449
55
146
936
210
774
470
944
208
411
219
454
544
335
175
139
706
285
47
40
972
447
612
748
158
434
713
997
738
101
436
436
686
685
140
715
424
980
928
941
588
254
279
80
712
417
425
134
82
797
166
277
784
63
753
895
297
499
347
376
683
824
46
289
186
253
333
854
487
850
900
491
710
197
466
41
55
45
219
876
934
604
300
149
386
716
913
799
861
74
973
961
345
932
250
941
306
672
439
390
205
683
734
316
324
972
773
689
233
430
910
962
586
911
226
771
268
444
689
914
468
80
804
486
698
272
277
879
78
966
299
927
958
258
744
337
385
157
170
673
272
262
873
717
574
299
379
231
965
34
170
625
147
22
982
989
763
645
912
204
538
12
205
627
226
370
61
139
793
450
963
679
980
451
768
603
636
469
848
977
644
226
0
718
196
786
32
595
928
333
430
5
659
596
309
690
807
497
311
237
916
188
639
748
796
182
18
278
985
764
846
753
252
565
49
704
322
369
876
938
155
162
661
302
361
87
152
143
860
927
669
345
594
563
78
897
472
860
65
860
39
580
37
602
107
283
271
232
705
418
351
6
247
377
662
988
562
973
198
783
592
899
70
841
878
349
285
766
596
633
378
337
424
755
686
604
631
894
848
411
524
633
158
297
847
770
309
943
860
852
565
762
579
400
208
34
756
496
450
763
862
931
974
162
237
183
704
930
21
122
247
751
110
417
449
131
168
876
236
716
320
233
230
3
971
429
64
902
219
273
624
861
273
604
99
245
252
666
195
517
115
446
228
222
57
700
231
396
532
919
98
994
485
684
623
466
756
204
171
143
672
859
306
593
200
45
822
104
774
857
384
401
54
617
40
199
637
587
173
275
832
195
576
714
99
944
769
728
498
688
292
333
518
754
594
60
61
395
434
513
724
521
626
119
353
74
488
249
592
295
332
988
537
160
371
162
852
806
878
344
865
121
212
506
840
100
770
866
376
9
46
117
823
541
456
565
567
273
867
873
138
630
685
580
954
74
208
138
166
504
549
225
362
169
798
626
720
423
241
971
33
730
1000
758
465
180
538
404
359
941
291
234
431
39
598
399
23
151
836
53
410
330
775
584
543
301
616
590
655
831
806
369
702
673
449
737
724
815
456
864
494
230
368
696
835
87
830
353
203
881
25
41
421
216
937
930
590
207
785
695
404
75
447
620
421
438
782
757
202
935
655
471
46
366
464
285
714
186
795
385
319
973
837
375
244
477
600
805
263
56
977
964
878
763
8
581
67
107
465
187
387
883
763
845
931
995
497
963
111
395
297
2
298
616
85
314
131
11
928
581
633
32
355
556
251
609
255
141
92
244
930
859
561
910
801
844
164
306
142
882
9
623
796
274
381
279
348
996
70
363
533
193
134
536
109
829
640
978
606
553
522
162
424
268
887
322
178
685
75
441
365
599
660
626
406
569
644
382
16
746
728
926
154
346
782
243
185
332
104
817
607
301
486
448
427
578
796
865
698
620
360
819
151
132
723
71
368
820
270
624
713
92
238
471
655
838
160
787
610
19
703
188
459
234
955
644
498
411
397
339
80
462
760
75
983
164
864
214
844
727
486
918
346
491
211
625
84
499
960
807
375
304
910
331
17
967
469
37
159
794
268
192
172
60
650
595
891
44
157
685
118
349
151
191
642
800
198
653
617
458
181
694
27
738
197
6
795
942
413
932
753
681
462
247
5
89
713
772
933
319
680
967
930
516
700
590
762
338
749
408
83
940
458
320
867
861
246
682
162
903
8
843
377
489
234
915
945
261
944
220
923
463
717
922
80
352
878
535
477
826
564
390
969
405
203
305
486
83
149
144
944
890
52
303
624
37
787
251
332
114
235
37
962
622
493
56
617
80
532
401
524
443
343
946
414
676
464
14
232
16
794
296
821
242
708
59
432
74
53
160
842
484
258
858
911
867
706
198
388
687
615
574
193
774
522
801
422
870
332
299
742
728
688
418
398
129
922
136
441
280
915
664
333
243
791
274
917
469
259
553
960
726
123
453
795
329
687
534
178
139
268
754
675
424
132
173
670
752
271
779
842
267
719
689
321
91
712
359
151
629
529
973
282
577
689
125
133
86
422
102
997
201
307
193
714
770
578
71
755
875
909
975
111
842
287
220
445
760
475
461
543
950
833
894
174
125
720
219
833
418
520
578
373
336
59
974
33
836
473
740
222
563
563
463
488
212
383
890
471
76
847
884
309
227
490
397
899
615
526
846
273
633
980
146
403
857
236
667
892
412
947
183
240
178
64
462
966
784
712
705
145
106
223
736
689
458
966
149
581
321
461
597
328
232
6
641
99
905
391
66
512
166
127
525
421
176
554
940
92
893
244
789
15
804
312
285
946
37
993
195
3
556
719
816
689
386
278
947
662
922
122
238
667
223
558
734
715
517
541
609
439
805
629
852
342
95
395
606
100
556
982
227
603
456
329
58
542
928
679
125
886
646
659
469
418
905
43
162
781
725
845
669
68
719
456
512
779
267
858
724
726
271
341
254
470
726
430
426
357
419
299
824
220
115
808
321
322
670
806
539
141
680
123
61
332
233
318
974
838
639
925
945
890
902
897
197
824
837
730
235
633
558
438
331
566
197
947
309
221
702
799
444
976
239
139
479
135
408
747
83
954
94
395
788
946
567
205
826
801
351
250
759
886
972
863
526
891
526
296
963
983
586
187
840
381
881
229
95
346
234
748
11
745
815
643
522
272
319
35
762
931
134
644
336
127
749
550
191
140
830
914
554
495
840
604
534
51
852
304
832
914
105
4
366
160
281
675
165
270
140
359
268
396
818
609
734
718
645
684
169
592
607
430
577
670
174
362
454
396
699
380
355
547
874
198
809
600
536
279
215
361
206
885
727
508
863
211
994
450
818
181
475
974
447
849
536
178
704
509
432
419
533
44
819
183
58
957
647
590
188
610
917
259
363
0
100
496
822
565
640
198
884
376
974
874
710
479
683
507
738
564
624
46
556
992
118
105
847
374
305
46
615
134
263
903
120
564
999
244
223
679
209
862
391
335
379
64
318
206
752
373
47
989
563
858
210
225
636
296
883
492
319
69
549
950
731
314
450
905
412
500
218
78
926
566
555
126
788
180
24
19
959
45
274
451
430
560
297
587
764
86
482
820
343
622
493
937
807
8
989
294
914
193
728
923
821
521
522
704
675
777
348
11
533
20
522
91
458
43
385
551
376
770
356
339
878
586
252
606
195
260
39
476
724
647
499
946
879
899
369
284
363
799
904
321
922
142
824
256
321
798
607
110
833
927
682
975
334
969
454
517
616
895
102
665
910
572
315
718
95
955
102
27
557
846
72
453
112
956
144
28
13
492
925
624
236
692
829
121
712
698
29
330
1
497
609
283
656
337
521
122
685
172
663
565
548
910
65
489
516
821
380
904
173
456
67
554
705
957
305
647
651
93
205
75
300
675
655
428
790
700
761
410
872
587
920
470
798
902
127
84
823
120
565
379
760
143
594
676
573
107
814
95
848
129
509
298
942
322
269
465
462
811
242
407
630
729
675
52
827
592
332
735
996
733
986
627
169
662
361
866
923
346
253
12
704
905
29
176
366
828
409
437
729
0
473
776
416
679
394
564
63
676
50
566
424
87
537
824
857
777
791
310
317
105
189
621
676
705
420
996
235
663
496
591
499
466
787
757
165
278
743
464
51
499
688
959
38
635
105
84
920
378
71
300
599
899
855
144
600
675
634
816
218
733
822
914
796
57
22
691
566
654
50
946
920
536
214
453
987
324
977
205
571
540
752
966
828
467
941
956
691
146
390
69
941
553
401
65
21
544
113
232
314
428
842
146
705
179
691
370
427
652
839
509
138
463
146
276
543
577
806
955
15
311
34
292
833
870
920
712
428
823
288
401
589
775
43
411
32
479
419
667
739
405
106
470
63
5
138
774
33
280
476
457
285
545
680
64
749
186
991
192
650
445
79
528
789
890
308
818
639
344
323
607
311
333
123
561
906
146
904
842
867
919
907
515
794
85
207
71
348
823
896
318
432
352
577
782
323
463
161
861
171
606
568
29
281
269
106
932
600
55
186
438
294
325
514
119
481
91
121
99
982
593
110
110
638
406
174
438
614
3
116
296
600
13
409
142
3
538
528
736
198
22
26
887
112
623
117
1
139
376
431
247
272
600
778
323
244
596
561
344
34
247
560
562
536
179
668
198
845
18
995
802
605
734
293
824
69
221
200
832
407
142
975
453
329
704
237
389
607
830
992
187
974
482
604
299
176
635
933
83
653
552
784
430
365
55
361
460
926
758
973
488
100
721
151
756
742
51
492
477
670
876
282
229
563
20
763
150
894
566
621
729
25
328
893
128
345
717
961
373
924
954
782
319
352
891
867
508
850
815
746
698
547
954
19
572
420
933
746
438
380
21
714
169
41
500
460
140
852
368
592
715
52
492
434
884
147
26
648
693
0
922
598
369
411
142
883
418
173
310
191
689
443
233
963
279
792
301
818
653
982
49
319
214
315
140
138
208
912
689
793
810
764
590
113
810
78
178
851
283
139
63
143
166
533
826
474
772
850
667
494
527
270
926
35
437
932
157
299
528
123
300
897
255
187
795
20
752
8
452
935
50
705
803
368
812
954
76
597
671
5
612
420
157
43
613
402
53
604
562
253
755
376
467
852
739
863
327
715
661
720
744
710
649
682
219
770
302
384
126
34
631
328
176
986
86
68
587
642
43
46
924
266
66
439
450
912
541
807
679
789
948
901
755
316
373
158
497
714
787
357
564
528
90
368
627
983
855
429
981
810
491
721
572
272
319
136
844
567
47
840
689
28
23
828
49
455
96
705
374
966
92
784
842
380
588
423
785
135
212
592
316
992
54
305
123
398
838
201
484
138
483
1000
424
358
710
156
372
863
527
904
817
488
780
954
327
926
299
8
758
627
587
667
35
574
231
757
687
441
156
952
276
772
648
279
238
899
833
657
599
575
952
290
606
437
619
480
519
331
912
651
146
778
405
84
972
769
888
985
926
392
16
86
309
386
178
742
510
494
893
950
255
454
493
676
286
375
322
146
98
795
750
626
104
370
771
654
349
826
405
174
259
643
363
950
326
992
818
873
905
597
862
563
263
662
644
91
155
790
70
59
607
344
445
427
280
851
792
95
783
556
64
729
132
46
146
938
462
101
88
437
315
386
716
348
460
395
677
844
66
634
49
234
508
304
734
822
874
598
515
184
806
332
718
801
540
122
725
888
979
323
677
679
453
440
311
64
811
941
497
928
364
258
324
271
390
34
191
797
578
187
666
605
344
300
531
551
708
321
933
960
56
298
782
327
789
63
35
792
937
94
57
879
683
950
229
149
25
724
438
88
637
859
235
156
713
697
770
361
678
761
71
689
796
762
504
387
79
698
689
518
113
269
942
718
678
920
568
965
313
592
728
912
793
519
892
222
884
320
278
359
455
754
654
465
159
952
721
552
575
982
337
820
6
858
780
680
29
581
557
928
544
956
153
761
335
6
775
98
218
212
265
419
392
542
926
583
765
935
947
321
815
482
930
178
939
872
568
14
704
745
148
361
663
369
588
818
314
886
231
397
998
300
989
165
808
302
281
660
884
342
738
882
624
170
210
399
622
93
350
453
162
685
769
234
534
8
538
806
805
591
79
908
630
749
71
701
833
610
646
224
444
101
19
169
853
4
336
666
157
605
538
738
418
339
784
839
885
820
350
666
164
19
79
739
913
84
712
614
833
768
92
122
766
914
294
661
579
820
407
807
836
579
383
832
977
313
31
106
626
47
678
85
515
732
464
113
94
70
420
769
721
213
224
109
823
96
636
521
962
641
50
234
804
695
444
706
897
408
557
352
528
766
281
501
731
488
935
431
754
94
72
982
700
846
793
57
714
212
959
927
654
694
780
8
602
987
386
552
998
357
613
740
551
345
230
831
509
713
137
143
656
311
120
348
467
230
285
158
460
178
280
536
334
868
374
506
218
261
449
838
117
558
185
548
776
191
961
740
35
495
190
84
955
175
119
914
742
865
927
513
471
683
193
286
699
248
552
280
503
623
239
984
384
606
676
906
677
804
486
376
521
653
415
997
726
970
935
267
795
911
86
601
78
975
129
66
2
59
242
468
699
1
143
421
420
24
752
114
912
184
657
899
465
139
609
677
906
