497
332
730
95
393
467
220
975
476
657
260
758
708
262
687
269
735
472
41
254
682
810
38
817
410
185
610
511
267
25
473
38
916
632
98
324
806
190
95
465
6
279
574
624
482
302
166
839
637
519
299
732
192
574
856
360
683
909
524
595
241
293
731
559
980
439
75
711
925
509
701
931
230
783
651
329
354
543
889
197
19
397
131
562
954
122
289
986
640
689
727
981
60
608
150
471
766
240
329
166
337
575
435
506
457
749
256
295
971
899
970
185
873
908
47
597
653
317
355
362
874
467
249
129
103
19
37
46
117
891
9
690
298
15
871
247
293
334
369
704
707
287
904
768
692
692
104
183
377
547
918
873
478
83
552
2
680
252
809
943
239
817
15
504
524
190
430
541
115
738
513
290
72
831
300
829
799
966
43
955
204
617
429
760
642
953
898
579
31
562
266
743
574
23
728
651
129
876
385
752
129
796
634
547
39
329
619
380
80
48
147
566
820
65
512
923
851
269
237
598
329
87
58
416
920
145
539
667
430
846
654
843
367
179
219
989
715
319
963
87
456
570
654
698
635
373
112
917
154
391
65
352
412
498
213
324
112
601
324
110
667
553
739
431
896
344
975
154
932
809
286
273
674
528
76
52
727
495
555
687
372
721
829
156
578
876
876
485
756
909
440
827
752
716
51
789
817
906
616
870
925
483
659
914
516
230
617
619
101
855
809
833
682
235
986
818
527
38
775
571
338
430
257
686
790
200
324
108
58
995
609
455
125
29
529
848
594
825
548
881
700
83
163
346
499
546
742
432
155
748
814
644
62
363
363
314
554
874
462
180
113
378
371
783
630
810
195
362
21
560
300
610
391
490
817
608
863
41
520
385
762
498
480
158
15
746
92
363
11
545
164
979
243
130
597
482
731
395
335
607
536
262
378
866
713
384
819
185
317
482
492
81
368
729
379
222
791
190
56
300
532
495
830
131
68
165
198
207
653
623
8
651
380
332
441
464
395
17
333
506
233
202
105
421
134
86
492
601
808
148
554
291
946
211
651
660
448
766
628
163
756
475
592
423
623
271
222
246
103
379
374
652
281
639
761
858
682
951
653
714
521
175
428
850
485
388
728
444
862
995
764
785
126
674
639
569
633
159
406
340
167
868
865
627
696
803
871
601
31
117
74
841
949
872
736
455
842
192
278
80
297
548
24
796
780
409
286
328
78
177
162
365
111
150
312
294
744
17
594
150
666
910
84
712
673
206
19
399
109
730
366
761
303
433
46
204
136
81
789
333
189
551
934
498
863
307
606
968
521
237
45
763
470
802
124
655
573
988
567
473
579
846
438
596
257
758
478
43
810
766
777
664
760
407
118
934
809
416
749
294
158
726
613
982
788
1
17
181
92
334
946
14
470
592
54
353
837
207
185
370
81
538
264
263
354
650
391
363
4
236
594
632
348
324
699
110
100
189
701
457
445
731
407
861
670
696
891
662
486
777
310
468
692
684
847
729
893
288
379
293
168
524
639
466
612
239
392
739
616
987
697
246
465
976
484
131
998
150
1
600
744
621
950
971
784
693
501
47
536
435
251
461
749
187
495
144
976
989
326
216
676
754
172
26
963
702
452
972
731
99
291
105
448
884
211
735
432
733
586
128
67
513
128
419
60
927
627
463
559
193
83
444
352
261
673
871
106
651
542
815
20
214
45
303
734
136
686
646
640
237
306
4
776
784
410
951
884
61
610
343
779
785
526
551
112
546
597
37
362
870
528
322
8
314
399
914
771
729
239
139
610
317
515
631
40
878
183
389
927
706
667
362
352
62
468
219
95
323
454
648
230
778
398
236
972
958
867
840
87
850
429
880
474
290
382
86
748
470
76
93
566
389
605
225
293
372
265
420
162
41
872
271
40
837
362
795
383
436
342
380
450
59
350
346
500
476
725
372
138
606
200
444
372
845
875
819
445
955
962
352
47
565
591
72
154
878
167
727
648
455
569
484
984
961
53
517
682
339
2
614
226
372
883
579
583
808
514
421
685
569
141
30
211
287
261
403
498
570
782
110
367
721
143
494
112
525
866
653
680
878
999
592
587
227
731
660
367
691
735
173
189
608
344
966
514
751
591
739
827
631
654
722
12
882
567
406
763
299
65
40
822
237
136
7
622
469
566
403
90
114
537
399
697
35
385
218
277
496
929
212
132
408
983
418
312
794
930
344
223
404
211
988
894
562
693
689
771
967
224
278
518
432
96
815
775
394
297
80
225
9
5
610
299
560
975
286
128
46
699
350
75
64
340
826
84
206
588
118
505
167
493
254
613
943
176
791
496
326
596
925
11
245
402
110
710
585
322
702
258
645
725
123
675
344
975
647
515
463
62
168
387
620
704
112
266
415
446
87
554
52
337
351
486
103
77
547
50
818
935
327
163
124
439
487
732
352
383
91
500
100
530
633
17
447
402
129
569
827
896
593
618
365
3
986
431
481
844
142
833
435
733
847
293
901
656
923
462
96
582
560
21
355
463
166
557
879
619
135
747
358
897
643
980
691
615
268
28
427
889
777
868
452
649
440
709
924
833
562
175
627
68
212
258
406
769
607
202
451
396
718
484
666
199
907
701
971
942
606
922
518
518
984
531
459
571
103
930
817
748
462
949
571
354
495
524
171
413
184
241
806
258
957
135
344
668
31
140
782
705
220
421
744
416
159
230
618
395
60
934
149
88
9
688
189
168
141
123
243
5
255
732
423
477
15
514
993
284
996
16
538
641
358
502
566
588
148
938
463
768
88
310
489
391
304
864
785
249
644
763
687
269
95
561
358
70
550
568
355
877
698
20
964
229
758
601
918
476
658
189
99
81
724
902
345
44
574
979
768
555
520
816
303
45
370
647
505
11
711
445
443
921
959
202
888
701
447
821
939
582
49
554
210
681
54
420
172
80
436
99
120
57
305
585
836
286
667
475
597
78
729
486
209
5
193
175
976
499
476
932
976
312
869
694
314
720
396
307
688
646
161
593
929
472
829
100
234
326
432
357
942
738
65
700
77
306
531
323
941
350
446
633
847
397
995
777
773
772
619
403
493
473
681
387
856
1000
408
997
656
84
34
108
952
733
734
495
887
907
699
591
658
930
925
86
47
739
18
326
784
955
879
216
985
202
311
710
401
322
651
902
730
653
232
903
611
23
504
536
268
475
342
489
254
189
559
588
340
828
394
371
120
603
297
243
707
327
763
353
640
134
718
844
554
918
703
418
747
319
907
830
474
61
764
88
752
37
227
162
161
0
232
769
925
63
341
324
676
187
399
140
751
348
998
781
908
199
986
692
21
341
22
374
548
830
391
498
486
920
623
970
157
507
30
941
118
900
709
554
909
770
241
728
487
887
430
868
832
407
542
528
676
24
958
567
685
323
571
388
628
501
405
363
181
178
208
605
257
689
116
430
836
910
699
64
441
423
716
661
518
299
749
295
50
322
309
739
815
936
777
991
456
667
579
632
85
227
577
781
471
226
838
379
356
825
839
138
780
109
576
914
895
278
585
397
800
401
229
413
340
439
669
575
290
841
848
258
134
984
72
784
464
845
638
230
108
579
116
27
38
318
286
572
889
126
208
593
679
705
627
48
868
458
764
236
823
399
262
124
597
888
550
494
45
571
834
804
673
884
645
580
798
962
349
253
310
681
438
147
547
632
698
503
685
996
239
370
317
733
574
312
151
499
522
355
331
440
973
790
834
770
927
473
272
908
822
971
503
484
214
153
576
592
397
829
76
169
188
404
142
714
615
567
742
17
625
110
544
234
417
605
851
442
118
416
189
32
783
202
485
869
870
739
509
742
704
277
538
742
96
595
712
962
711
96
993
967
682
800
746
485
555
804
186
691
770
949
708
698
68
620
482
812
924
122
459
985
884
500
503
530
311
499
337
577
473
243
997
512
110
763
570
205
1
399
514
155
348
906
233
747
539
33
191
934
16
29
113
444
961
342
616
528
894
233
110
675
276
812
54
202
515
904
758
891
924
71
976
651
184
896
544
564
609
712
46
178
184
541
734
252
509
319
519
46
500
689
963
853
42
537
409
432
890
688
356
48
42
433
656
47
527
882
783
693
181
591
629
130
381
508
421
762
72
404
268
573
708
844
458
187
925
557
569
184
618
145
520
668
306
289
376
860
547
863
141
11
453
803
786
757
687
345
381
866
536
974
921
915
752
980
206
505
895
468
456
144
4
812
976
222
688
852
900
717
10
134
648
559
374
617
571
609
100
767
391
145
751
333
946
257
723
674
392
381
413
535
461
259
481
312
819
196
976
522
461
892
397
27
435
915
184
291
717
618
748
48
806
458
121
986
343
168
167
539
95
134
234
686
184
179
398
105
925
822
188
638
237
716
255
496
209
140
412
222
689
93
411
30
819
881
339
835
997
801
223
281
915
305
129
48
962
139
968
148
69
283
896
200
141
691
110
467
519
45
814
1000
162
933
56
588
725
766
323
246
319
213
480
374
817
707
634
945
807
226
319
967
542
42
162
673
293
907
351
226
484
921
962
883
19
206
981
157
397
154
547
250
137
317
654
385
605
373
831
832
467
906
508
175
795
42
870
653
755
95
490
829
330
276
188
590
611
774
932
740
544
894
771
810
13
876
586
652
661
348
563
893
636
22
710
161
61
976
126
202
60
578
491
688
119
428
583
975
233
199
46
636
717
519
982
551
453
28
301
338
467
632
433
451
740
537
758
872
412
15
331
312
949
50
177
455
226
115
789
354
917
576
325
178
774
842
989
565
695
295
217
643
816
497
330
285
147
258
348
821
553
83
168
373
897
592
765
876
128
619
941
975
633
696
480
58
677
893
354
342
659
47
611
329
871
967
165
109
172
113
151
555
970
582
347
240
59
130
918
995
142
436
463
485
564
145
557
944
760
714
667
567
998
35
475
986
838
280
139
37
126
935
911
448
252
929
68
168
326
974
896
153
160
79
67
729
625
684
50
386
133
830
271
329
839
859
133
710
292
425
945
642
264
612
548
909
92
284
352
871
263
544
145
524
911
10
222
10
409
921
580
709
278
511
802
707
984
499
358
216
384
399
828
901
47
211
912
173
760
501
446
466
441
113
973
780
229
971
156
508
511
315
156
3
514
514
178
383
709
49
48
199
102
686
527
249
409
116
441
514
359
236
149
531
369
600
605
220
994
447
914
857
938
706
448
986
205
603
817
771
24
986
495
973
10
983
600
527
489
620
27
764
309
364
551
781
764
771
924
118
983
144
504
893
697
47
774
873
615
498
683
946
619
632
908
621
776
266
567
501
369
602
424
320
394
244
702
389
551
508
467
632
488
517
753
583
739
674
113
713
51
460
238
917
917
428
621
54
641
731
765
668
132
321
303
615
973
980
736
727
390
338
369
162
436
763
510
625
220
33
303
850
660
702
496
622
19
193
892
692
685
581
555
129
274
151
462
644
981
423
547
37
884
107
477
201
326
830
382
114
300
425
631
930
427
451
962
932
295
861
100
837
93
242
55
977
557
580
885
965
985
174
784
552
576
574
766
11
500
412
736
79
282
261
246
160
179
679
960
382
259
480
550
501
833
413
144
438
888
477
679
435
67
314
384
643
277
77
69
476
606
421
754
745
474
602
218
46
844
577
41
707
693
951
668
588
764
12
515
468
707
824
80
210
946
674
45
137
947
605
674
189
662
783
847
735
390
353
5
660
396
613
313
568
54
80
65
768
61
441
356
894
603
189
774
9
645
563
16
534
806
256
989
633
525
902
244
135
484
274
194
369
177
207
372
561
275
999
952
743
471
110
879
530
162
51
38
115
560
41
38
995
492
720
80
794
97
933
403
700
214
297
554
575
371
792
370
415
490
477
987
312
110
182
315
330
918
738
605
581
395
180
142
142
644
589
140
750
916
777
334
846
714
409
982
39
203
813
215
118
43
670
952
307
139
32
187
444
870
690
65
550
960
268
115
739
839
45
546
85
558
818
69
452
322
979
292
762
268
666
370
264
16
50
760
856
86
51
41
686
226
466
667
202
104
76
299
533
865
650
800
475
239
185
136
801
854
18
429
100
267
762
260
169
429
1
504
918
57
376
177
331
670
3
310
278
582
387
792
883
978
342
58
160
955
494
879
367
856
389
725
446
679
522
392
821
247
20
670
749
995
361
188
57
292
89
289
821
925
997
716
136
644
648
872
150
64
370
132
294
289
67
961
489
881
320
768
870
435
925
134
376
680
107
421
474
982
155
552
434
295
653
687
42
269
736
177
280
773
919
759
921
116
412
251
219
295
280
410
426
634
973
164
182
941
731
512
384
509
217
965
19
641
116
666
16
525
156
100
688
118
468
169
988
241
363
895
717
184
63
897
270
224
740
681
55
767
826
857
259
647
674
730
781
803
630
314
464
233
515
890
808
189
149
271
224
775
774
846
835
914
758
32
581
261
920
526
241
665
737
137
765
109
34
24
483
671
182
848
134
950
120
922
636
969
252
993
705
299
343
183
723
689
256
174
1000
66
849
405
756
772
761
323
704
612
456
625
453
236
777
765
30
967
808
757
736
219
875
816
19
869
624
909
623
758
139
703
361
109
713
203
912
537
264
348
134
18
415
961
55
801
368
328
290
990
114
345
702
812
331
715
371
480
546
411
547
740
2
758
374
125
550
673
115
984
511
760
458
191
31
383
215
770
924
819
251
725
372
500
429
982
419
954
417
69
687
208
70
358
449
30
472
262
572
481
279
769
96
536
329
467
543
368
158
918
422
807
915
821
347
747
904
10
212
553
751
842
941
1
333
113
303
440
20
404
779
953
141
592
307
3
275
595
563
313
937
799
795
92
743
132
865
209
146
19
472
350
894
679
584
352
36
408
135
725
49
171
346
804
269
996
176
719
550
587
28
475
372
71
988
822
336
988
392
930
212
498
769
148
34
402
802
273
652
951
263
114
993
598
302
140
265
623
483
259
807
401
314
562
380
763
955
839
754
182
515
342
986
981
622
301
824
838
835
372
480
498
486
128
270
186
51
723
764
692
757
21
896
669
850
142
646
680
606
806
723
193
194
535
912
105
35
187
782
750
832
178
648
968
618
308
444
179
319
969
493
262
270
365
69
291
447
439
681
263
862
675
428
498
980
724
207
616
27
736
685
113
795
140
523
56
952
217
4
22
6
419
952
230
517
201
39
844
824
67
297
263
657
358
666
984
328
573
179
297
360
577
917
372
101
302
360
834
0
443
636
843
599
803
729
67
266
996
449
109
756
826
868
535
876
587
750
807
283
77
172
571
278
687
587
913
718
894
390
410
554
333
222
764
225
442
184
349
240
175
343
342
663
640
538
240
417
381
334
798
267
949
92
904
776
269
470
858
783
65
464
266
883
783
517
856
338
376
506
961
438
988
964
535
609
295
545
914
927
988
597
998
552
492
878
127
63
82
8
272
225
299
940
722
7
451
0
127
295
975
652
155
340
701
747
826
242
293
422
395
532
944
55
180
55
936
563
388
894
641
368
958
681
790
0
671
899
750
82
854
307
55
200
497
647
812
264
148
329
996
741
368
108
334
219
63
545
160
686
933
706
219
588
127
572
595
130
582
70
649
575
460
699
565
972
388
599
900
817
56
747
418
898
882
12
743
262
836
903
175
404
317
219
908
167
261
233
691
376
293
519
607
752
370
174
102
611
335
125
38
368
896
284
969
325
765
881
38
761
628
655
173
855
735
632
26
538
251
113
917
820
420
457
637
551
215
553
395
331
419
431
59
285
427
785
712
282
483
33
584
16
307
913
207
794
155
892
447
531
255
510
560
634
744
112
777
313
569
503
618
377
296
206
610
396
618
268
628
327
809
70
822
469
683
905
252
484
183
428
802
970
580
103
33
497
561
191
288
369
741
74
279
821
459
620
568
458
172
71
299
53
619
75
163
752
35
500
407
279
733
417
476
281
795
950
612
446
799
415
520
187
718
696
336
33
37
856
363
631
734
179
753
615
365
141
568
696
588
156
222
833
557
520
943
623
150
428
550
20
698
722
47
901
489
646
135
421
408
579
917
801
686
688
143
999
73
579
19
797
564
238
578
567
513
671
371
816
100
91
168
854
334
61
263
368
718
53
150
218
114
202
236
724
350
545
17
955
874
183
527
217
866
699
541
263
503
495
12
610
103
813
237
349
627
601
523
852
807
220
512
691
477
355
24
883
995
345
841
331
1000
25
117
581
599
867
832
205
62
894
613
691
291
639
916
266
596
522
265
542
100
506
266
202
450
681
68
427
148
530
203
478
466
394
582
649
609
924
563
507
37
780
941
673
271
407
493
605
306
485
423
828
412
914
856
880
300
834
647
436
228
656
617
103
183
324
994
170
683
430
973
107
846
754
50
835
855
130
174
724
459
165
216
496
766
826
843
153
866
686
63
391
443
661
986
951
845
866
719
503
812
61
217
454
541
696
757
655
60
936
557
749
798
454
357
534
388
475
451
279
89
327
172
500
150
332
335
795
777
17
613
996
992
137
376
85
958
965
162
540
114
535
895
635
435
993
112
121
246
208
84
78
754
654
58
635
444
836
879
240
613
794
821
396
628
32
122
837
30
934
392
300
243
19
566
636
794
165
770
842
717
490
745
139
215
249
357
70
890
455
220
456
830
219
511
385
599
562
581
581
332
192
328
469
822
127
133
305
400
844
377
207
177
425
621
144
935
446
729
277
730
585
824
378
740
536
875
574
518
596
471
282
682
80
878
983
755
178
22
758
355
171
3
192
951
707
287
545
682
853
856
187
208
738
604
36
495
471
389
771
944
649
228
407
801
416
763
708
95
875
842
144
865
983
272
909
92
407
450
357
331
295
177
868
246
805
601
231
825
24
27
183
373
615
354
519
982
298
407
179
633
768
327
706
176
655
299
191
337
712
995
688
597
82
423
582
501
527
244
854
559
152
48
217
306
237
328
477
92
39
580
390
628
53
605
456
439
516
487
13
155
188
938
885
500
799
343
526
308
290
621
565
103
351
265
207
184
377
228
176
841
172
278
736
549
41
455
706
582
170
999
809
960
254
947
919
433
719
713
825
266
800
471
119
438
806
454
155
656
271
50
603
773
37
523
73
804
630
845
121
900
442
17
678
635
704
817
999
98
923
63
536
125
937
663
777
647
977
207
524
577
274
183
248
274
661
889
660
540
357
70
878
0
902
547
651
270
448
794
692
565
914
481
381
898
637
248
888
388
809
877
914
272
324
669
962
305
816
442
949
844
144
144
711
593
602
552
690
164
986
719
336
947
266
279
281
11
10
404
103
689
994
102
648
276
536
677
97
930
554
802
60
276
496
412
183
493
872
552
424
616
250
352
95
729
713
853
822
157
753
964
372
356
440
282
924
595
606
560
366
521
615
81
45
602
34
194
631
559
259
87
942
808
968
111
433
704
795
90
517
177
938
888
942
831
599
100
193
173
348
534
985
557
543
682
150
796
287
881
479
17
796
989
733
450
774
803
112
32
532
376
346
176
757
52
623
599
344
737
515
432
691
263
995
620
839
290
554
301
370
311
925
408
521
313
220
199
684
625
193
924
636
910
157
937
984
259
792
778
620
923
408
259
677
743
742
334
481
88
570
34
513
451
255
371
695
936
285
385
768
695
300
216
887
914
526
715
833
904
856
797
796
146
589
224
258
419
394
431
464
547
503
324
590
449
264
387
120
225
947
342
537
522
621
796
491
102
957
236
308
566
51
660
782
450
438
894
707
863
158
746
528
423
530
499
796
787
838
511
20
367
685
874
84
476
643
651
193
748
91
169
591
216
386
472
441
105
3
780
411
301
272
421
631
967
819
363
233
662
161
637
163
512
645
932
356
375
886
345
223
610
563
919
443
216
958
917
914
936
265
599
403
351
67
704
7
982
672
392
858
393
983
499
60
627
904
999
942
430
964
811
763
3
612
301
9
849
163
42
291
786
662
275
830
816
910
418
845
293
325
802
738
166
820
403
178
436
470
969
545
711
258
25
535
3
732
401
284
521
171
414
209
997
770
469
688
829
729
489
873
958
944
749
322
877
17
26
998
688
281
475
456
739
981
68
746
703
290
241
906
30
505
26
255
989
891
518
353
973
753
888
244
376
153
597
174
17
750
826
742
154
210
355
137
895
640
861
553
488
112
790
362
361
193
122
28
148
464
496
319
222
506
217
183
384
983
712
972
268
695
892
121
895
55
655
109
216
45
162
658
233
959
751
256
356
358
844
346
679
388
949
190
677
345
394
337
694
391
133
244
168
625
887
855
460
21
624
65
396
303
40
979
636
724
768
572
45
156
642
301
10
965
834
424
622
393
170
629
188
268
111
899
441
609
316
881
692
35
987
755
781
348
199
180
882
556
959
407
318
41
543
207
392
953
111
385
202
868
403
731
361
700
367
223
673
751
992
884
982
692
673
365
844
886
119
676
917
214
648
710
987
562
677
386
832
783
946
26
750
17
996
798
404
910
827
356
898
984
96
563
952
723
85
139
981
977
919
94
505
181
630
72
248
768
13
115
830
546
445
677
190
394
481
198
858
109
152
814
748
271
121
832
776
113
36
967
237
187
757
610
639
339
641
672
962
542
830
213
968
534
455
253
431
110
706
849
225
649
687
965
38
411
927
353
385
457
872
850
527
913
428
80
126
34
156
331
638
590
38
715
57
702
24
110
180
842
619
614
297
809
241
822
448
493
416
537
1000
73
614
907
677
582
772
379
271
749
591
988
649
126
597
139
198
466
884
129
124
298
215
636
417
331
835
981
103
646
866
540
334
947
226
370
440
981
730
389
663
687
302
163
818
721
37
283
246
381
760
895
813
18
856
747
423
359
957
683
727
824
122
266
652
993
673
852
426
871
822
214
386
459
649
555
827
183
788
628
876
724
326
45
183
576
8
319
175
965
571
22
227
281
874
572
509
59
598
816
166
635
933
702
341
604
196
914
280
212
59
198
726
648
460
868
96
105
183
208
821
154
316
469
903
305
381
857
685
395
379
102
585
691
730
714
188
593
187
167
172
479
901
239
252
291
40
496
801
306
262
751
796
393
304
346
178
541
747
737
252
238
337
670
992
490
511
64
80
355
601
296
887
278
993
3
668
934
830
710
938
912
169
769
499
19
645
353
398
609
173
576
832
436
1000
325
887
48
887
845
987
696
623
457
464
144
535
701
210
47
385
138
67
484
728
92
678
94
599
307
828
17
441
220
804
87
630
784
626
473
835
628
636
143
646
391
334
235
623
78
138
303
412
260
611
619
275
37
307
614
427
138
327
778
904
262
44
168
434
820
226
377
379
469
514
156
800
218
849
948
397
840
0
506
617
466
440
473
786
931
384
709
597
159
679
200
755
309
978
580
89
642
90
199
645
172
396
66
359
176
748
769
367
698
837
187
648
728
21
771
69
50
724
233
784
529
849
955
554
918
320
218
215
253
72
681
865
553
814
460
397
349
900
754
87
852
241
280
360
135
8
532
247
691
843
447
602
524
133
948
645
188
12
319
167
94
94
124
312
379
117
326
870
733
90
724
10
508
566
915
80
421
443
813
14
153
599
804
671
64
281
445
265
173
818
374
243
926
792
865
634
431
621
789
996
643
499
330
840
94
184
885
343
906
495
759
965
961
85
686
283
656
429
483
172
675
988
12
213
625
925
333
311
500
454
227
675
774
959
785
441
785
495
917
151
550
252
554
207
381
942
882
472
447
106
924
283
238
328
57
51
240
646
463
139
863
506
895
806
732
957
72
991
765
447
669
453
168
460
679
483
431
306
638
680
175
967
664
31
424
140
264
943
614
762
282
750
745
426
501
434
911
108
269
239
172
220
258
668
689
989
912
580
608
336
130
145
218
850
165
748
745
11
55
539
496
736
851
143
652
146
163
139
145
418
219
510
690
545
675
684
419
627
124
920
159
272
941
725
71
986
450
281
990
551
47
439
751
155
57
631
100
157
453
646
856
606
125
26
949
912
370
70
782
557
959
230
76
791
107
543
344
729
844
641
430
393
259
974
625
795
827
362
824
909
613
945
311
192
430
263
330
833
990
395
313
84
355
83
836
914
73
929
230
621
965
617
820
929
436
419
682
553
643
61
775
669
814
439
425
944
670
590
492
372
846
168
667
967
346
356
924
155
475
418
100
327
1000
368
661
367
458
256
662
719
29
822
183
466
895
799
228
692
942
955
779
89
654
842
610
290
999
828
47
791
145
490
642
641
431
364
202
881
667
968
625
238
862
781
759
350
153
841
863
718
116
612
79
300
588
871
289
859
414
54
658
645
54
360
189
803
41
911
175
725
71
183
275
976
995
445
224
658
25
648
323
429
152
922
497
404
754
385
702
335
785
697
221
303
634
183
927
917
442
685
323
383
344
800
432
658
167
897
258
220
407
982
247
155
782
346
620
763
924
252
959
773
76
257
153
638
980
589
417
5
276
408
341
626
358
390
764
931
360
53
547
423
126
71
125
347
562
661
47
292
66
546
82
411
77
74
413
278
649
677
338
217
488
171
469
513
912
264
585
96
647
411
528
671
941
622
294
116
616
742
862
930
551
17
148
614
144
327
179
614
337
490
484
621
847
372
896
596
739
409
795
583
398
304
117
864
745
14
268
960
569
511
155
637
208
155
408
873
400
239
845
850
934
275
498
412
159
251
824
981
237
813
937
1
284
168
245
455
425
894
614
564
670
789
978
133
533
181
432
126
798
933
347
685
524
19
668
971
59
414
941
794
1
141
669
561
275
753
797
920
2
55
544
208
672
440
650
425
690
998
438
177
586
574
574
844
862
383
396
271
212
250
943
658
293
530
234
656
903
908
931
227
960
558
388
94
157
435
715
543
37
713
755
481
582
434
427
334
364
31
936
741
321
44
479
746
303
853
787
335
262
322
553
164
181
140
853
607
741
50
725
539
128
169
564
150
896
359
289
925
646
304
918
666
709
863
743
991
154
661
329
774
220
999
260
745
482
10
494
463
396
935
983
225
656
891
691
688
205
31
293
407
253
13
826
252
940
138
879
612
902
710
715
535
733
304
719
802
402
584
721
567
69
310
4
965
772
662
546
515
956
976
50
124
662
442
51
362
404
883
43
587
58
760
441
372
59
182
283
395
354
748
114
738
333
972
793
880
557
685
184
652
950
555
452
651
750
818
42
720
57
943
877
918
747
245
119
895
753
150
54
404
948
595
311
662
262
820
154
851
763
364
510
95
496
705
76
373
385
101
420
233
153
270
764
892
79
808
950
899
404
565
884
465
250
428
860
411
287
330
55
44
69
109
73
647
995
203
779
176
44
933
125
936
981
863
840
822
834
92
772
43
695
887
365
442
204
490
154
509
347
551
268
181
86
269
745
349
880
930
161
231
928
687
10
46
654
86
456
778
719
890
809
904
77
886
108
812
4
287
708
341
207
899
782
683
623
135
303
579
415
72
779
467
167
212
777
115
118
880
506
852
846
786
868
714
830
702
409
486
454
742
146
683
194
838
69
577
887
736
113
632
632
663
994
99
31
767
976
673
557
758
306
689
51
986
399
568
797
517
372
458
817
982
476
493
673
463
617
597
283
305
448
193
125
97
856
368
779
612
538
580
511
869
979
429
308
224
707
274
326
885
787
478
818
135
818
329
568
180
388
288
147
20
904
135
584
83
162
537
69
480
38
617
291
877
600
234
50
915
941
707
386
933
458
321
788
10
141
461
370
705
100
957
746
795
717
925
201
638
723
627
967
517
110
750
567
341
258
553
112
941
427
455
453
360
199
520
313
147
63
492
602
650
685
196
11
483
978
950
998
676
92
210
992
131
822
278
245
871
524
123
54
393
548
235
830
239
780
893
118
768
49
474
880
409
84
359
810
678
418
517
293
628
46
355
863
148
299
211
592
438
450
911
309
836
593
889
115
948
508
285
857
90
680
584
324
480
521
554
199
381
624
797
235
87
371
415
701
125
577
160
643
65
366
699
300
771
705
705
212
706
384
562
113
751
650
655
886
464
639
709
171
864
26
877
741
163
70
769
291
95
542
917
995
140
819
29
56
176
873
307
319
306
681
613
936
912
298
647
340
7
624
979
384
73
705
237
555
598
425
80
145
30
192
399
812
626
839
937
863
498
998
296
726
911
156
349
505
619
552
704
970
656
879
72
160
692
852
278
458
444
933
245
177
109
644
919
817
588
203
537
141
392
565
341
230
990
580
707
465
187
979
94
414
732
821
721
19
81
245
259
56
856
576
239
965
250
391
969
506
140
702
178
980
188
174
824
721
120
409
643
862
871
469
480
81
666
346
414
943
72
838
362
992
565
611
266
550
45
43
171
466
27
605
491
190
221
72
724
121
923
907
404
199
130
86
706
944
724
572
400
781
235
901
422
734
875
514
819
372
825
60
800
319
304
669
399
990
29
87
205
918
915
291
464
385
635
482
477
537
750
420
7
582
79
823
667
50
195
773
679
600
860
545
257
249
601
128
50
522
93
960
557
895
660
790
380
787
789
683
155
430
953
971
530
120
57
901
713
479
37
827
117
6
158
452
866
475
914
763
412
865
368
484
254
401
562
850
202
910
939
569
759
285
590
112
816
39
623
16
834
916
961
395
228
357
936
586
602
308
551
38
475
290
277
630
367
821
125
930
2
983
373
664
224
270
285
213
731
448
171
167
693
759
625
676
64
80
84
925
303
95
925
169
723
209
187
952
888
363
167
234
613
637
648
76
84
644
972
597
641
115
40
464
137
766
796
617
763
10
231
237
522
215
757
910
926
756
672
382
726
538
609
189
681
701
728
295
323
700
689
127
989
11
304
930
348
463
283
648
690
705
477
732
143
876
400
704
407
467
305
236
184
419
207
228
349
402
788
452
48
561
784
886
182
505
243
904
218
677
531
945
764
857
865
671
972
113
726
272
457
339
810
148
426
848
297
535
782
431
268
1
496
116
502
438
184
162
80
108
239
324
27
433
925
621
906
493
995
203
768
288
177
506
439
927
798
759
52
510
167
406
755
41
349
353
340
359
979
7
39
379
350
829
365
518
608
819
57
957
534
43
338
967
434
562
592
965
37
122
749
565
982
86
573
785
419
286
693
974
571
941
22
198
88
705
240
354
64
938
775
464
359
37
353
474
376
33
671
770
540
735
707
597
457
219
781
824
377
234
530
558
992
320
871
365
174
767
659
578
776
191
929
267
632
415
836
993
177
111
285
231
825
162
619
511
115
687
117
70
608
76
128
931
30
434
959
326
986
863
466
838
774
665
123
1000
638
235
115
182
241
654
248
617
595
801
749
168
237
306
526
613
94
256
136
127
762
505
809
171
495
670
347
263
115
637
435
674
585
798
362
454
52
245
54
780
152
342
465
706
390
352
952
388
738
517
512
666
549
420
412
46
124
162
824
469
615
115
885
621
335
757
584
965
853
340
725
953
512
43
181
7
900
503
751
919
96
634
579
77
250
260
500
6
423
614
259
81
373
978
697
347
611
70
896
352
379
119
432
747
19
460
209
645
377
366
19
371
853
476
445
110
9
777
7
956
859
598
592
942
986
563
834
682
320
990
984
5
184
431
82
627
206
447
376
263
197
746
322
292
611
683
377
54
997
649
548
179
762
249
862
640
131
876
199
359
764
804
846
792
51
523
789
698
525
156
407
928
282
112
166
77
100
720
161
623
399
489
470
77
381
267
418
45
714
116
905
703
363
893
110
593
314
634
403
388
23
570
72
983
785
133
531
975
234
87
213
69
698
103
597
164
888
651
983
977
665
888
532
147
731
406
454
773
331
875
187
34
669
701
246
254
677
876
338
875
788
115
998
397
865
436
426
69
47
696
583
266
935
989
136
775
600
58
656
176
483
818
405
87
350
129
112
315
684
604
979
48
193
430
609
296
158
422
722
536
75
262
86
965
292
412
447
515
96
655
600
664
643
700
262
321
81
998
754
488
30
776
582
822
63
958
188
263
127
130
131
425
48
244
202
133
472
820
933
416
532
242
948
44
503
691
171
945
266
480
766
574
753
254
956
962
613
658
981
748
77
831
97
974
230
365
476
582
24
271
268
902
549
222
526
937
512
890
282
961
229
316
116
860
651
96
375
817
972
850
805
946
336
453
211
536
741
380
558
866
993
556
598
248
32
770
678
381
879
592
684
810
687
809
609
908
543
23
592
589
191
354
849
803
520
864
798
315
626
139
143
496
709
127
11
376
672
150
112
961
97
760
410
517
745
559
625
969
7
957
30
123
922
558
345
8
476
121
391
161
317
260
297
522
527
103
802
526
604
397
643
739
688
758
760
696
428
733
647
834
176
746
385
379
525
939
631
738
393
217
733
771
904
660
656
684
90
537
1
847
888
110
130
736
926
939
180
129
625
264
732
779
674
906
759
168
224
479
882
175
430
545
297
958
130
348
433
526
269
674
582
340
912
451
802
774
642
528
382
189
406
443
249
31
411
886
730
679
370
255
113
462
292
221
240
650
603
105
210
549
753
163
725
649
516
881
194
631
156
213
492
626
971
67
199
626
589
63
610
216
761
113
914
276
449
972
185
420
110
538
880
732
252
378
345
474
931
422
949
567
346
611
369
774
435
290
893
549
900
750
389
200
57
991
713
989
653
41
231
161
99
287
905
333
707
564
301
955
775
133
812
117
315
4
348
144
780
506
479
270
590
449
794
165
840
594
777
507
151
17
415
940
876
294
121
564
139
693
658
284
60
901
308
38
248
875
703
566
433
465
948
270
398
68
492
24
815
460
950
960
10
742
514
143
667
856
937
912
800
400
952
569
718
910
598
830
561
837
179
249
419
217
126
779
882
712
889
809
609
687
440
223
789
193
244
540
619
509
335
345
492
257
926
761
805
643
412
476
220
762
730
784
213
582
153
507
561
411
65
395
503
878
241
654
66
283
530
11
476
150
138
54
777
496
530
194
32
619
324
238
686
128
251
609
886
472
535
649
37
869
841
43
375
259
241
623
979
117
31
84
431
178
271
502
975
284
922
789
34
712
481
64
706
877
639
544
958
833
618
409
143
981
239
126
83
560
374
716
887
466
351
134
537
85
972
371
221
247
259
637
568
566
870
712
317
140
466
257
545
438
791
213
261
308
229
399
552
341
677
533
972
34
33
125
503
398
578
621
148
148
847
622
784
124
313
622
314
457
779
63
215
568
815
760
534
345
512
198
154
192
764
155
171
721
624
927
490
472
4
899
144
212
256
67
483
159
477
251
513
293
91
126
396
122
551
703
390
45
734
774
918
801
85
679
917
90
610
260
456
430
269
127
414
63
473
617
657
210
601
803
755
577
128
725
169
242
645
973
754
236
277
957
470
620
668
884
191
641
687
226
609
490
965
244
393
52
745
558
626
175
26
962
166
638
555
252
273
427
106
717
365
468
464
695
620
404
171
624
533
534
754
778
483
637
993
609
67
668
736
28
159
457
405
159
370
473
509
481
367
208
53
94
192
959
562
848
97
262
33
912
177
129
449
243
800
685
154
652
448
592
579
546
419
552
24
843
805
538
862
300
706
152
646
484
21
858
572
592
231
548
799
830
706
715
353
69
672
11
28
757
302
439
143
477
957
725
685
142
136
220
900
713
728
655
677
276
870
979
968
484
795
702
114
148
666
513
250
552
337
765
565
789
422
491
243
570
713
66
85
734
586
575
911
837
794
673
723
340
301
600
163
462
899
468
939
653
686
676
135
631
217
919
759
628
887
223
897
952
20
971
500
37
395
56
122
640
595
934
255
298
645
131
48
313
627
887
330
342
357
755
0
96
862
11
500
633
797
43
594
599
663
391
246
165
300
110
499
999
271
257
262
516
41
448
186
469
666
562
191
24
89
501
990
853
473
617
463
913
13
25
32
604
754
53
279
767
857
320
155
377
354
499
630
842
333
353
407
946
352
398
730
666
51
123
509
450
912
870
422
322
684
175
116
172
120
303
858
713
109
462
999
616
767
75
554
873
180
318
954
405
680
596
261
37
434
234
644
759
897
204
259
934
980
693
957
892
659
727
83
147
128
248
349
408
86
704
69
688
530
744
805
95
564
656
202
867
450
846
215
558
864
885
427
98
829
181
135
728
507
474
426
906
272
787
470
826
15
398
522
113
822
963
412
905
250
436
14
153
72
961
722
477
579
206
957
647
184
967
707
968
872
53
135
97
657
651
890
319
708
737
152
723
519
503
902
842
227
771
531
854
89
719
663
259
993
500
450
365
815
251
668
71
408
211
831
318
950
342
549
192
648
862
985
100
640
31
403
762
788
851
421
199
520
722
480
30
711
455
409
845
454
693
219
820
897
788
968
907
312
766
125
860
768
214
146
521
957
938
458
900
937
899
400
640
935
441
557
763
468
262
851
629
388
414
301
640
774
658
580
216
932
549
503
383
395
3
602
800
737
278
345
607
71
970
817
636
661
605
278
546
649
210
160
747
925
142
531
70
604
523
537
288
542
196
773
144
714
61
158
970
331
42
76
614
450
149
329
132
786
76
706
112
34
351
563
235
661
596
259
503
396
119
551
440
112
196
497
433
625
726
929
75
52
619
345
501
514
559
435
557
214
386
374
47
586
835
593
146
686
896
47
972
26
748
169
0
689
915
181
127
94
160
398
114
32
858
48
964
96
943
471
345
79
790
21
47
863
842
418
484
113
356
661
98
756
5
253
518
548
439
64
10
69
299
889
628
160
541
84
75
157
17
614
421
65
946
861
927
610
588
988
1000
873
960
336
882
771
54
29
759
991
996
66
189
91
434
768
371
347
115
767
28
841
596
877
923
882
176
576
613
963
383
881
720
859
354
991
967
644
356
300
27
604
801
840
679
359
627
36
585
529
960
878
125
415
315
585
794
730
266
526
679
445
569
725
627
47
915
539
318
605
668
707
849
262
677
247
814
990
236
740
520
398
383
466
787
807
586
433
139
627
402
545
17
239
51
781
714
378
415
575
546
275
580
465
231
600
437
355
841
227
716
29
648
466
628
199
281
595
380
687
134
824
229
200
695
180
36
86
721
874
33
958
639
666
711
630
192
7
297
440
588
236
286
423
713
472
865
540
54
222
967
190
642
118
60
2
99
967
291
582
606
784
671
429
170
707
983
360
235
165
401
512
531
305
998
956
680
442
197
98
604
580
181
152
802
335
610
403
999
744
353
720
339
648
896
998
95
456
142
124
607
39
829
259
259
380
669
292
996
426
394
751
74
419
422
566
706
319
53
858
804
786
383
851
637
556
207
878
749
891
973
230
774
91
585
842
948
60
213
205
648
27
420
50
460
413
383
319
725
411
496
496
983
756
515
373
435
564
508
226
311
111
820
619
746
334
876
155
680
603
841
246
48
813
171
493
664
624
797
81
711
502
711
185
440
972
506
51
681
543
423
673
349
144
592
483
483
538
40
509
124
123
532
336
149
164
211
840
910
771
485
154
999
773
665
735
405
407
884
696
68
390
982
50
275
136
969
175
428
498
882
948
331
454
623
232
122
490
32
530
64
962
41
152
935
896
728
160
482
429
736
14
510
491
876
667
146
157
248
97
567
30
394
252
464
492
487
535
150
690
324
207
583
697
621
261
347
568
730
480
393
790
719
231
193
53
527
507
872
401
709
751
838
977
715
882
66
116
265
150
899
479
178
991
92
130
943
301
285
774
168
857
238
167
252
939
262
512
757
819
474
247
984
215
926
463
700
767
532
533
454
92
780
71
145
201
541
338
289
874
335
784
470
722
971
361
118
97
869
117
786
266
356
939
738
406
262
642
347
778
633
137
323
210
423
434
443
372
992
256
979
210
775
364
464
184
654
92
601
184
914
86
829
512
505
369
469
81
28
893
848
53
994
714
968
932
473
354
957
769
150
740
890
326
422
302
971
86
264
209
77
309
783
982
234
631
84
355
441
836
888
676
854
616
617
701
783
785
582
110
765
334
576
36
467
133
47
940
680
216
833
479
225
422
606
328
284
702
310
104
748
839
246
211
155
14
886
930
196
874
358
271
143
751
205
312
922
590
701
109
8
830
299
794
489
44
260
205
719
7
310
685
780
99
264
213
472
215
768
621
465
612
685
161
506
640
826
861
90
755
381
199
511
393
454
232
408
11
107
451
416
509
796
613
227
466
580
948
985
182
876
915
145
311
666
130
459
831
869
99
784
530
367
354
200
311
466
203
818
788
991
455
981
433
390
532
609
891
314
437
540
557
936
813
89
63
884
78
74
153
86
162
432
859
153
476
21
994
356
96
856
887
29
835
415
154
298
743
213
370
867
995
653
720
526
768
452
64
466
401
820
851
404
514
975
586
514
757
57
789
524
896
956
186
561
26
394
578
108
932
155
5
854
955
32
726
604
92
479
614
960
516
98
902
69
67
175
599
909
674
379
989
484
507
116
143
142
959
311
757
991
181
851
266
374
409
52
632
241
754
184
56
988
392
978
227
974
598
629
889
603
465
460
356
601
962
634
786
133
849
437
745
556
490
10
667
539
739
286
437
624
376
617
371
593
494
250
751
858
803
167
759
288
389
175
656
147
209
368
982
585
672
29
538
941
248
444
827
941
83
235
82
55
237
448
844
95
572
583
69
106
765
246
879
196
730
391
535
985
592
214
703
294
955
484
340
987
238
930
937
186
870
540
510
215
478
590
337
300
401
365
991
428
964
91
493
305
527
844
436
820
108
158
495
334
718
128
88
588
632
137
30
833
546
828
604
165
953
45
83
756
513
655
57
701
794
225
686
284
905
732
685
537
143
957
217
734
536
484
666
286
785
504
242
716
586
867
190
22
581
588
621
760
994
909
753
126
778
264
851
605
420
182
138
74
743
929
621
530
211
269
158
472
916
501
755
152
219
884
833
341
1000
349
596
830
156
312
770
550
94
329
750
430
241
994
63
282
73
223
977
510
362
340
392
180
897
958
645
945
966
506
298
1000
969
228
962
492
661
451
269
401
842
635
720
463
502
153
201
592
489
492
452
943
367
747
602
295
787
944
509
638
366
558
564
516
906
424
39
20
602
104
152
286
978
428
938
95
887
56
29
347
470
745
996
844
627
0
292
554
975
886
839
528
720
530
814
262
352
700
729
909
422
457
465
864
381
520
416
260
575
290
435
476
887
26
189
446
564
15
642
864
300
242
436
657
144
374
436
724
507
379
235
926
792
151
520
704
589
286
481
372
562
904
575
21
263
414
923
262
625
105
302
661
994
39
413
284
720
177
556
30
752
354
134
58
669
233
571
962
259
134
562
801
338
819
14
406
311
79
927
283
280
575
131
349
674
69
250
947
79
753
979
897
66
15
576
305
297
472
346
701
708
36
454
456
681
415
324
166
336
961
772
986
758
130
459
122
618
749
532
132
411
50
507
418
615
381
814
354
419
510
248
305
436
529
472
201
860
273
13
220
301
828
865
856
101
145
557
86
226
467
623
874
598
217
357
69
686
235
146
965
324
715
682
806
275
445
89
175
698
104
535
70
617
747
190
336
851
187
168
929
86
502
521
890
136
595
484
175
490
398
241
581
798
857
995
344
773
918
299
2
43
350
77
599
763
349
570
142
301
492
508
984
645
106
534
176
223
189
576
175
362
44
606
397
444
900
738
180
71
644
725
521
763
851
301
597
196
33
194
741
303
754
998
700
270
892
809
212
872
677
735
624
559
858
54
886
91
476
938
423
498
618
565
584
486
379
809
646
706
557
769
547
464
805
736
376
985
766
862
222
587
927
799
984
726
347
508
468
126
411
826
89
242
133
858
791
126
638
409
769
530
182
164
520
413
202
88
690
202
672
987
917
693
741
813
39
636
584
462
317
688
200
842
519
942
312
951
223
357
526
118
305
35
263
294
309
68
642
831
435
463
117
114
749
8
850
293
691
245
677
513
614
944
268
158
696
96
311
560
710
405
344
689
978
975
924
647
367
108
12
743
520
755
171
482
923
106
919
700
481
638
296
836
289
79
233
365
716
862
849
712
564
725
119
815
886
761
645
79
570
494
400
543
232
399
202
169
122
117
12
225
68
552
939
440
225
836
119
48
528
46
679
65
107
587
749
398
983
723
149
24
602
686
293
896
445
430
879
356
783
926
656
743
961
115
344
179
584
182
409
5
724
587
647
796
883
22
591
74
597
52
515
486
835
956
639
197
941
480
430
536
81
440
40
862
311
378
138
213
741
641
720
707
748
870
368
711
442
819
937
424
175
863
591
310
916
74
787
320
821
365
386
303
417
123
289
395
594
249
184
336
351
755
663
628
155
612
286
193
824
317
5
234
278
921
51
446
978
832
282
546
363
26
840
92
729
401
722
367
191
89
442
121
287
563
984
448
620
980
144
731
809
351
685
496
316
854
609
153
632
306
603
423
165
61
183
648
909
44
322
4
336
855
638
43
904
920
95
525
193
266
983
853
664
43
58
941
609
5
802
793
505
336
627
442
204
724
372
82
331
526
742
9
376
950
858
354
566
174
400
217
42
420
140
461
402
539
875
238
796
49
200
568
705
46
220
35
572
657
128
819
647
663
563
23
302
111
690
675
390
963
908
826
448
779
787
293
784
4
814
267
427
846
207
253
557
584
861
107
3
158
536
383
991
974
94
424
428
793
552
201
441
945
619
858
72
601
858
135
51
896
488
641
373
378
257
201
664
120
748
33
822
654
