11
271
686
392
992
668
224
474
871
831
513
723
513
578
589
965
630
184
597
663
478
755
535
265
694
634
952
860
101
508
835
349
180
936
723
586
869
987
94
769
216
935
274
896
694
163
8
852
36
957
171
781
619
236
433
647
198
210
658
778
356
585
25
304
921
311
679
453
291
91
505
465
955
332
216
575
412
77
475
568
315
630
25
994
234
219
927
152
654
227
891
994
914
993
187
937
973
356
71
91
882
242
396
722
530
77
481
310
881
338
851
446
592
212
846
543
576
461
986
266
320
627
798
361
717
352
107
275
114
394
432
359
459
637
295
352
481
531
430
469
506
171
377
2
86
554
5
166
295
131
486
601
485
927
954
230
638
287
217
267
215
798
509
931
301
213
635
294
911
366
907
176
363
539
146
351
523
341
158
416
502
404
625
688
269
748
470
501
952
834
533
782
912
39
327
443
824
584
437
408
159
360
766
49
721
345
364
322
985
837
907
75
447
127
510
713
825
286
209
40
393
499
188
283
672
965
129
352
639
893
99
944
456
657
344
525
250
701
618
602
56
669
132
743
103
151
834
990
868
577
986
57
630
262
487
420
997
194
640
874
553
902
872
540
535
180
729
266
83
188
874
8
419
249
464
247
583
739
668
750
944
495
625
995
464
309
527
232
212
458
862
241
775
903
650
493
691
226
750
20
19
597
418
805
49
622
217
499
721
417
463
88
100
487
230
580
690
33
313
417
949
851
14
718
709
869
177
755
787
927
458
763
787
924
447
852
695
141
782
106
755
866
523
548
746
842
592
299
235
297
233
57
130
778
330
584
957
238
312
667
714
989
180
490
782
899
5
461
460
528
702
762
854
23
262
799
789
687
249
928
229
908
256
898
719
955
994
410
254
926
294
961
461
959
195
488
859
933
521
69
485
550
596
914
854
776
213
635
500
251
282
261
726
408
735
803
766
730
465
526
801
786
477
289
784
693
326
67
542
908
532
238
677
79
34
771
314
213
817
37
653
813
724
386
715
281
132
560
623
762
691
18
988
881
64
430
2
946
345
822
756
174
430
451
301
826
806
92
669
634
303
112
111
278
89
616
585
220
294
348
411
813
95
791
82
273
904
818
1000
251
775
579
883
29
986
109
394
337
974
869
338
808
610
355
778
339
170
80
186
651
918
0
610
955
383
976
341
440
429
806
957
248
884
243
240
768
82
213
817
475
617
906
619
709
726
448
851
582
714
670
300
680
76
4
201
363
209
260
154
326
985
608
619
415
953
689
810
832
987
210
734
731
499
502
266
787
758
197
620
639
740
295
640
412
960
975
997
54
980
351
377
617
231
359
767
802
214
602
505
668
549
676
338
907
663
510
965
164
986
802
884
245
754
627
54
366
608
447
371
616
107
450
529
200
477
851
6
830
917
429
169
191
527
575
656
849
368
541
68
970
9
114
265
449
743
154
116
61
706
816
733
478
492
577
58
381
146
999
980
966
580
907
843
260
530
527
8
834
415
964
126
3
279
643
218
664
440
327
333
224
787
190
318
907
779
979
84
992
510
638
156
512
151
995
968
940
755
809
283
387
295
434
351
72
685
21
698
879
328
414
611
257
502
749
399
10
831
457
184
277
752
732
39
409
853
740
179
766
303
350
399
401
508
895
626
657
908
70
757
658
372
708
53
568
143
646
809
469
788
568
70
219
372
427
431
373
921
416
49
482
396
945
840
875
303
786
556
445
535
735
476
402
546
994
428
500
591
635
680
805
742
424
184
744
518
731
227
493
70
850
74
774
836
568
652
115
412
831
150
126
271
614
770
884
779
608
703
608
839
123
975
376
594
630
366
245
188
306
91
429
710
358
157
592
71
324
918
535
577
42
818
67
673
435
583
654
278
383
771
917
525
438
157
647
400
76
389
326
759
2
251
417
578
81
924
35
401
500
810
856
25
193
693
577
672
108
425
899
996
967
196
658
138
33
51
124
25
150
219
60
720
1000
233
61
575
648
401
205
34
245
6
165
935
77
577
494
318
672
105
110
839
501
472
536
546
17
515
688
551
54
229
729
679
190
393
11
144
447
550
141
969
364
545
865
290
511
939
541
40
818
730
890
253
886
552
930
467
155
702
52
808
749
246
555
357
66
118
285
208
419
259
359
907
580
965
723
295
600
440
706
588
628
233
142
640
574
999
222
735
602
334
980
105
953
769
231
591
567
97
740
911
528
615
577
342
214
634
287
370
943
677
654
148
842
851
147
148
40
892
736
827
902
692
129
769
675
959
189
860
494
109
12
668
233
105
989
943
566
751
3
947
689
378
788
965
852
584
489
202
520
920
267
70
785
564
940
339
943
439
803
966
39
174
904
117
808
678
196
695
2
15
365
471
12
532
714
927
178
794
595
914
269
497
288
643
314
624
955
105
812
236
119
355
844
935
258
642
19
417
602
498
605
222
967
339
582
732
720
35
525
611
994
938
96
438
271
633
531
521
822
367
90
570
722
116
144
803
497
904
661
399
487
97
48
465
242
962
617
559
90
675
458
463
789
146
40
18
899
446
71
528
499
910
145
592
71
395
836
488
406
985
75
305
135
91
198
869
672
494
359
736
321
812
197
136
659
159
691
651
527
135
965
155
310
997
832
857
429
984
996
529
85
511
570
72
37
722
40
391
633
843
811
914
847
60
149
392
651
813
397
209
515
867
688
272
363
642
559
112
670
579
562
764
735
591
799
510
891
79
484
283
813
127
995
202
573
882
316
880
857
487
60
232
163
924
314
783
925
606
496
834
733
674
130
798
132
344
647
889
599
638
297
99
208
219
223
382
616
118
884
486
472
777
74
456
980
701
838
888
516
395
304
839
172
931
480
860
627
314
753
143
273
717
700
955
450
262
831
632
295
728
165
929
797
497
121
281
678
711
644
352
83
472
991
197
810
864
721
419
204
379
107
142
761
283
35
999
213
90
646
858
668
782
393
750
705
738
643
40
709
845
302
506
824
101
263
386
673
840
413
772
363
843
867
683
321
624
511
475
277
81
579
365
468
466
927
265
381
74
367
998
466
108
978
446
305
239
646
542
997
131
244
42
766
19
64
494
745
198
782
395
261
563
503
392
166
84
43
352
111
561
44
348
547
93
757
363
727
117
157
2
693
332
85
390
589
972
435
501
971
54
893
70
356
139
581
107
440
316
414
450
553
267
185
217
288
299
380
747
539
185
633
769
940
682
138
8
646
508
264
767
671
351
280
167
861
635
791
877
644
694
97
298
408
477
852
397
704
77
981
121
826
639
135
303
592
534
321
182
56
920
860
813
994
365
508
861
379
620
76
465
398
393
545
199
215
489
863
141
276
158
344
573
775
688
281
471
978
92
411
232
311
982
554
357
24
281
58
887
889
677
197
100
737
174
392
755
356
818
797
839
228
593
650
17
619
759
446
802
363
204
843
40
678
745
966
256
325
75
333
808
672
75
143
674
692
180
399
866
578
257
521
339
456
871
466
138
695
25
27
817
19
304
705
524
325
949
679
825
395
162
332
224
855
894
720
482
240
665
454
996
408
816
925
425
331
536
545
448
444
674
710
377
630
736
741
428
466
138
888
44
739
541
769
768
664
427
757
545
301
529
363
905
10
516
919
278
694
44
237
758
85
107
673
868
876
160
556
62
417
282
752
829
535
327
687
694
637
451
47
282
527
729
855
921
120
333
704
807
592
701
76
178
3
476
913
543
384
886
942
504
70
157
453
552
170
15
316
231
415
225
996
313
45
924
782
402
519
519
973
792
14
395
724
117
98
944
918
587
250
601
343
394
154
490
990
195
768
215
278
968
479
288
706
922
659
298
387
538
886
71
707
737
690
456
23
76
165
626
200
648
515
312
331
468
505
21
324
257
392
121
113
524
884
392
834
585
641
214
305
814
945
209
174
817
550
268
683
62
784
180
562
773
688
939
604
228
1000
710
504
583
845
101
958
351
523
305
324
186
4
144
621
14
524
895
403
131
470
860
328
909
633
953
561
942
486
510
573
477
152
524
800
269
339
110
398
402
130
9
880
66
702
149
14
489
26
840
178
452
62
375
711
12
765
93
42
858
363
644
245
846
520
183
40
551
355
217
411
990
278
972
960
234
363
933
821
621
960
768
101
743
879
809
504
71
538
915
612
833
449
869
284
262
293
621
544
330
49
341
836
457
849
466
577
363
149
580
561
885
137
354
740
635
680
799
770
814
622
62
425
169
349
295
9
690
442
785
447
497
50
575
695
452
93
923
504
588
634
229
616
260
746
289
5
957
963
833
227
801
319
607
869
304
134
414
660
920
573
369
116
816
194
331
666
915
836
581
535
445
862
725
23
86
15
271
512
200
431
516
985
887
977
630
145
138
822
568
334
307
599
550
205
243
521
405
288
883
742
630
751
403
349
701
476
204
543
955
688
55
464
830
277
494
577
960
951
973
899
7
789
976
8
724
919
672
811
438
759
631
313
538
728
389
291
701
55
549
768
4
987
614
180
873
53
76
146
174
268
832
589
569
698
142
924
825
692
452
252
984
719
322
365
725
593
733
881
383
766
355
170
833
619
426
431
593
330
918
548
331
106
614
264
202
128
793
246
7
511
805
304
914
147
94
813
625
233
431
520
991
735
625
869
336
82
445
219
317
838
67
752
237
495
678
828
975
537
741
513
644
122
415
98
748
203
179
679
416
558
204
289
943
747
984
552
420
369
821
810
755
166
938
566
181
957
579
592
597
34
99
302
647
558
162
242
381
703
636
558
26
27
176
266
711
979
32
955
946
290
897
148
461
564
442
373
198
97
272
610
628
859
281
564
617
610
325
547
32
324
25
355
601
67
134
210
414
523
729
712
49
145
154
179
109
196
322
867
72
16
380
137
478
433
260
823
963
357
382
31
829
664
742
79
561
187
65
878
814
601
329
766
351
263
802
260
752
92
884
635
70
304
516
111
204
306
575
174
516
636
475
186
747
241
739
108
16
650
149
176
995
89
389
369
952
254
446
485
555
464
466
50
733
373
163
997
975
681
799
823
648
836
679
443
143
697
271
600
618
217
234
807
947
520
764
143
967
758
362
419
800
651
974
586
25
654
738
140
811
152
802
542
213
577
527
238
224
803
891
345
500
198
568
87
719
549
605
284
991
431
815
305
885
382
872
557
723
73
645
424
110
235
548
685
287
293
426
680
577
775
448
180
544
931
860
135
798
283
895
828
839
427
677
387
54
571
661
380
813
845
634
138
123
569
36
234
953
649
773
351
638
961
623
310
319
505
15
477
255
428
647
646
867
983
280
851
466
993
405
517
34
205
707
46
10
184
33
218
42
391
366
777
223
564
129
249
731
302
812
847
12
340
440
453
117
28
419
824
124
343
998
65
341
679
269
648
986
298
929
242
136
965
670
953
794
505
243
617
842
463
280
980
638
563
416
272
178
849
757
171
623
444
363
901
230
284
126
119
436
988
352
277
767
162
344
877
865
301
540
869
995
676
60
288
546
237
752
231
851
950
686
963
460
566
463
532
886
591
74
109
602
248
289
605
7
270
982
692
128
389
159
303
275
127
518
392
799
687
185
559
421
131
999
476
724
44
84
779
771
193
517
739
42
469
764
140
885
66
103
545
594
860
273
260
255
25
948
648
778
893
284
798
452
212
681
197
407
199
844
829
828
914
849
332
20
692
828
314
439
148
899
525
447
196
147
452
516
130
782
351
773
961
121
326
194
35
389
346
561
206
126
650
484
655
128
424
589
351
366
455
455
870
753
190
929
271
82
691
330
695
444
272
927
121
861
362
439
203
974
555
677
370
618
108
443
816
819
756
712
535
825
937
202
609
716
306
452
614
411
102
37
260
964
388
228
322
230
495
197
870
213
460
299
443
830
852
96
816
575
272
203
725
419
502
431
501
34
112
489
407
295
649
139
392
891
880
844
369
463
827
491
946
293
902
617
304
839
157
376
364
517
923
990
788
459
937
907
235
623
523
685
962
461
132
207
678
851
403
729
932
415
358
295
102
591
662
200
696
488
616
170
927
634
804
643
781
551
397
137
258
59
719
267
772
401
930
236
462
257
818
13
657
180
400
126
562
682
262
204
69
453
392
640
258
642
276
323
620
807
880
588
38
384
27
846
192
706
521
763
644
599
929
677
258
948
102
719
41
806
899
428
744
706
16
431
607
657
378
566
876
226
687
999
69
303
310
882
234
258
962
540
879
886
539
551
429
467
189
288
74
134
504
520
688
780
333
407
36
256
622
25
776
47
229
857
866
190
308
742
360
716
410
70
847
998
866
373
931
995
18
800
157
506
483
245
999
511
286
707
842
420
724
732
202
72
754
602
967
878
295
853
95
826
335
868
985
11
125
940
237
143
463
229
870
956
918
12
223
32
663
425
397
57
137
302
426
462
81
218
197
601
955
546
417
635
309
133
548
937
480
218
684
562
29
771
285
447
627
80
505
38
292
194
779
274
994
265
113
350
876
639
143
525
974
271
694
225
479
876
756
975
560
30
262
195
799
629
235
348
369
558
170
526
638
603
142
843
895
732
581
494
371
547
146
11
716
326
683
505
96
54
643
469
203
43
883
819
692
229
102
13
642
198
674
52
473
250
404
732
915
192
804
421
172
902
367
353
16
391
799
683
455
380
269
483
926
307
318
709
466
270
29
409
619
604
123
947
940
954
236
575
69
254
145
219
193
880
194
245
919
522
846
999
751
571
186
486
774
986
261
769
192
406
445
489
476
494
284
157
960
806
336
674
111
639
362
280
187
875
568
106
198
363
547
789
220
566
500
140
940
622
58
139
306
567
538
78
63
231
311
139
88
120
217
53
470
447
128
288
11
559
453
228
578
938
489
156
679
49
72
40
619
345
448
317
822
901
519
994
972
764
13
646
191
219
91
347
312
629
511
25
568
86
306
629
718
648
441
34
571
456
791
919
685
457
826
572
324
301
150
452
465
684
327
524
502
645
519
708
273
516
701
40
127
358
403
991
18
10
565
388
125
228
828
760
8
318
443
999
238
677
160
73
810
904
639
388
34
685
287
632
670
290
76
181
801
493
246
663
84
395
882
11
201
765
852
422
877
930
7
728
360
153
622
203
952
777
666
683
966
642
473
869
551
39
873
125
535
150
157
457
728
547
864
999
969
475
612
961
842
410
347
452
263
335
573
853
305
709
574
884
724
297
174
776
912
910
514
582
60
681
686
583
231
329
108
210
436
516
556
94
867
256
948
693
420
374
341
697
22
488
657
563
633
653
514
967
214
958
284
354
535
443
933
186
87
984
603
131
717
792
951
269
651
818
156
477
819
106
67
346
933
545
127
796
330
987
372
659
397
86
651
15
364
75
288
603
463
601
256
486
969
158
83
68
839
555
34
922
610
645
594
869
336
163
794
483
288
323
180
65
602
848
474
171
591
639
370
104
527
390
837
828
983
15
267
740
72
576
503
181
460
587
846
206
5
473
179
358
823
376
129
530
649
374
738
50
93
735
350
361
920
936
829
801
860
980
307
522
673
308
610
502
669
11
505
288
655
251
670
656
350
664
435
862
624
180
83
387
799
449
421
241
960
940
782
26
540
414
825
527
903
353
590
633
846
9
11
450
470
389
305
706
332
660
331
268
24
633
71
477
264
615
801
806
169
218
962
10
538
165
671
324
289
367
328
152
705
625
830
688
844
363
515
134
602
585
80
155
87
4
122
916
358
545
728
786
811
438
494
502
2
826
780
154
41
183
577
202
532
442
239
463
640
559
386
603
299
403
964
858
519
889
373
127
788
37
937
842
351
438
159
341
595
1
48
448
569
481
3
960
455
530
486
636
931
211
924
867
198
832
551
642
436
790
25
569
99
165
242
33
466
586
659
931
879
516
661
42
757
263
933
162
706
645
366
263
727
407
731
447
589
331
908
706
489
532
468
526
679
693
688
415
34
216
821
914
193
675
620
232
696
971
816
378
559
614
701
69
44
877
123
434
659
580
915
650
740
849
272
789
486
186
341
911
411
190
863
85
781
325
155
715
949
363
23
945
658
953
597
237
308
200
751
740
170
535
416
533
457
57
343
506
320
904
821
903
889
808
186
952
924
2
257
649
285
849
316
761
223
452
657
352
948
338
711
786
931
841
605
346
647
388
33
123
820
113
505
709
235
424
792
641
748
518
997
328
415
416
847
290
312
595
505
667
331
99
226
348
381
948
371
748
519
387
824
592
727
96
530
46
423
568
127
50
215
903
672
37
523
967
686
561
556
666
582
157
34
675
177
974
270
258
424
60
494
984
584
486
94
85
582
356
161
355
767
639
128
934
871
935
526
721
768
367
958
170
559
938
107
369
833
302
453
926
494
68
195
749
103
147
812
592
110
955
836
280
940
432
128
665
205
371
22
544
475
601
827
565
393
317
804
867
854
477
94
846
71
223
457
843
564
218
875
609
318
145
571
423
738
487
696
838
306
160
78
680
786
447
48
380
66
803
585
172
84
470
725
665
934
906
582
801
536
902
589
347
228
106
166
37
967
956
621
473
833
253
235
696
864
129
877
566
583
565
649
730
232
82
188
511
615
899
344
277
247
968
627
294
826
3
423
432
26
491
62
70
197
59
974
594
1000
432
875
352
233
178
606
302
924
883
430
258
939
977
934
37
314
482
706
420
179
876
820
91
240
845
489
880
632
391
246
170
403
704
445
450
67
941
332
770
174
3
705
531
222
784
332
494
275
812
915
176
585
222
571
820
319
60
738
897
333
522
478
128
674
593
95
53
159
817
116
391
127
407
904
167
865
426
141
378
794
885
914
764
893
475
99
65
632
221
691
70
578
389
35
289
539
44
905
368
340
438
985
540
377
823
695
20
228
941
228
68
187
929
203
865
445
995
767
392
937
235
600
155
610
601
757
585
909
569
529
817
257
368
166
969
109
544
116
955
226
767
667
54
431
471
122
173
401
544
409
477
646
45
23
596
14
220
687
65
556
237
729
365
53
99
366
282
701
958
310
786
800
538
473
208
624
866
322
867
414
348
334
586
564
424
893
848
82
452
77
895
438
158
836
402
894
586
230
197
649
956
934
345
908
350
400
722
51
501
84
868
897
296
53
419
417
175
444
378
916
959
652
86
902
2
289
593
965
655
874
77
373
256
71
207
270
168
876
225
859
64
737
584
813
209
289
471
52
668
22
343
380
334
605
829
155
737
835
615
742
121
622
871
685
143
324
167
629
687
331
404
112
72
712
906
148
841
702
143
714
835
14
705
360
105
545
99
860
160
60
362
725
939
3
639
255
668
396
296
543
1000
876
326
533
73
278
731
650
137
957
956
559
641
705
377
294
934
343
318
531
104
185
214
906
992
287
356
469
710
360
883
803
660
86
965
969
181
17
711
350
184
393
538
407
881
426
288
586
736
552
957
877
697
680
559
828
624
416
313
574
242
335
963
217
359
15
351
922
70
143
976
39
793
823
639
934
382
612
318
720
773
456
398
195
898
441
269
59
847
806
713
206
214
541
583
886
514
657
425
814
718
651
137
797
173
531
856
0
538
742
153
673
823
286
875
237
433
620
228
190
72
342
77
660
931
39
481
460
943
474
979
930
132
165
558
460
734
743
165
863
303
458
903
712
7
477
0
880
389
527
540
305
175
121
574
146
996
202
199
290
130
667
179
737
149
626
345
890
549
420
189
896
665
654
484
595
705
199
236
389
88
254
787
304
224
443
748
5
313
31
498
74
287
586
49
831
171
807
354
762
887
467
133
400
442
385
500
900
427
304
160
952
481
999
95
583
158
815
733
230
349
578
90
3
758
845
987
460
368
325
922
454
420
995
55
330
485
488
833
695
619
376
259
880
751
57
15
824
646
216
303
207
339
729
760
25
351
264
506
266
736
900
134
424
281
320
187
766
473
903
581
339
921
207
811
408
444
777
167
731
283
567
86
238
878
741
715
378
275
343
972
810
838
293
558
890
267
764
342
440
856
409
119
949
905
797
795
893
874
134
595
769
69
790
87
491
326
179
440
850
200
316
924
511
533
641
508
826
107
54
925
11
438
889
43
661
543
350
986
615
181
419
353
688
465
484
429
581
876
187
638
194
932
625
425
978
717
649
311
494
462
926
509
995
266
5
162
433
270
545
327
978
809
756
776
263
65
192
816
719
221
273
287
247
0
182
245
205
846
864
246
445
659
523
255
827
480
587
94
920
450
0
352
305
229
848
149
26
192
985
129
37
947
256
584
71
605
579
473
583
205
671
136
459
484
991
705
864
45
973
881
859
584
72
972
314
746
498
504
328
835
818
834
589
343
795
474
18
345
406
577
888
115
295
489
132
862
948
513
59
169
875
368
745
899
59
210
110
225
353
623
482
381
646
509
550
857
651
382
995
545
198
875
819
460
6
91
554
442
157
185
551
417
106
827
97
288
729
211
454
302
365
32
353
947
899
853
489
905
162
748
865
666
694
596
199
155
238
212
367
275
918
606
132
651
526
335
192
576
57
228
763
440
859
6
95
48
679
939
632
2
503
491
582
631
106
22
775
948
937
868
973
78
200
40
457
768
98
186
861
252
229
898
578
667
730
303
358
133
94
956
855
694
424
17
852
763
853
878
415
879
154
820
528
295
449
870
365
229
890
894
157
4
897
705
628
42
185
427
338
315
663
209
695
620
515
741
614
110
295
939
645
293
578
51
745
238
52
56
822
58
541
246
224
184
923
515
235
927
65
100
732
434
904
119
74
188
205
561
886
596
794
630
175
362
406
554
829
480
868
210
711
313
3
250
165
340
109
42
439
36
255
321
782
730
278
485
47
371
25
592
444
865
389
487
47
759
210
68
537
930
489
322
779
880
597
927
165
423
996
914
874
65
744
307
495
845
455
690
848
705
820
756
561
965
591
164
754
518
662
552
649
756
924
965
223
679
215
39
640
107
329
807
92
327
94
553
632
146
103
764
101
758
533
135
324
876
116
692
911
442
481
977
174
261
179
93
98
723
592
309
26
205
62
577
777
907
239
238
772
670
40
116
297
663
420
616
314
301
419
953
56
159
18
322
203
682
206
305
119
530
34
997
579
725
355
398
55
449
155
351
725
114
84
739
372
646
107
569
136
553
629
943
590
601
405
997
56
446
427
255
652
444
220
49
45
871
574
621
391
903
925
305
584
377
525
7
388
173
793
315
682
933
85
305
93
729
673
474
606
918
203
35
719
111
604
225
669
983
822
383
694
41
465
51
0
754
65
410
800
68
249
720
867
880
392
265
277
335
896
184
481
860
636
61
205
4
541
966
37
127
879
265
1
408
537
27
584
534
407
814
715
922
89
864
364
292
298
430
34
509
723
306
600
760
768
860
445
628
167
727
438
36
261
164
6
639
475
149
31
348
727
202
899
891
29
578
399
737
292
786
592
904
437
232
376
243
110
604
632
524
249
712
977
844
694
624
55
139
185
83
529
344
610
144
506
959
95
908
426
443
333
904
624
206
631
901
771
396
386
317
882
591
867
871
515
143
840
39
622
879
211
977
287
546
382
382
346
880
417
442
983
370
322
263
197
669
206
463
38
707
520
402
699
229
671
370
470
462
837
182
101
655
874
991
806
907
101
714
620
498
228
458
304
82
633
668
32
104
699
292
392
857
648
110
981
672
682
127
221
991
559
678
10
299
862
766
76
838
507
846
184
431
543
774
237
397
843
90
978
627
955
300
868
728
638
76
277
713
232
332
965
852
555
792
56
940
442
428
172
156
807
337
286
858
9
424
64
272
4
563
535
646
656
355
784
333
304
45
797
178
491
395
920
100
584
378
803
536
718
850
132
873
415
388
827
783
848
930
414
595
374
24
862
403
327
333
690
416
400
881
872
462
997
679
331
721
402
934
735
79
897
915
281
930
957
257
99
250
119
819
142
446
153
532
507
643
332
596
954
854
681
294
18
518
332
616
933
629
447
808
730
391
231
724
498
935
789
640
51
597
196
105
394
577
12
724
939
730
341
987
170
515
844
171
882
336
921
329
15
408
625
726
319
795
78
393
154
427
212
555
22
727
817
285
338
668
358
887
487
272
662
625
487
875
793
191
494
467
288
954
890
100
48
1
424
973
163
988
644
407
735
662
271
843
293
129
165
593
12
683
666
970
909
849
340
133
639
203
811
294
801
839
625
150
40
121
357
906
992
116
649
748
70
208
181
975
781
365
88
632
60
98
116
82
5
477
658
158
965
645
646
965
398
614
315
198
392
157
353
345
968
341
140
45
671
85
794
449
5
463
610
257
0
291
399
645
778
608
393
749
824
597
265
193
596
124
606
287
367
766
32
133
8
764
317
565
662
299
538
101
798
173
724
139
67
478
935
251
563
26
786
633
949
726
58
521
275
966
635
183
171
780
412
883
668
913
194
764
173
706
766
386
300
198
979
347
703
310
330
591
598
59
97
737
69
606
543
523
365
741
829
792
953
614
895
299
338
118
547
240
12
540
688
529
757
252
680
150
820
498
317
856
164
516
614
120
332
134
155
74
428
274
374
211
124
65
69
121
719
403
642
51
455
153
967
317
516
531
891
479
274
395
549
331
383
422
646
573
148
852
251
877
804
872
5
738
514
45
388
387
617
329
565
449
251
276
123
838
972
244
492
464
126
205
803
808
744
82
257
283
869
148
785
666
469
115
692
333
417
49
957
964
410
676
424
822
93
224
337
476
621
555
860
900
175
40
778
699
45
754
335
369
260
324
893
743
973
69
214
627
869
14
535
485
584
708
555
287
143
222
441
712
66
163
126
512
162
71
32
185
662
234
461
413
883
735
369
705
172
17
850
442
581
665
806
680
666
698
112
94
770
815
658
527
482
729
241
224
297
639
577
484
335
10
565
867
443
644
869
714
563
255
428
534
1000
637
45
46
81
404
272
958
816
722
603
734
354
919
384
624
735
672
281
637
118
846
71
173
123
432
229
230
416
823
272
325
781
681
983
910
39
66
175
255
63
719
74
705
803
883
285
230
631
212
935
253
165
985
161
176
839
329
416
279
638
980
256
432
254
662
469
158
114
201
576
295
32
490
734
851
990
520
700
495
287
685
454
239
944
421
306
386
447
945
315
918
444
264
750
138
755
294
485
451
191
277
188
55
184
570
896
408
448
211
876
534
536
890
410
798
285
631
525
775
13
738
938
32
890
429
143
660
821
675
459
275
789
513
16
236
187
873
532
381
757
614
877
660
625
216
295
434
336
101
806
713
74
812
213
543
133
978
912
671
198
276
945
680
941
135
353
412
446
161
269
135
125
73
262
382
270
430
991
951
607
272
952
36
373
121
936
197
379
156
962
719
310
159
358
750
580
121
984
880
42
581
859
274
809
476
878
344
926
944
240
505
392
127
789
713
860
471
80
778
729
697
549
812
848
557
564
396
211
665
980
76
795
390
237
21
433
663
328
655
457
488
237
234
882
600
635
174
956
839
281
631
65
79
157
419
176
496
819
35
387
706
968
163
728
698
205
109
932
751
240
83
997
442
34
630
46
903
100
46
290
258
31
665
638
264
557
616
134
173
503
972
27
935
801
702
810
521
478
831
342
810
795
600
88
560
872
749
756
936
343
828
697
407
744
823
7
753
72
734
767
640
655
484
157
785
622
185
6
465
167
308
542
451
664
573
13
184
848
150
659
404
753
7
218
80
222
612
840
207
991
239
326
57
967
944
108
175
860
303
700
246
771
962
718
239
810
833
524
301
984
488
509
705
269
210
369
184
192
101
636
95
682
531
534
970
785
285
526
772
968
147
7
699
443
981
160
485
216
877
314
482
689
449
163
772
592
787
132
7
504
925
211
367
744
203
321
507
848
479
215
721
891
3
516
300
525
383
1000
513
625
131
21
206
30
815
789
495
445
696
908
422
397
220
11
189
593
518
825
441
286
792
232
449
128
354
493
377
423
281
204
129
66
957
546
542
199
133
391
776
837
414
622
212
33
748
527
478
609
666
654
927
882
319
534
332
202
349
469
374
522
24
318
358
593
110
204
933
838
254
345
998
800
26
350
8
229
772
90
426
988
34
357
435
812
456
384
496
391
537
122
847
68
56
725
764
281
80
45
675
919
588
71
25
126
79
171
29
926
651
400
175
213
414
959
615
168
897
887
77
263
461
135
468
702
120
379
602
229
18
64
973
128
639
91
3
631
784
103
667
455
246
200
886
0
53
215
168
175
632
720
696
879
266
129
555
713
256
609
401
560
741
724
353
752
151
504
293
414
812
637
633
336
513
339
931
615
869
32
239
972
218
666
188
381
357
198
9
579
68
783
440
418
734
962
985
727
228
777
0
601
237
469
284
212
970
504
225
79
178
113
759
824
774
346
933
613
7
908
112
110
196
642
214
706
206
655
889
443
740
685
451
76
802
504
827
116
905
957
375
442
289
777
99
656
186
692
526
762
689
500
262
565
105
498
230
880
506
153
463
355
385
313
514
273
970
117
848
739
433
327
261
302
381
137
689
778
702
2
783
245
66
219
969
593
561
506
215
152
439
13
223
899
162
648
7
594
344
627
49
688
235
291
983
752
94
457
864
690
336
888
794
505
473
987
123
970
628
127
905
762
214
998
62
104
369
717
765
47
987
86
245
435
758
364
650
171
737
1
545
748
402
60
131
269
172
460
733
389
197
457
784
231
502
607
197
658
601
387
836
79
364
228
104
636
279
427
120
701
810
977
566
969
42
545
854
288
95
237
652
939
666
638
820
315
106
18
279
166
279
633
547
483
399
783
201
806
640
939
472
502
483
57
341
19
696
996
26
72
632
125
853
358
524
914
461
848
561
879
18
361
864
470
708
14
155
425
696
647
712
402
791
288
856
865
403
225
103
851
937
949
839
933
216
781
823
633
171
158
63
308
769
631
374
814
79
246
419
773
865
721
199
216
648
533
959
754
663
773
568
178
882
206
175
612
942
729
387
925
893
334
477
369
999
17
131
359
232
246
644
176
363
39
839
829
95
201
754
287
145
562
159
95
377
689
825
651
610
379
865
816
52
278
332
860
25
956
752
171
421
633
686
197
226
949
663
788
465
342
135
706
994
824
574
349
214
263
107
681
445
830
471
644
89
124
149
786
79
798
949
622
180
785
124
601
809
504
802
216
37
968
927
248
461
240
745
467
404
83
70
338
995
305
188
318
660
557
793
828
707
495
938
719
260
572
677
624
642
625
152
344
108
906
618
99
184
88
700
613
704
796
896
463
711
155
92
590
697
285
644
406
101
447
762
985
426
949
521
183
839
622
909
443
720
480
897
647
914
361
499
257
618
601
226
839
635
443
294
579
85
510
958
674
570
443
28
841
657
361
502
459
630
990
361
684
131
565
114
283
985
381
31
711
133
191
372
985
716
565
466
447
990
987
921
200
272
400
114
15
211
13
129
780
624
347
567
17
880
529
555
545
906
923
957
388
249
549
575
832
959
101
315
464
525
492
178
23
8
889
19
80
565
663
640
740
547
441
148
499
718
30
964
709
244
885
759
13
917
677
741
845
276
22
643
735
349
561
779
182
904
401
452
177
205
562
140
611
237
469
818
552
884
11
219
49
738
556
755
150
630
132
974
163
964
425
17
943
337
16
966
396
517
289
273
556
308
776
199
136
648
485
267
380
155
910
402
255
447
883
499
996
836
436
571
603
636
121
837
606
581
442
915
323
202
356
584
302
119
339
316
531
849
204
70
556
735
716
517
221
75
729
167
997
993
189
969
247
815
725
533
351
451
439
466
889
485
736
49
547
575
364
923
687
553
993
310
492
630
914
770
844
179
822
706
765
306
224
327
857
874
91
100
111
800
167
393
165
744
540
162
322
357
458
114
762
794
873
630
172
536
538
500
696
220
71
359
218
199
659
946
928
303
411
362
925
226
540
398
492
203
950
712
702
425
252
185
327
516
730
237
158
693
383
775
87
455
251
201
589
108
165
581
635
705
792
911
403
548
966
380
149
471
593
525
865
426
135
828
688
246
162
640
380
24
268
324
5
575
318
603
473
952
643
658
151
327
999
903
999
593
406
905
361
533
491
990
299
548
577
198
94
894
835
171
74
264
295
285
438
859
354
970
310
659
280
798
331
739
450
56
266
204
110
469
820
225
789
323
598
198
748
118
265
10
392
671
321
832
65
514
50
967
833
536
581
378
818
21
496
152
428
656
71
910
820
500
957
498
82
775
457
531
899
338
129
205
810
71
301
161
728
8
245
140
413
834
403
739
223
547
443
160
663
16
118
45
565
92
616
684
298
897
619
182
776
543
348
524
514
868
505
431
191
224
364
535
880
694
201
914
18
524
909
940
480
754
951
635
133
534
905
491
549
799
456
801
146
82
264
807
526
324
795
304
919
284
224
887
142
247
504
28
750
31
100
579
657
576
481
716
867
312
610
952
867
895
389
251
67
765
424
593
583
269
810
190
335
243
846
579
559
715
152
688
452
80
701
484
565
962
135
334
863
785
461
4
879
423
943
679
353
804
641
216
17
625
88
982
683
85
459
844
824
827
88
43
984
349
596
708
27
215
506
492
980
297
451
707
399
658
477
177
104
341
611
654
817
551
479
847
493
727
764
30
605
135
94
667
955
710
350
416
462
412
226
732
362
866
250
697
631
908
932
120
447
717
296
526
890
832
404
642
524
15
401
865
905
762
527
200
475
437
529
893
2
986
508
19
442
640
739
526
434
572
345
834
263
199
866
777
269
754
390
767
88
463
16
925
647
858
847
712
202
531
640
267
113
872
928
392
410
26
0
592
528
615
70
919
725
460
165
255
646
433
538
838
520
782
665
432
406
404
559
280
83
129
927
582
178
836
375
574
216
773
121
881
348
241
825
462
24
631
307
399
628
284
52
954
648
609
138
194
417
152
804
261
296
829
310
463
768
207
842
39
97
882
600
285
661
275
374
29
115
246
551
24
952
286
449
225
382
253
701
397
38
945
27
964
831
628
183
652
311
347
158
536
843
758
936
817
416
315
115
201
236
299
157
62
742
450
344
510
331
952
293
609
284
659
784
707
441
988
146
4
631
449
200
766
203
208
40
332
221
517
491
39
651
450
330
823
781
351
933
620
452
874
593
244
87
999
200
30
369
768
798
285
467
470
744
180
753
764
92
807
808
605
312
823
380
26
271
467
770
394
774
173
664
382
749
100
508
175
977
485
945
291
623
316
953
200
342
505
82
623
682
859
564
599
700
109
261
550
334
271
535
751
947
208
705
245
322
88
998
757
920
368
456
750
899
828
874
255
183
418
545
384
400
427
267
555
614
937
833
209
134
155
560
422
954
310
69
690
141
969
927
77
407
725
276
859
318
665
674
757
501
612
249
372
782
359
882
619
383
827
978
655
969
890
717
444
552
13
748
343
974
148
320
304
660
552
743
409
778
523
657
917
630
260
858
48
565
620
966
711
116
48
74
672
601
830
800
944
394
659
546
294
266
882
802
901
264
126
745
710
649
211
575
985
747
284
57
336
699
756
264
573
557
618
994
507
6
769
462
553
442
748
27
769
998
540
972
627
323
468
723
946
36
185
779
772
867
86
289
823
865
961
913
251
755
297
689
810
894
558
544
999
235
587
515
719
25
874
499
546
838
553
83
759
723
485
66
387
580
349
287
763
690
276
435
87
867
68
607
953
649
427
275
38
679
436
885
231
743
748
766
546
117
897
48
195
965
530
835
769
313
704
274
137
4
392
13
988
359
190
687
446
130
250
10
996
724
832
770
119
952
877
752
286
314
235
335
495
222
384
928
359
336
532
27
533
114
579
218
157
329
871
216
261
668
487
26
756
690
527
561
333
926
622
621
516
416
784
477
94
429
167
317
224
489
226
613
56
794
756
542
99
658
600
180
507
533
976
253
240
736
24
939
19
413
191
927
23
988
507
235
832
725
437
100
668
985
661
59
157
230
423
336
145
857
82
383
751
734
936
749
196
65
308
134
785
631
646
615
154
694
381
660
742
456
809
558
87
77
195
477
11
142
994
875
397
217
34
385
758
956
171
224
142
517
374
343
105
474
954
20
28
42
600
89
789
177
806
97
915
126
933
736
989
660
463
350
47
197
657
772
693
885
396
48
952
235
966
313
187
574
936
400
385
585
369
355
340
912
537
783
675
332
991
462
597
387
946
816
59
502
632
414
653
885
909
244
5
207
778
346
635
769
995
399
204
772
111
104
486
156
755
332
397
732
439
572
804
133
931
246
224
0
389
679
931
792
386
695
247
259
785
972
515
103
711
791
825
566
528
215
457
86
64
119
201
938
890
739
979
442
290
5
633
342
635
749
486
175
359
999
711
318
707
5
28
830
717
797
87
97
272
852
943
345
447
112
981
401
641
187
952
537
481
850
938
280
498
34
208
756
999
822
203
95
217
289
105
406
821
234
663
7
9
732
561
581
1
263
718
413
535
372
220
112
604
453
562
937
181
766
919
784
328
809
829
196
266
214
811
293
418
842
50
575
417
802
71
851
411
851
166
103
631
567
211
599
874
618
285
949
42
134
370
185
750
935
782
540
551
138
934
361
15
13
517
384
124
824
221
687
532
76
173
176
470
534
18
105
358
800
657
116
513
681
245
93
518
626
766
882
721
500
401
956
768
269
894
127
776
526
628
89
809
60
618
441
341
593
933
209
501
376
525
20
976
643
423
380
263
169
839
551
704
230
336
154
146
312
311
804
759
982
638
269
532
49
415
13
810
820
438
699
864
850
567
346
33
607
920
592
469
771
565
985
174
285
58
717
800
444
992
46
211
964
262
641
905
683
570
381
128
784
893
94
385
112
21
615
92
858
212
748
527
27
600
926
495
907
552
134
695
680
927
534
222
594
912
356
714
515
861
341
93
135
910
598
328
979
898
456
985
25
709
602
885
193
634
752
98
96
468
845
446
365
142
784
425
219
726
980
862
232
156
527
453
490
708
144
390
651
769
540
347
707
481
589
163
647
922
621
108
878
654
18
779
296
288
152
667
947
979
76
894
701
93
415
703
546
497
346
328
725
34
645
506
48
536
612
569
686
278
324
392
828
889
504
6
396
987
100
281
966
406
890
208
650
140
582
880
229
625
84
805
184
129
649
62
222
338
312
425
530
292
698
567
751
882
889
351
978
749
928
875
429
673
928
50
465
62
182
178
753
898
650
806
465
52
8
839
421
225
741
696
729
643
212
526
5
6
964
885
272
58
714
8
41
849
111
842
451
657
678
867
619
524
806
489
68
364
752
665
598
261
217
933
548
42
851
586
237
572
463
793
905
761
438
258
532
197
569
794
773
82
900
164
557
173
787
336
474
395
747
121
992
439
473
333
378
32
762
604
54
79
858
379
624
998
651
678
651
177
430
291
46
735
253
509
645
653
34
734
760
569
701
5
601
891
712
943
735
924
139
922
413
699
825
588
363
679
215
602
173
385
499
307
748
104
983
409
659
758
197
392
922
344
424
861
977
205
135
921
319
856
13
892
500
528
248
422
182
73
834
49
631
407
319
720
745
979
173
531
191
893
661
665
348
5
304
245
426
172
361
73
696
265
257
290
785
600
956
322
798
219
574
583
845
703
111
466
89
444
219
821
859
714
956
20
817
609
36
932
17
981
478
527
874
418
579
229
501
877
507
48
315
453
82
455
922
190
94
391
959
151
145
232
772
754
410
41
26
36
418
707
369
748
309
51
464
821
265
979
165
986
673
744
760
941
47
722
465
455
168
454
921
315
24
676
593
739
236
428
65
470
618
840
330
792
355
60
993
865
704
617
319
280
430
927
19
145
791
127
96
279
702
732
465
653
32
337
742
590
173
256
149
390
849
346
831
94
856
291
646
182
121
172
793
987
960
704
165
828
211
430
259
108
536
883
206
771
184
619
928
896
847
455
678
106
163
724
28
567
254
592
261
234
793
423
644
527
918
90
396
50
44
134
624
324
718
742
678
247
806
938
617
175
677
66
911
961
716
220
635
55
673
988
274
310
358
158
482
782
899
952
829
702
336
757
412
498
504
464
541
758
588
928
298
615
230
780
559
594
237
827
591
599
498
823
837
467
563
649
471
37
973
737
708
971
236
501
76
608
355
849
641
539
801
232
749
862
810
130
664
477
298
284
183
640
797
556
221
592
197
386
737
506
943
808
933
548
999
851
150
825
940
544
418
860
549
980
770
228
663
508
718
112
40
550
132
815
104
293
567
339
420
870
960
335
25
637
321
13
186
32
395
988
662
580
499
556
251
46
655
427
300
943
602
567
979
596
772
957
900
987
725
722
700
879
370
601
438
285
290
186
467
759
390
659
604
837
166
24
692
53
779
900
116
317
325
207
669
873
132
771
663
706
142
522
610
615
165
312
342
721
704
980
819
222
680
274
849
571
828
698
494
107
217
486
772
893
80
226
37
847
329
218
284
635
451
822
295
85
623
407
368
235
554
338
585
631
625
465
893
421
545
570
594
794
126
960
133
783
656
322
584
198
705
395
393
601
144
794
7
989
984
20
89
25
486
772
687
671
608
59
230
613
508
935
764
978
157
287
746
742
25
551
120
357
153
64
89
19
637
116
573
295
572
424
551
878
803
89
355
515
507
815
566
277
619
179
881
740
512
103
890
377
85
739
89
502
328
716
416
417
733
827
124
462
940
616
270
483
667
397
451
344
16
155
281
869
849
193
396
382
623
709
52
145
58
803
244
821
171
974
885
232
155
464
432
957
192
729
704
591
690
895
885
825
58
173
756
485
881
434
601
8
3
130
193
147
888
166
913
454
117
659
953
488
756
662
837
935
192
358
783
862
610
22
931
103
373
684
50
604
261
446
625
414
866
265
214
598
637
344
792
557
417
790
74
57
38
824
728
92
827
292
909
331
292
842
913
77
666
375
224
23
191
548
908
140
770
472
486
565
233
150
886
30
552
784
121
722
901
709
390
612
269
195
426
360
50
919
520
652
723
662
749
715
261
354
523
5
238
306
590
492
319
433
40
257
555
255
698
586
157
582
889
153
186
455
148
214
794
649
547
953
87
358
99
237
248
573
852
780
878
458
575
941
132
870
205
370
481
15
881
925
487
272
660
127
327
123
99
12
353
990
302
116
799
475
691
997
789
418
852
248
521
344
436
850
830
169
640
981
409
10
688
601
16
435
712
426
141
452
507
987
479
668
525
233
711
955
410
575
441
459
320
940
26
784
901
747
225
871
970
715
913
383
347
62
468
496
157
953
895
828
70
486
782
239
202
198
173
406
86
344
623
771
420
868
804
525
112
800
522
812
604
681
381
1
820
930
750
238
419
95
876
360
699
236
528
824
956
333
822
633
285
382
203
522
363
528
19
248
743
30
50
598
111
734
432
342
9
676
898
951
23
987
129
830
240
80
170
838
245
497
787
842
514
554
176
914
726
427
601
831
877
101
324
458
580
682
767
605
27
356
863
748
807
979
994
415
545
711
757
734
843
34
280
698
487
637
926
976
133
292
290
549
70
263
249
862
728
138
784
658
457
938
728
781
239
435
824
22
404
199
784
55
620
507
477
799
390
257
491
508
842
388
796
877
86
409
592
369
583
672
230
298
85
236
491
25
834
466
736
958
289
998
346
116
291
752
371
879
881
421
570
873
682
406
906
483
426
20
832
841
15
332
81
520
174
183
278
25
945
932
870
458
935
406
723
794
881
562
448
663
823
985
981
525
530
843
639
440
1
219
45
171
997
711
599
719
927
88
401
91
295
641
652
958
754
107
846
529
778
268
483
747
759
447
467
425
631
883
300
13
724
981
968
81
72
823
804
222
17
584
502
360
651
948
796
292
629
368
248
60
950
893
7
452
494
896
424
627
598
987
484
137
979
923
247
330
364
488
5
81
591
5
201
271
885
422
510
757
652
364
173
956
673
733
372
503
250
325
374
952
560
99
542
939
563
249
666
764
96
482
801
956
472
211
718
561
970
382
25
49
120
121
463
287
120
833
891
818
982
787
496
315
279
914
848
479
10
543
920
2
804
327
278
230
483
239
924
56
928
362
859
326
69
780
142
219
981
457
693
982
853
240
623
401
92
601
64
956
592
769
568
963
655
819
817
485
127
238
348
564
411
441
819
884
208
331
364
215
578
879
403
512
232
24
978
722
175
82
347
818
988
473
886
389
861
181
81
437
907
678
174
38
853
382
203
6
987
676
935
302
544
856
936
385
961
65
440
824
278
28
670
126
618
850
478
592
474
707
966
265
735
468
242
147
851
493
336
850
792
564
317
277
615
363
752
450
823
669
279
347
256
588
498
666
636
206
870
383
651
110
445
547
530
574
988
443
251
297
356
32
487
331
364
28
101
182
18
282
337
251
686
700
536
395
57
885
611
700
507
198
387
651
726
325
885
605
824
984
800
539
368
839
138
957
55
480
153
782
508
120
701
615
710
854
122
360
390
166
581
134
961
243
721
804
300
38
393
20
233
391
286
765
557
481
22
802
84
853
24
380
698
404
111
143
588
80
385
346
295
559
585
160
458
491
327
792
948
591
62
188
676
849
870
949
73
637
149
339
210
461
13
204
142
439
444
129
416
213
7
493
66
304
77
281
351
803
453
584
943
285
165
799
680
842
283
602
884
853
207
365
909
389
788
967
363
55
310
453
478
915
244
422
552
314
246
909
443
15
655
635
375
622
122
921
221
