417
836
457
714
137
356
848
514
20
854
861
962
423
999
638
178
352
719
710
618
959
487
38
397
322
861
142
301
765
886
2
934
920
937
992
312
959
227
343
283
565
27
356
769
703
800
528
847
520
897
739
895
481
402
785
531
951
305
54
858
77
552
608
309
994
573
168
714
657
659
48
597
798
230
614
435
193
679
140
937
241
20
841
560
377
65
902
554
428
593
801
674
588
222
149
28
582
571
223
448
33
431
750
493
996
955
597
570
917
605
80
556
108
497
836
22
755
493
732
833
843
373
557
138
518
940
687
628
722
328
83
334
822
325
609
928
61
801
695
871
33
695
329
205
278
248
817
509
441
173
261
384
851
664
249
459
496
215
862
834
953
350
216
740
419
800
905
986
136
204
838
523
162
593
456
304
734
830
359
739
935
799
591
887
136
57
17
332
605
772
963
231
643
978
307
999
421
520
562
137
717
650
173
738
327
625
203
662
494
106
258
718
397
801
406
875
217
721
546
218
598
534
126
855
726
865
52
527
86
153
823
43
72
252
125
14
10
54
368
479
610
312
320
477
452
287
39
334
642
189
206
654
895
903
608
336
696
767
839
233
874
777
842
223
298
171
808
875
359
150
660
84
491
727
98
68
390
839
935
113
523
44
647
881
374
482
567
227
288
543
123
50
641
472
90
851
260
203
610
332
926
856
899
516
51
731
628
304
902
239
918
450
273
969
998
217
315
819
959
734
390
100
49
198
705
730
482
286
180
186
669
956
249
115
758
149
34
547
429
547
138
13
399
30
867
751
609
743
196
463
171
718
865
447
509
389
788
575
454
221
50
63
339
334
479
21
289
539
745
973
295
655
449
95
168
139
842
755
634
30
895
375
185
904
666
961
408
154
70
913
150
325
162
617
988
82
16
199
130
636
522
170
711
37
52
950
662
244
772
386
387
205
279
517
91
935
784
799
131
517
133
178
767
335
898
939
462
307
136
419
91
777
270
352
966
597
158
927
633
676
792
217
252
414
89
793
95
638
299
223
550
525
757
488
146
704
146
754
625
932
309
983
571
956
455
831
36
789
114
640
747
948
336
597
304
829
261
313
50
174
799
865
278
778
384
897
246
744
625
568
25
638
467
75
814
823
842
22
916
564
726
911
253
701
669
717
361
377
662
926
391
888
962
664
945
101
922
461
138
422
877
520
284
603
412
411
712
153
230
127
338
421
204
973
781
231
821
870
787
542
355
420
934
779
237
133
397
880
410
180
274
363
480
59
444
84
674
383
271
907
246
240
790
358
216
590
340
224
652
188
99
33
805
526
611
974
431
893
227
514
87
996
690
846
783
472
92
303
180
326
347
905
83
31
973
185
835
940
789
551
322
380
891
378
936
712
733
782
854
135
513
167
652
113
803
7
20
151
501
34
324
577
442
623
699
952
600
679
60
405
366
681
552
992
707
598
75
918
459
846
645
156
870
553
940
624
939
706
137
797
751
339
162
411
640
459
412
614
135
698
356
636
161
999
100
143
102
265
481
22
66
789
241
829
339
615
716
147
214
124
966
215
610
774
416
50
407
200
780
677
521
594
587
429
643
550
549
796
324
182
872
852
475
826
644
861
238
377
473
247
185
370
578
520
859
181
742
979
589
23
983
638
920
476
547
584
658
31
518
277
951
235
365
227
190
97
624
539
899
830
838
161
992
733
403
726
288
427
990
95
144
497
438
569
34
271
964
839
377
2
188
962
457
535
14
182
96
600
573
987
601
514
371
131
625
100
640
95
910
136
674
504
621
110
661
911
787
137
757
142
406
473
570
326
388
482
65
159
725
49
859
431
376
258
93
76
721
544
50
790
481
750
509
312
736
743
462
679
315
781
517
176
144
578
178
689
980
501
167
867
659
754
472
409
531
120
424
178
765
998
962
547
239
938
608
37
265
398
215
196
299
668
764
568
429
312
620
939
740
37
428
958
659
678
170
829
325
242
718
771
887
578
733
677
439
395
811
464
894
267
594
893
373
819
946
883
152
387
802
808
398
828
623
289
69
708
279
905
295
990
258
921
801
795
815
64
78
631
828
53
420
665
40
301
182
215
181
956
118
108
662
864
695
832
459
191
879
855
417
692
930
21
788
166
869
547
431
964
108
384
831
209
228
563
621
262
855
925
47
31
713
969
235
517
853
96
572
671
663
48
771
84
260
14
189
521
769
123
366
202
759
683
188
601
613
323
638
724
265
767
259
828
969
849
588
749
577
160
268
0
374
82
823
817
742
409
539
142
621
735
969
919
5
842
933
310
189
962
492
205
35
60
520
532
32
493
557
913
584
585
44
866
347
463
620
459
635
458
846
985
599
981
887
620
778
933
501
891
744
416
877
802
271
940
141
542
901
830
600
139
810
688
333
689
766
762
244
895
683
910
312
149
524
588
65
385
281
52
790
367
385
219
53
240
560
31
161
724
687
441
945
930
466
609
966
96
192
269
604
639
581
272
279
475
63
467
280
135
468
319
625
237
339
355
50
767
501
249
546
358
145
301
854
887
983
712
764
925
307
132
908
253
304
337
813
6
798
391
808
101
245
140
500
938
1
932
726
522
441
269
932
253
884
247
681
927
536
180
894
216
902
421
660
400
41
188
646
525
359
581
551
409
60
415
840
850
828
184
764
958
944
315
884
633
358
561
79
537
785
160
38
748
620
594
403
585
526
666
912
960
291
591
916
704
49
862
0
621
914
797
354
99
587
842
898
191
935
921
472
841
401
881
755
977
750
236
300
619
913
898
470
771
254
424
869
996
154
690
533
309
207
315
780
342
163
122
136
359
298
861
640
738
274
330
796
828
694
385
487
686
165
504
580
829
755
473
945
137
740
135
390
444
568
205
358
126
9
184
223
245
46
102
867
500
570
723
844
702
704
670
461
541
933
659
170
8
683
523
503
819
715
452
722
294
907
793
498
523
884
819
184
162
358
759
530
237
407
621
248
202
414
642
486
515
142
560
629
594
39
483
145
304
467
451
606
538
312
590
585
386
353
98
239
428
795
67
42
634
917
817
821
143
570
509
921
41
940
898
272
874
679
714
93
433
605
170
56
384
190
763
153
467
935
125
540
298
296
715
378
950
240
860
772
808
770
133
891
131
10
914
558
74
362
171
339
677
11
464
748
928
859
340
982
298
896
284
641
710
387
986
812
810
210
115
244
156
255
237
351
632
465
875
931
899
174
996
174
25
791
417
290
526
954
269
409
778
512
190
555
127
239
82
178
889
464
444
577
416
382
729
556
230
689
804
709
988
105
718
981
99
54
931
752
480
288
154
337
382
279
542
227
899
135
601
351
225
327
996
40
962
359
644
794
188
81
13
935
984
469
997
649
625
871
398
339
562
257
990
499
424
707
265
4
640
476
790
29
437
401
938
305
698
506
934
444
873
995
308
788
945
222
674
422
105
112
502
453
221
844
158
395
55
783
573
430
642
511
820
209
978
773
202
504
678
790
946
923
221
56
576
439
662
702
452
52
416
76
684
691
174
468
701
823
5
982
703
506
462
869
457
189
876
7
4
168
691
762
148
677
750
849
668
665
134
94
956
117
5
601
672
316
282
607
314
941
104
50
178
844
541
825
917
829
263
421
584
559
263
353
197
513
341
493
987
968
568
701
462
494
692
5
481
260
940
381
817
144
758
428
18
307
585
707
540
287
850
75
940
542
331
138
875
477
925
803
695
781
905
939
642
153
335
830
357
648
423
290
217
925
946
92
58
634
507
19
797
757
180
779
622
502
835
14
352
974
59
128
506
205
764
869
290
39
639
624
362
801
806
156
381
333
752
978
96
286
899
852
601
788
376
825
674
167
656
523
721
439
354
777
629
6
973
873
651
985
671
686
50
178
40
975
95
192
835
555
749
129
349
937
734
435
662
986
163
256
881
51
729
875
517
329
558
146
356
506
301
326
548
531
530
964
85
60
804
152
221
988
656
693
128
592
627
583
837
48
974
890
70
903
984
51
835
588
813
48
685
379
531
228
16
951
403
477
367
639
74
163
719
979
215
498
241
518
104
677
805
282
218
117
991
431
14
360
695
98
669
742
406
278
228
625
607
957
824
501
254
519
866
737
768
920
847
671
901
55
176
669
512
703
297
186
613
636
4
171
60
156
957
247
495
309
464
809
480
569
438
747
325
627
586
419
855
478
259
66
258
604
713
130
806
808
635
274
649
427
794
472
998
539
999
985
814
222
437
840
107
764
182
328
627
533
507
851
361
336
655
204
206
736
238
406
48
108
678
697
484
505
82
759
355
35
404
838
486
883
264
342
800
792
278
555
149
389
22
174
923
861
51
533
576
873
935
137
498
69
895
758
712
744
490
618
407
388
808
560
582
269
926
504
972
389
443
934
884
262
978
363
337
698
962
171
935
554
372
527
461
694
42
635
191
868
558
937
414
144
129
897
640
479
850
283
347
300
945
635
233
536
344
215
446
240
186
431
265
165
43
610
609
204
109
494
665
450
952
369
800
277
785
993
141
720
60
994
755
961
811
233
868
503
218
302
930
362
19
822
549
4
565
924
397
43
160
374
405
711
464
664
298
35
476
660
774
317
769
720
862
611
91
291
604
779
147
20
575
158
571
988
239
424
946
96
441
191
760
39
362
719
601
603
951
680
928
172
493
975
574
843
380
710
859
244
260
887
274
803
741
261
446
299
202
214
378
324
872
849
490
657
693
658
937
798
434
159
152
468
135
248
468
840
186
669
209
989
126
200
661
643
360
259
536
1000
305
489
916
304
456
433
959
57
26
356
758
892
470
699
658
417
804
335
96
220
404
705
526
87
906
207
26
364
738
487
492
322
622
473
532
93
533
168
797
64
461
226
214
828
149
537
503
291
278
21
497
526
323
990
952
563
564
778
479
295
220
291
517
901
168
38
594
516
752
437
923
105
775
63
375
378
870
601
504
353
341
469
361
130
749
442
915
310
748
628
48
119
259
500
41
301
432
907
854
490
130
692
276
602
482
509
699
347
136
355
502
736
184
486
773
704
116
990
339
951
310
592
95
294
410
691
314
19
372
178
254
438
526
76
293
110
566
381
772
368
25
488
624
769
268
939
735
478
705
518
701
770
838
147
223
835
538
394
78
218
891
539
65
612
841
743
960
381
956
287
628
845
721
431
757
243
200
863
375
723
835
186
497
250
127
622
103
324
613
943
629
521
93
321
538
89
345
858
21
364
519
747
900
6
448
363
545
85
855
148
214
534
460
901
985
12
916
192
858
377
912
363
488
954
91
233
255
985
415
274
776
143
390
655
402
913
67
683
449
683
780
532
956
304
583
522
710
400
145
682
733
702
347
956
998
736
404
572
985
442
203
655
750
530
118
496
814
863
748
64
424
90
1000
132
165
464
306
187
708
159
764
27
365
41
613
502
521
19
556
277
883
439
234
346
758
735
987
130
261
776
765
665
715
27
5
446
329
269
573
516
101
498
392
281
313
907
32
4
649
359
480
874
234
514
136
975
430
165
220
535
732
80
701
858
54
410
500
823
322
276
430
874
707
493
860
80
525
166
978
5
529
32
644
533
772
502
845
648
98
897
517
68
605
292
243
31
735
351
860
988
676
338
705
846
428
481
467
971
603
990
453
736
857
190
395
803
561
11
137
957
439
196
781
936
443
966
919
583
64
363
728
519
313
873
858
29
923
400
251
350
11
47
242
703
294
974
348
289
380
271
629
502
830
739
652
725
672
951
829
129
381
891
425
374
547
861
188
767
609
183
927
994
931
635
762
160
319
926
794
301
606
748
773
106
993
918
183
135
164
927
912
505
511
575
478
890
609
789
42
148
191
898
414
263
871
817
741
582
434
519
291
938
63
740
600
335
881
3
429
719
863
343
948
85
99
986
152
723
123
28
396
220
398
71
372
165
526
690
9
187
368
630
280
945
909
371
242
33
733
254
651
938
952
741
556
728
287
98
653
969
103
928
273
566
718
636
663
84
984
710
709
944
670
122
468
709
12
537
407
999
548
801
785
307
682
696
928
244
498
609
393
515
219
928
66
726
922
451
829
729
248
837
348
565
909
999
501
205
845
223
641
775
612
500
771
517
755
345
95
988
183
89
520
423
531
296
475
513
74
104
678
977
924
124
482
512
414
927
500
523
319
657
329
653
232
609
491
108
999
128
196
263
286
99
861
604
753
542
306
962
465
52
693
765
60
659
298
731
273
566
792
130
953
952
167
938
6
581
296
472
896
517
675
654
832
336
978
819
992
797
202
851
201
481
567
203
573
827
29
381
389
446
645
875
706
462
484
886
759
537
483
113
583
338
79
695
72
429
641
207
272
695
119
445
150
446
461
987
824
841
277
167
896
558
65
191
138
634
653
30
132
56
816
446
325
928
801
462
285
731
825
291
482
965
114
282
201
256
747
191
506
684
217
481
742
295
999
156
731
213
417
123
527
592
534
207
306
446
271
722
300
202
714
706
960
104
349
856
0
832
264
741
765
697
336
519
843
775
129
964
147
713
562
191
367
322
817
510
364
620
823
516
705
60
696
672
636
439
29
670
13
79
61
205
604
726
486
434
193
987
81
391
383
742
509
953
99
355
580
114
199
943
95
634
844
392
899
319
629
858
998
712
668
45
128
740
479
443
362
593
284
647
689
125
149
206
725
663
192
466
152
365
433
1
778
346
351
481
123
362
183
18
873
980
210
970
190
408
175
821
966
907
893
872
990
706
487
574
777
63
139
96
393
986
606
418
718
880
883
72
912
898
463
409
909
692
645
288
182
329
194
395
405
502
553
238
22
783
153
85
340
848
720
620
309
817
383
113
281
263
383
46
8
398
757
814
934
811
998
575
243
63
368
735
360
256
89
727
242
860
765
808
131
249
208
133
909
811
823
835
464
747
289
480
102
189
745
847
351
313
583
129
191
223
507
237
618
791
818
246
837
613
65
634
239
988
165
873
141
37
636
630
840
797
592
382
618
711
559
889
401
658
210
916
372
333
490
600
537
945
137
167
201
509
513
966
324
731
441
738
164
946
191
579
290
420
775
955
186
781
924
889
901
520
240
301
547
501
909
817
786
836
410
998
939
191
425
29
887
957
907
355
606
833
777
326
67
50
137
541
116
599
750
618
300
590
55
111
683
747
688
181
934
534
552
441
858
149
982
883
1
830
664
753
567
644
10
344
995
188
946
204
983
686
546
887
828
566
269
106
749
407
730
816
327
915
500
396
504
991
343
349
848
261
160
155
87
170
226
140
472
761
280
679
36
468
533
536
82
102
840
446
123
467
270
612
418
14
952
429
837
436
998
818
443
707
807
187
683
792
886
519
269
235
983
362
737
224
795
766
238
865
691
13
926
758
463
288
762
673
155
34
77
322
623
505
851
306
303
670
807
325
836
849
198
297
444
319
13
615
805
546
41
529
33
568
742
492
119
393
960
685
588
642
128
864
18
398
31
950
636
621
653
379
850
798
440
113
22
606
4
412
220
143
342
728
365
592
104
529
705
712
508
386
810
345
362
128
641
310
727
67
551
458
618
0
292
860
488
395
891
884
581
974
297
919
97
101
208
968
14
515
810
657
157
536
343
698
359
825
868
355
782
514
80
796
780
26
244
302
937
8
246
805
30
833
739
472
41
40
842
306
680
804
682
139
84
435
530
391
168
249
201
943
411
684
281
179
744
1000
649
480
220
158
309
159
638
578
376
292
543
682
568
824
253
801
222
168
247
130
203
842
785
342
269
50
607
191
703
86
1000
988
367
257
82
472
527
667
634
971
430
105
545
115
980
728
886
559
990
784
175
624
751
868
672
893
415
214
998
662
711
660
37
497
124
853
903
853
696
773
717
95
776
203
565
972
688
626
406
244
666
325
300
929
52
955
500
543
312
8
521
939
166
972
820
884
826
521
573
424
574
60
796
943
209
233
489
837
64
57
380
876
856
697
565
805
275
577
414
105
821
303
953
877
216
293
250
91
507
549
150
318
474
778
719
826
124
819
719
570
770
23
315
377
288
364
550
759
875
550
763
451
189
62
907
78
768
825
440
705
387
317
469
417
466
163
336
967
628
941
83
516
486
394
661
732
877
828
141
783
66
948
102
359
324
19
840
98
13
904
707
426
281
711
735
555
907
594
175
437
422
880
928
972
653
33
397
95
396
681
333
612
820
242
461
458
256
472
780
34
171
859
369
71
924
238
462
371
441
109
235
424
867
213
965
38
1000
676
387
209
543
22
956
202
662
575
544
229
936
280
124
201
480
153
423
572
970
646
270
932
680
480
722
228
504
555
483
775
276
44
496
194
403
779
149
521
874
280
57
59
969
866
50
396
675
184
808
237
466
774
350
104
579
607
312
267
740
608
608
717
258
0
793
285
453
702
159
812
761
625
915
659
824
158
636
693
833
70
725
229
320
497
264
184
57
857
891
602
899
113
307
681
477
336
557
834
87
52
69
741
653
807
706
646
889
708
736
853
470
71
793
89
623
782
355
536
589
259
813
879
165
374
384
700
754
40
271
40
567
446
538
519
166
426
758
224
736
835
575
181
183
111
97
941
858
835
597
683
933
512
848
123
440
725
220
553
195
296
894
15
597
3
327
836
675
542
870
241
268
155
218
463
326
838
465
350
161
221
273
954
343
509
292
211
957
67
33
770
405
159
585
454
11
204
509
601
577
145
780
132
575
854
37
702
277
568
660
408
799
539
775
162
362
338
859
193
393
129
616
623
269
677
717
165
504
30
259
1000
557
895
702
238
401
675
776
916
172
755
657
643
953
214
63
72
553
225
996
911
295
674
396
606
702
294
129
605
483
294
859
702
795
377
523
959
882
397
485
867
964
839
635
435
463
179
677
727
238
122
90
113
859
761
580
223
903
128
605
549
956
368
365
592
285
848
665
130
276
893
57
800
568
666
245
485
30
721
256
915
295
381
742
667
466
14
743
727
299
15
665
208
108
663
474
834
519
287
693
646
30
538
221
444
721
746
611
196
274
164
546
377
89
285
281
815
97
358
770
585
403
934
505
591
996
415
451
808
744
547
913
574
718
539
813
540
915
50
797
499
1000
128
339
399
545
50
247
124
652
809
650
546
218
53
58
610
586
894
670
642
288
940
569
35
563
928
974
45
929
216
339
496
345
535
527
483
74
86
123
68
948
356
476
307
506
214
465
293
771
670
280
476
446
975
909
63
183
506
954
459
773
282
982
407
631
867
579
611
645
470
862
237
930
880
651
846
581
713
336
521
303
406
334
667
65
296
855
805
117
905
309
706
537
277
674
301
834
435
597
780
718
209
622
70
936
761
151
620
517
252
226
817
591
532
926
321
748
746
540
255
28
789
230
248
807
839
573
362
57
322
463
202
306
980
300
386
954
210
59
305
410
461
894
289
961
309
253
289
388
890
95
58
970
386
955
770
454
857
837
889
59
436
164
371
445
915
941
855
898
738
558
121
643
433
571
691
602
766
354
906
900
903
66
910
179
221
821
229
579
94
507
87
519
721
524
993
399
817
382
526
803
888
408
708
358
131
227
892
152
760
843
519
220
683
732
210
23
916
478
273
364
512
418
224
240
946
208
523
252
888
612
827
96
30
412
513
721
510
977
343
112
976
434
958
783
532
580
417
257
592
209
92
487
528
820
470
682
653
719
901
371
791
88
35
127
101
274
202
918
926
466
144
637
868
890
532
100
474
570
366
291
939
342
827
647
169
433
584
430
741
871
811
92
120
7
548
634
70
740
188
689
399
756
773
270
454
870
302
650
409
603
272
189
734
308
896
94
984
184
497
519
610
108
214
565
403
504
136
8
469
662
836
740
413
640
291
478
52
812
74
726
961
52
468
676
265
114
200
46
123
471
935
581
493
661
764
698
565
188
688
772
128
465
582
121
853
855
141
117
807
525
137
118
151
231
132
331
908
133
860
801
468
636
792
431
183
387
384
689
729
344
942
362
178
678
22
848
61
876
146
435
897
127
55
166
204
457
91
453
74
521
3
412
299
490
818
12
245
192
221
758
214
525
280
346
578
141
294
487
521
117
979
67
62
106
820
439
6
986
756
404
475
66
777
430
828
582
873
923
599
615
696
617
5
958
671
739
584
62
281
629
438
938
690
838
347
992
488
589
904
754
179
262
913
130
273
222
726
872
669
413
670
974
184
533
754
79
993
621
485
959
85
358
422
960
447
164
355
214
545
495
117
962
269
969
696
652
602
649
67
588
830
128
712
485
336
794
572
532
441
318
137
186
290
840
11
219
266
915
723
718
15
327
858
486
573
380
960
405
352
592
859
104
560
366
543
146
22
447
708
222
124
224
958
206
22
940
678
224
811
818
183
818
141
273
469
414
962
747
403
272
393
488
34
798
183
552
13
58
858
827
135
944
1000
652
927
790
832
870
86
218
590
524
972
931
915
549
761
831
950
710
290
177
278
0
728
513
664
294
804
691
205
762
230
487
609
362
796
544
73
805
835
858
231
809
682
783
70
391
941
970
695
564
386
678
106
877
471
776
554
329
95
293
178
162
565
381
669
450
407
713
321
739
657
64
741
631
676
943
94
323
679
595
414
262
819
644
926
562
994
582
48
782
963
750
369
902
111
302
480
929
904
54
365
157
13
439
238
813
615
815
424
629
44
884
229
143
479
782
798
112
220
665
931
700
448
987
117
672
304
928
460
468
194
962
539
836
765
786
697
94
254
644
303
349
42
219
645
206
356
903
534
19
479
697
889
517
693
567
247
392
507
406
140
393
285
133
864
570
232
648
730
609
116
514
663
76
132
252
485
574
941
863
160
858
291
295
199
327
398
95
329
801
221
565
962
418
479
642
637
181
140
776
804
142
553
83
448
427
180
513
483
289
82
887
980
959
846
549
253
83
300
284
946
127
939
229
420
649
110
600
904
248
142
594
499
874
950
850
350
513
981
330
957
48
133
38
779
676
528
545
85
187
699
416
631
892
23
640
656
849
346
493
926
901
353
267
510
636
521
149
543
994
524
915
606
944
808
957
297
388
653
522
580
168
193
146
463
899
564
38
455
431
384
113
979
27
25
429
178
387
249
424
212
292
469
479
772
923
318
855
815
231
938
717
474
946
946
908
208
185
315
341
924
942
252
623
556
278
606
920
427
272
210
157
497
114
138
970
118
651
711
47
96
893
561
839
410
828
414
31
906
601
435
469
812
841
275
493
424
850
738
524
562
560
515
204
76
930
316
219
954
388
327
427
121
819
100
744
619
574
360
630
82
758
805
281
720
246
813
33
308
703
732
231
267
176
836
995
320
225
454
854
964
580
338
990
884
215
864
86
710
276
370
448
274
289
708
583
892
138
53
396
206
552
562
32
813
436
880
794
138
779
933
911
158
800
950
302
123
104
24
666
141
475
802
276
970
586
95
648
159
681
217
835
599
666
668
596
111
311
448
711
659
391
800
903
453
7
399
511
799
471
752
18
19
836
103
273
671
593
642
752
996
427
357
646
451
337
149
61
930
163
374
160
757
356
300
546
616
350
18
598
144
384
819
888
31
151
759
908
892
12
159
317
726
57
819
498
209
86
778
776
674
538
526
194
53
784
607
29
794
837
910
914
347
404
255
224
512
928
285
752
98
304
656
771
54
439
987
898
862
515
517
557
339
313
601
171
125
279
564
484
983
129
530
857
608
852
961
448
910
3
559
953
34
746
336
478
535
825
806
396
820
719
999
166
563
819
858
761
619
734
941
41
561
814
843
927
138
334
563
188
522
137
959
26
925
580
805
277
102
69
50
444
35
554
786
569
571
770
855
265
339
799
707
246
18
861
374
463
368
275
826
280
29
6
692
2
214
130
599
213
807
2
795
534
946
689
901
999
229
278
921
31
898
677
231
379
963
372
480
380
945
534
706
31
223
150
531
76
622
949
715
804
810
51
615
737
468
291
504
572
258
842
739
42
593
799
609
928
114
103
283
696
585
583
625
424
12
560
15
485
86
140
286
505
655
300
976
488
3
282
950
934
18
615
766
324
268
413
808
851
310
995
1
473
903
854
139
710
685
553
43
308
557
568
172
513
473
487
317
802
229
402
791
880
458
674
19
4
981
263
519
786
29
845
620
673
581
336
1000
549
113
167
18
726
468
118
635
435
301
4
436
527
39
886
715
468
907
955
345
789
272
644
102
633
75
113
217
36
256
773
626
342
80
31
170
967
733
966
865
410
762
373
428
91
814
725
666
438
806
312
93
220
696
77
581
444
156
911
642
939
312
935
898
429
953
965
28
154
279
40
720
722
859
296
159
494
204
993
929
998
712
995
973
947
289
906
177
533
569
740
306
535
144
140
358
887
213
907
687
930
517
299
785
924
710
340
587
368
820
728
514
827
828
167
461
190
834
492
779
895
253
758
449
877
100
204
221
998
254
455
535
831
73
984
779
713
812
990
703
392
543
520
630
548
676
124
864
481
597
163
466
256
999
513
344
799
807
700
629
990
788
864
266
441
382
94
618
56
249
857
327
348
213
984
884
991
687
548
520
721
855
859
991
762
712
476
300
501
371
281
185
294
169
776
396
713
34
923
150
596
12
2
315
328
207
225
815
720
880
778
69
647
102
482
296
82
676
975
982
762
384
566
365
345
608
489
214
643
695
513
889
975
680
819
819
57
858
433
894
508
914
336
507
575
585
960
731
38
291
523
558
459
447
991
899
989
688
694
571
597
715
200
542
984
944
884
555
41
243
495
523
805
36
345
804
392
555
769
836
450
72
763
293
785
382
218
123
72
111
470
410
780
458
78
751
944
405
694
802
419
455
647
299
60
404
842
819
825
487
147
614
82
383
724
218
31
19
732
839
119
430
816
446
706
771
793
823
591
722
344
139
640
802
352
487
668
493
523
384
706
864
354
677
434
499
889
458
67
940
506
302
391
840
124
690
730
775
216
995
130
724
848
710
990
868
96
14
491
689
475
956
705
388
938
888
418
12
66
907
600
675
67
645
355
385
911
718
572
283
776
436
240
829
404
422
861
192
920
274
337
962
173
758
537
38
939
986
946
163
256
287
440
298
438
459
687
493
141
932
1
647
187
511
538
568
544
282
956
61
353
58
747
928
15
315
551
13
685
433
137
40
110
355
444
839
661
531
0
440
378
506
152
172
391
250
645
853
246
593
77
37
483
88
942
788
789
979
405
255
793
93
55
377
407
696
101
333
332
785
651
880
104
441
472
176
150
616
594
709
882
954
608
901
623
550
140
387
140
399
597
927
903
762
498
756
578
927
947
569
809
606
195
582
192
37
508
461
717
973
420
541
949
1
765
913
167
28
243
686
433
525
463
996
147
429
206
612
715
494
883
815
466
309
402
434
436
893
651
101
897
673
568
341
861
730
605
350
477
38
884
493
893
604
180
854
211
754
125
21
560
879
387
86
440
877
243
699
18
904
333
864
726
207
751
745
163
369
292
969
993
29
637
0
866
447
497
433
804
58
676
178
720
125
248
882
420
222
427
227
986
61
151
54
56
263
359
237
582
512
32
8
385
379
288
246
154
165
533
622
125
127
10
125
248
841
149
448
852
189
77
514
832
595
953
669
763
928
253
949
970
517
136
721
347
663
356
179
681
696
188
316
932
412
434
284
61
401
292
512
942
553
581
433
441
621
482
508
950
749
500
593
306
573
283
106
390
120
567
71
499
481
994
427
735
293
514
194
733
277
247
79
444
20
738
179
295
967
795
60
537
207
376
2
20
165
933
115
252
659
324
836
578
587
793
818
599
819
760
506
16
972
687
107
877
227
84
856
592
347
520
829
205
447
627
915
401
79
177
979
226
381
768
500
809
317
530
362
819
232
891
252
0
816
593
568
778
744
364
152
650
245
921
326
391
283
205
655
393
399
155
405
97
322
774
680
945
334
993
685
504
710
94
50
223
176
790
912
974
69
792
933
920
179
39
19
350
986
271
663
599
773
374
118
202
446
631
163
658
806
9
889
996
91
767
161
347
717
202
340
783
104
525
851
31
758
23
652
566
495
456
492
6
675
177
532
638
385
100
59
746
990
44
827
449
150
510
964
958
665
801
63
342
210
455
735
479
892
389
183
809
681
598
342
265
85
692
597
787
701
942
856
928
447
135
834
516
589
133
211
761
76
456
982
754
945
889
998
942
524
430
588
874
80
742
263
410
343
207
15
527
151
64
422
576
768
895
256
869
571
182
983
388
778
817
803
200
738
398
434
223
160
342
322
842
159
875
417
133
289
55
174
552
161
910
475
927
374
774
923
734
397
616
528
330
156
636
184
92
744
230
215
783
871
833
321
554
849
985
818
784
859
146
3
521
87
62
113
399
720
799
881
95
300
656
419
261
165
506
535
660
48
372
100
206
759
511
273
873
475
1
390
99
21
490
918
438
215
113
815
67
353
364
720
430
972
204
871
984
319
124
6
359
140
484
492
528
21
292
875
950
301
63
642
944
309
204
811
274
763
591
377
603
324
174
715
33
771
369
215
483
903
230
236
466
702
967
171
380
626
670
304
429
783
512
460
366
553
449
324
283
879
499
507
863
515
37
684
958
721
260
897
341
293
199
136
483
612
689
978
843
101
238
961
772
778
429
584
806
148
754
849
276
644
45
763
623
369
71
665
279
44
397
211
325
168
451
575
467
623
933
188
329
539
167
518
668
606
305
396
93
52
221
992
291
69
911
346
520
628
499
910
832
629
39
835
595
973
510
163
497
3
248
664
702
67
996
869
361
987
901
128
184
993
532
372
182
566
186
515
583
67
379
479
738
555
651
85
696
509
472
263
409
370
861
116
477
906
41
917
853
100
914
130
485
524
467
621
34
273
498
230
288
557
349
857
407
839
166
871
99
351
806
247
328
58
467
640
770
43
257
518
430
531
724
392
262
767
648
324
749
465
145
979
711
0
882
67
742
630
201
944
868
369
20
706
404
340
236
233
407
31
905
337
406
54
974
227
172
137
270
76
984
142
636
688
109
333
557
89
198
335
369
970
783
527
999
241
275
886
14
691
550
989
84
726
851
383
719
593
323
88
105
222
892
440
685
603
603
588
262
441
725
702
226
463
483
294
929
408
403
92
649
241
542
326
1
47
856
890
16
561
152
898
25
587
179
694
741
616
497
826
724
596
824
998
801
52
1000
496
103
569
2
492
930
437
649
760
435
413
66
883
601
848
814
146
745
746
840
429
197
733
486
676
775
510
754
833
798
484
549
728
393
509
313
551
851
208
731
830
475
150
358
864
207
224
791
974
552
753
358
578
654
809
127
799
820
677
534
73
924
615
208
884
769
290
69
459
881
603
99
847
842
866
422
2
719
373
283
292
572
413
510
265
182
81
691
950
103
549
999
721
827
950
238
952
247
987
822
277
430
44
662
951
569
382
442
662
549
355
822
370
772
540
92
548
323
164
44
651
445
57
212
709
627
312
498
687
744
624
878
528
908
74
509
843
526
535
892
346
789
552
650
245
693
903
660
415
298
259
975
990
768
675
792
165
386
436
559
675
954
242
570
930
138
83
389
995
425
377
0
279
472
254
874
255
979
545
320
255
61
211
660
616
569
829
846
886
639
639
591
533
941
363
988
338
680
106
910
972
549
709
553
621
631
602
992
829
582
732
676
183
778
715
934
480
185
693
302
861
653
886
418
178
344
520
774
803
300
498
865
371
23
341
90
665
242
852
417
900
92
0
881
717
815
847
754
93
794
188
316
749
848
988
784
886
375
464
63
838
236
54
438
90
340
570
912
166
490
374
225
760
877
580
581
302
15
530
530
3
142
983
597
137
434
138
87
170
616
958
546
88
667
359
674
119
772
172
605
77
497
920
346
206
936
504
978
318
427
600
1
583
86
228
610
281
510
381
327
639
694
248
668
401
245
172
66
689
960
673
780
220
921
353
901
863
50
230
763
339
39
947
359
242
791
822
110
897
906
402
946
933
602
62
633
815
829
839
237
651
649
342
69
673
33
654
130
182
165
21
919
342
314
634
182
218
786
144
876
364
456
211
782
522
912
141
198
36
11
346
462
360
365
937
132
120
904
654
199
121
475
832
978
498
714
45
914
44
916
589
175
997
406
724
795
174
29
708
882
173
536
6
141
3
532
220
381
239
750
90
399
995
72
152
438
911
584
477
709
27
125
29
97
508
473
973
870
427
676
731
218
323
675
301
863
328
883
178
47
842
789
760
672
621
625
696
615
613
65
541
54
830
935
826
961
339
580
575
277
912
200
400
773
456
378
300
337
852
195
542
858
198
916
631
886
914
109
391
845
305
182
26
623
881
705
80
896
330
654
56
681
821
1
443
392
3
67
923
404
450
412
54
30
721
762
522
764
818
872
443
960
619
224
777
479
442
634
912
268
254
767
531
400
117
579
278
684
326
843
260
616
237
517
676
866
808
430
840
956
844
568
807
77
647
159
812
338
542
495
654
521
78
257
488
409
329
537
600
14
453
66
464
856
951
807
380
893
732
701
160
761
533
956
651
871
882
689
468
312
303
165
388
62
437
142
535
71
73
260
584
567
341
782
590
192
568
476
358
460
488
826
384
607
789
105
159
503
483
724
731
899
145
832
946
855
896
643
393
143
212
31
156
16
883
503
282
86
688
497
77
876
477
793
54
107
16
718
468
899
72
382
696
252
258
314
636
882
952
248
163
564
960
443
457
63
163
419
93
388
149
214
959
270
28
3
299
471
183
542
518
533
936
457
576
449
189
213
519
149
767
330
60
606
568
662
906
429
934
253
897
602
886
544
698
57
667
122
423
90
824
428
677
904
290
272
701
690
992
233
666
424
965
527
623
520
586
959
403
389
614
874
209
890
126
241
477
617
584
495
518
15
768
801
114
532
286
302
247
300
73
447
365
22
836
416
88
888
391
179
68
446
818
149
398
803
401
639
692
146
638
935
117
155
676
927
692
170
738
19
301
56
84
974
653
757
70
786
489
211
396
6
296
657
91
365
741
282
804
435
753
866
413
200
74
606
976
173
546
913
656
839
271
863
32
32
311
725
85
892
765
180
310
229
701
836
911
68
570
926
460
109
81
752
629
784
886
587
659
219
296
87
984
384
474
745
222
686
342
49
435
465
705
811
672
682
644
348
418
750
127
987
325
775
787
71
466
387
636
240
546
847
43
41
327
13
811
916
730
570
288
140
397
912
481
574
319
829
495
791
689
842
505
108
918
383
51
848
242
917
315
97
492
147
904
411
494
498
300
450
986
157
645
635
387
108
111
61
122
183
583
575
255
513
173
589
261
932
213
393
737
220
502
550
914
847
206
592
687
139
867
871
664
764
920
989
17
937
732
526
781
625
774
608
527
610
720
118
0
521
154
512
659
150
418
706
263
980
296
531
839
122
758
298
58
541
837
681
359
422
386
871
293
342
622
818
898
244
581
776
21
621
238
92
647
969
606
267
820
626
1000
668
16
163
129
773
970
481
134
684
91
593
173
126
691
631
961
687
638
941
573
827
300
482
575
721
274
939
517
859
426
294
889
466
219
653
193
989
288
885
297
257
148
949
369
510
98
623
369
454
270
696
892
132
380
986
495
329
248
531
717
493
695
476
286
944
172
191
600
32
411
424
27
947
867
401
566
98
676
761
645
854
661
976
582
738
572
325
867
80
268
158
358
105
67
94
729
607
736
585
54
645
93
78
39
60
983
864
268
888
614
591
597
436
667
455
807
80
12
534
985
894
167
440
767
756
547
319
32
521
968
377
438
959
857
196
58
926
695
456
300
1
201
764
516
509
810
16
840
251
141
481
684
772
243
998
59
629
907
487
966
975
589
315
952
231
55
171
236
895
395
241
130
11
19
975
443
140
13
10
867
203
960
879
547
945
458
862
792
625
278
711
573
340
256
828
440
434
72
30
792
341
616
751
871
823
424
22
898
949
193
734
127
606
765
275
108
667
439
538
839
241
296
476
381
956
83
341
334
606
123
582
900
928
83
255
692
789
861
75
149
312
134
216
774
456
893
794
182
745
275
533
722
630
159
575
666
975
323
489
237
501
455
1000
215
341
719
173
670
388
810
346
213
101
554
165
539
938
505
399
61
742
192
27
812
598
159
904
655
308
687
320
812
734
879
564
674
759
110
716
263
491
581
623
590
535
160
292
68
891
590
157
259
716
142
148
594
871
358
200
382
628
818
411
360
838
505
865
159
912
778
716
986
890
251
589
788
530
267
983
592
15
379
180
830
808
212
19
198
775
115
775
305
420
497
752
833
739
742
66
572
555
171
799
788
762
728
712
536
555
915
359
454
196
459
949
514
386
215
711
339
81
617
777
953
402
229
68
233
488
90
435
555
936
409
2
680
682
213
294
575
368
809
487
644
709
717
782
598
106
366
496
113
690
616
195
10
313
451
29
743
320
823
344
501
119
68
575
842
138
478
11
863
484
323
638
735
221
70
309
316
914
547
385
994
156
632
594
974
709
736
775
123
597
242
209
758
665
126
762
777
487
588
845
368
442
25
820
947
788
6
529
183
981
98
804
305
158
749
641
553
639
118
651
255
336
276
815
210
152
495
487
632
999
910
618
75
803
416
983
348
388
569
749
401
561
765
175
223
563
880
841
678
913
828
476
927
210
92
257
230
452
544
882
668
601
106
256
388
151
659
548
388
123
105
381
977
403
13
131
95
96
970
746
82
891
231
10
982
16
950
264
138
720
782
813
999
879
671
260
48
624
383
881
365
16
995
145
137
750
185
510
328
670
794
806
663
956
154
486
173
739
406
79
535
77
911
89
113
276
395
440
957
322
349
78
692
482
974
132
325
189
81
356
233
319
894
251
382
721
92
872
369
220
790
845
766
993
94
257
620
422
103
238
289
164
518
184
693
324
285
743
997
273
700
658
976
472
378
414
159
144
735
281
288
226
787
11
397
896
369
274
239
72
184
410
234
355
43
713
745
737
734
478
619
578
909
401
834
742
447
734
130
150
170
363
764
911
115
606
3
300
497
364
72
902
855
283
935
65
482
117
401
100
688
683
878
761
833
517
465
602
803
221
237
214
217
910
273
84
530
22
645
421
905
429
69
712
366
287
809
546
116
857
800
655
345
8
940
176
201
878
380
180
980
462
374
304
299
247
880
949
611
966
127
815
951
575
828
224
267
959
493
278
99
799
192
297
406
946
987
1
2
357
200
527
72
148
655
207
357
848
289
358
503
714
740
7
661
913
261
285
406
613
371
559
310
813
212
107
930
621
944
431
565
504
459
816
212
544
735
467
679
919
60
561
120
180
782
602
255
962
932
397
990
730
573
180
765
448
608
499
479
939
957
156
735
342
745
878
356
753
748
858
539
142
130
193
206
55
509
170
621
982
43
985
197
36
243
221
470
988
239
599
447
172
181
684
970
363
819
197
231
718
787
498
881
140
21
78
65
666
980
362
842
435
857
328
834
161
211
253
303
657
83
394
52
906
524
751
450
4
766
652
659
956
482
738
311
742
430
899
302
648
678
528
666
996
808
900
469
307
851
667
604
418
499
529
20
826
104
910
492
172
311
508
491
90
682
948
370
777
108
258
291
475
364
631
38
805
179
290
241
248
16
609
376
175
691
301
167
459
794
208
405
981
298
687
148
50
719
788
793
488
982
887
763
195
810
597
307
212
843
753
850
337
781
722
556
304
247
401
609
907
736
451
633
750
419
31
79
401
201
676
717
119
32
167
482
493
477
374
278
774
842
926
25
292
494
463
275
858
868
908
760
108
30
526
287
801
10
509
831
487
426
581
739
327
417
671
249
830
366
465
425
990
275
369
67
878
725
786
68
154
104
86
334
109
523
284
203
340
995
479
980
757
496
232
388
34
141
562
956
771
698
128
623
623
154
506
99
490
786
193
929
926
152
798
343
997
73
393
619
367
201
219
874
28
466
851
329
574
796
192
527
989
439
913
738
586
866
207
752
839
739
421
252
905
59
353
156
493
756
750
703
30
784
135
749
162
876
211
953
282
147
37
924
727
304
859
771
57
855
940
275
204
395
16
629
234
249
660
119
367
924
70
556
212
538
552
549
126
540
640
50
173
15
230
199
540
224
559
656
626
740
621
161
237
781
290
583
592
999
73
934
753
883
561
208
269
375
183
106
724
492
163
612
259
131
557
440
616
674
100
520
619
990
499
730
633
198
574
568
269
963
813
335
97
951
717
888
234
321
400
759
71
512
418
555
969
340
196
297
452
80
388
425
835
186
538
129
456
906
692
437
622
912
750
890
214
927
57
956
142
516
435
405
916
126
478
465
727
71
717
718
386
615
555
833
14
766
827
276
343
436
817
773
885
730
944
194
697
624
123
503
703
216
970
509
787
347
759
859
641
667
871
953
327
937
285
663
103
68
579
181
508
805
555
557
562
419
783
146
39
338
215
20
629
57
811
834
110
194
910
184
551
314
273
74
291
978
288
241
522
23
194
357
797
777
859
436
568
357
372
472
43
580
921
457
46
525
154
968
93
909
866
350
770
54
929
931
869
152
766
617
158
674
936
413
572
66
910
521
554
775
677
665
85
138
113
638
816
484
857
8
46
476
584
134
21
307
292
193
751
831
471
709
847
441
245
255
827
933
443
586
908
16
316
577
381
552
428
641
3
649
424
406
384
898
311
44
299
136
414
99
943
658
181
430
890
129
698
86
132
851
952
338
164
335
567
565
250
43
991
149
416
646
20
119
95
653
51
251
5
661
266
656
549
26
168
299
532
860
517
412
896
308
685
414
125
42
830
550
852
646
10
841
4
153
672
462
479
442
566
859
810
441
475
225
253
812
785
87
22
930
323
299
101
10
447
117
799
620
692
544
389
341
189
526
251
26
588
519
732
241
169
369
530
89
56
676
839
370
81
442
284
221
387
641
571
409
799
212
605
873
600
330
435
861
989
479
316
440
368
936
301
244
936
15
247
866
418
439
667
808
458
468
448
996
902
574
494
970
590
601
495
985
187
988
667
950
156
108
566
477
4
660
63
657
961
691
723
672
624
40
671
977
276
203
381
366
657
855
579
109
163
644
568
784
212
427
539
568
728
814
839
73
143
201
407
166
627
695
188
469
392
774
153
476
187
84
893
823
627
10
694
788
413
634
925
683
823
857
407
423
498
867
444
747
821
631
92
945
77
49
83
123
832
229
197
653
658
278
528
973
705
130
488
917
993
266
605
741
352
516
407
236
548
265
104
191
729
57
454
174
742
650
316
620
440
830
48
541
121
818
245
802
117
603
980
419
844
960
389
601
732
6
40
210
189
407
72
686
216
151
928
256
542
382
270
54
640
293
203
513
824
466
269
882
539
380
761
968
666
5
466
286
341
903
652
500
814
623
13
623
757
880
262
868
954
532
738
375
975
639
321
832
244
650
499
692
301
714
999
187
180
687
29
464
155
664
157
334
573
436
330
513
478
41
308
638
211
52
516
912
910
181
842
834
678
463
43
35
596
682
228
506
398
156
741
122
866
994
47
96
847
40
99
772
695
468
490
476
837
93
870
370
38
67
838
808
176
461
748
886
534
604
767
781
87
293
678
157
494
686
920
980
95
559
138
609
316
287
339
505
373
734
480
307
870
476
163
789
817
599
661
274
618
684
90
406
568
644
917
52
511
567
207
128
274
43
997
672
173
194
959
598
124
985
291
396
43
147
303
296
432
764
778
141
272
634
930
259
124
419
211
670
249
295
920
965
627
746
375
192
751
445
26
373
415
258
926
689
114
860
55
862
145
39
562
541
513
728
177
702
389
762
582
251
963
295
905
598
890
52
237
255
190
861
60
199
124
959
477
87
769
482
318
496
366
174
684
115
341
801
504
577
958
275
461
889
294
351
585
944
616
73
227
115
494
765
947
924
358
359
982
402
873
916
568
960
997
849
288
147
819
726
953
740
977
701
488
788
542
484
487
607
851
589
723
822
848
840
881
879
41
932
211
501
891
364
116
762
493
940
459
37
198
467
137
792
618
974
568
801
396
77
977
734
667
778
309
861
830
802
633
673
592
341
145
160
738
593
118
627
804
988
17
565
648
491
247
555
74
226
489
99
200
278
994
158
420
811
249
39
142
932
78
132
449
656
970
271
189
664
35
291
431
204
992
829
463
626
843
860
299
256
570
29
691
331
53
256
491
464
807
545
675
542
664
301
607
404
76
310
204
206
963
976
369
256
86
104
802
201
526
757
532
793
807
993
258
983
773
620
284
505
452
678
705
775
943
28
816
517
66
928
340
145
42
912
431
216
8
985
800
642
4
573
34
231
403
563
418
72
610
327
697
838
333
385
373
807
42
854
321
384
273
829
602
707
784
813
392
85
406
974
924
669
354
116
92
429
296
904
136
5
598
464
442
828
599
934
4
641
663
63
449
62
712
630
122
678
5
348
111
591
399
160
827
774
166
151
751
643
104
288
978
689
606
602
994
240
340
499
313
315
876
217
491
747
129
532
424
145
366
990
941
68
49
749
286
806
931
244
341
61
443
638
686
388
81
57
317
303
120
107
670
697
794
834
555
149
219
645
949
24
364
429
989
577
892
586
1
384
711
653
483
335
344
457
873
139
838
898
460
908
177
634
837
155
903
439
506
326
142
664
264
0
599
576
919
108
929
372
532
690
616
911
287
249
837
633
328
540
733
403
699
615
753
335
701
684
259
42
233
59
535
398
861
