972
942
774
123
928
982
382
339
281
154
25
639
70
851
467
95
509
546
904
813
354
772
375
477
244
257
460
146
574
650
172
596
539
535
772
47
244
362
504
495
806
123
142
715
777
151
609
219
735
122
339
939
52
41
201
258
794
763
978
634
517
353
673
587
920
860
475
89
675
571
482
973
398
425
86
956
427
365
949
994
956
239
574
464
747
114
889
585
672
857
425
280
144
785
593
395
250
479
442
436
55
227
318
832
270
759
144
422
549
771
839
77
961
716
805
719
105
846
320
110
899
719
358
396
713
91
206
641
971
998
243
825
681
688
453
789
990
196
84
406
396
586
7
994
836
475
975
54
258
563
435
612
530
515
550
45
941
359
699
278
551
127
461
221
513
248
648
950
891
851
216
15
622
33
506
656
232
14
776
845
1000
798
817
524
448
103
523
851
949
414
45
709
822
417
896
408
446
679
42
339
140
207
802
115
547
9
826
427
98
671
382
17
586
291
427
935
99
328
546
922
522
757
663
197
115
254
93
662
38
957
159
846
202
58
116
595
483
415
510
0
682
621
450
463
143
521
80
324
965
932
899
927
437
359
549
662
859
339
350
813
782
998
102
805
837
565
654
368
612
296
15
521
323
613
912
155
527
639
970
92
824
967
81
22
77
668
821
943
984
473
708
183
890
988
887
150
842
200
180
102
47
966
380
257
604
502
920
560
256
537
137
499
548
852
73
656
288
598
971
4
42
297
426
383
187
256
114
735
635
274
421
288
629
678
289
135
196
718
105
432
780
782
741
726
514
54
133
827
373
743
343
732
564
292
511
311
222
874
765
332
611
937
374
375
333
159
11
735
337
261
380
19
216
676
849
608
192
142
737
233
510
167
665
136
964
248
513
93
740
643
932
577
255
441
255
632
331
814
728
498
298
506
871
121
407
997
847
373
85
261
106
184
600
673
37
884
162
589
402
940
355
780
90
22
618
86
294
351
727
45
200
316
177
132
189
827
803
460
503
373
525
922
212
690
947
738
152
296
378
518
693
286
410
504
301
615
47
540
467
318
553
466
309
205
578
395
958
451
842
255
700
411
613
948
506
840
49
577
606
85
924
608
116
860
649
975
268
954
928
309
438
870
245
99
578
573
726
185
279
865
365
513
964
886
542
735
924
955
75
612
53
620
878
271
886
408
539
558
810
30
468
208
943
101
965
500
380
483
352
171
7
959
410
836
405
114
275
48
677
907
650
943
587
923
151
492
493
967
686
357
597
491
914
158
138
870
539
370
940
654
15
656
742
384
416
562
517
336
604
963
460
325
537
932
357
877
688
96
645
330
361
152
206
638
603
920
727
107
932
944
388
930
571
251
563
343
546
443
906
653
619
658
921
864
694
622
420
816
992
750
798
315
828
195
8
634
112
559
626
453
96
334
445
337
441
144
302
268
837
231
292
817
708
887
246
200
542
263
685
936
399
424
890
763
218
475
76
355
907
781
501
357
390
926
944
34
815
155
269
143
48
886
778
771
824
978
845
561
373
839
174
351
14
729
871
535
127
920
538
10
426
65
500
295
98
39
96
565
976
885
524
239
874
43
313
314
216
890
605
406
202
12
291
302
768
580
437
784
81
402
168
995
732
531
782
502
174
208
496
129
503
36
873
322
877
75
964
639
700
100
693
743
715
446
287
215
627
468
241
417
6
532
854
91
125
602
726
499
32
433
319
586
279
949
869
709
142
828
440
122
122
985
492
342
259
482
532
377
386
991
944
633
291
122
598
475
267
543
720
300
752
922
655
708
483
210
548
947
96
84
303
267
426
962
869
523
647
932
300
729
607
316
484
121
723
933
254
241
114
723
902
739
814
356
644
606
856
571
428
133
155
105
964
230
320
821
965
570
88
814
190
397
212
719
490
389
553
719
585
611
129
554
890
139
426
358
868
99
438
563
40
922
138
353
740
561
814
658
612
116
727
148
915
106
627
46
600
173
697
919
407
724
397
85
523
116
195
757
966
139
835
87
398
927
794
236
9
462
274
677
713
755
902
839
93
500
370
722
467
26
2
438
979
582
773
673
914
41
664
117
483
798
950
882
261
580
802
426
585
794
307
652
328
900
616
318
936
140
993
536
223
732
718
126
613
638
408
513
659
573
564
948
816
598
983
997
872
72
303
478
602
540
612
936
795
192
73
698
25
453
83
325
957
889
817
833
265
940
20
639
102
393
299
962
211
661
702
319
486
355
47
742
310
342
187
511
729
91
874
560
801
782
584
29
825
324
676
351
272
984
888
661
806
944
201
875
90
26
433
371
310
191
301
453
604
25
329
878
431
812
81
429
342
127
209
429
879
684
865
150
558
865
856
557
607
953
534
816
665
389
276
188
94
314
941
846
491
10
898
432
482
66
160
95
315
616
971
405
508
107
359
966
952
126
269
351
296
435
228
382
319
836
686
443
541
534
300
626
302
904
787
884
679
646
35
233
297
292
973
887
787
21
855
209
341
908
836
168
207
372
939
646
291
106
623
114
629
892
647
443
806
439
985
778
830
307
34
780
182
328
561
171
539
610
188
767
52
798
558
241
626
354
193
886
930
69
139
551
24
982
178
415
90
1
246
235
228
623
679
618
247
553
967
128
600
611
390
727
467
248
209
844
585
408
979
113
436
777
57
411
203
891
760
340
360
637
893
481
647
660
422
834
677
976
396
205
22
990
687
388
876
630
392
887
129
907
215
493
921
140
292
928
590
522
185
16
198
777
806
314
137
39
120
253
712
207
680
215
135
795
708
786
418
438
534
57
521
715
489
715
814
258
529
968
624
9
446
450
832
510
167
374
704
873
353
641
767
774
150
16
959
38
11
894
352
355
572
210
772
193
314
150
454
90
279
175
961
302
200
586
545
317
723
401
362
560
102
707
311
862
705
839
49
549
618
366
46
923
530
447
166
783
405
110
32
516
355
567
270
315
771
845
60
333
252
183
610
791
282
895
991
779
333
483
186
649
685
388
251
339
736
769
681
154
139
908
324
68
865
998
702
43
206
114
892
82
362
878
960
747
471
120
34
19
796
326
158
951
358
555
834
722
548
221
566
265
828
531
278
674
483
629
154
978
694
965
725
747
694
212
137
897
974
242
788
942
885
584
707
349
392
934
773
580
155
484
293
97
710
974
164
383
182
259
273
630
349
963
364
897
453
23
885
262
231
60
238
82
16
841
382
239
267
65
898
548
43
16
872
183
958
638
160
430
231
202
186
64
750
353
931
24
672
453
423
567
618
376
227
581
110
726
154
297
393
431
684
444
998
647
738
757
409
664
768
179
731
668
769
575
876
120
722
747
888
221
195
140
230
668
707
288
385
237
273
493
582
719
721
950
101
42
130
662
99
929
393
646
814
175
642
8
901
452
620
337
997
944
446
282
775
415
747
652
888
153
735
285
107
883
183
664
3
445
979
706
257
454
296
503
910
822
648
234
666
479
622
459
662
15
847
575
946
510
531
773
229
416
16
422
377
760
890
844
178
201
755
986
986
796
321
813
280
334
902
144
944
804
103
430
847
675
609
891
840
581
888
942
789
9
346
206
58
453
40
870
606
435
616
619
639
656
750
29
218
957
738
122
968
765
557
224
873
260
898
596
750
729
229
570
774
230
165
900
891
7
153
44
360
436
529
278
183
739
658
261
847
831
240
639
842
113
589
208
33
215
154
874
636
994
350
934
957
8
195
586
402
675
923
795
812
539
881
863
573
953
291
273
55
408
237
859
397
602
921
134
515
764
37
134
387
891
424
20
141
846
639
370
461
178
627
470
631
650
601
561
161
151
749
219
829
980
304
296
128
926
653
946
737
763
220
343
825
874
943
682
697
822
181
851
927
183
394
806
788
783
104
849
973
186
714
911
920
410
501
693
466
248
1
176
216
644
590
486
702
401
838
157
291
588
990
177
60
357
264
197
814
52
285
223
489
60
42
548
911
669
369
78
766
679
767
548
767
413
313
44
701
340
99
874
419
164
510
524
789
777
859
900
540
619
520
942
328
38
915
987
681
299
727
243
54
62
395
909
236
181
508
315
701
298
623
116
345
148
403
559
764
524
446
881
362
13
464
284
101
331
150
474
674
685
79
526
552
183
712
25
37
631
307
90
453
351
627
829
163
444
815
502
40
354
880
442
973
339
725
819
554
353
423
912
368
45
742
761
410
301
392
55
409
21
587
920
965
518
503
137
264
590
165
330
73
498
392
334
628
274
451
134
364
727
785
593
68
443
713
335
448
615
225
283
625
717
709
433
113
24
964
765
603
169
96
310
308
919
595
167
619
866
214
316
404
811
137
465
115
249
271
128
413
324
383
441
258
917
781
226
501
833
365
619
168
605
728
730
63
525
216
473
65
205
129
530
213
641
26
132
410
467
648
574
989
44
884
595
444
399
658
714
870
582
914
471
514
688
195
637
381
901
835
439
384
754
794
905
263
990
586
324
421
144
879
598
47
124
863
523
882
43
413
534
419
913
461
802
19
254
378
100
706
160
405
378
27
281
814
122
218
836
855
689
648
171
426
413
134
385
364
867
305
774
395
148
752
142
179
164
571
509
375
479
679
567
1000
522
274
928
486
626
413
100
195
266
685
804
25
522
457
590
488
657
275
886
172
507
196
60
149
86
674
497
34
889
605
384
807
966
703
875
386
405
847
441
348
489
364
607
427
183
686
709
507
844
652
511
59
850
952
928
37
164
813
40
478
997
990
818
126
252
190
941
97
213
242
458
701
705
141
724
68
681
891
448
16
33
330
357
118
440
944
683
683
710
357
863
516
966
734
280
641
49
178
724
160
295
932
220
487
393
242
663
929
55
338
191
255
961
30
971
894
564
762
528
454
895
915
261
502
244
204
921
146
155
670
453
388
978
501
6
795
684
453
243
939
164
226
323
577
745
512
472
205
264
666
345
684
74
189
841
742
41
166
830
289
283
438
671
550
550
675
302
352
629
599
123
308
359
420
906
185
962
621
86
299
874
845
959
234
203
653
48
818
852
111
40
95
69
615
284
425
120
371
327
740
878
857
330
729
752
714
473
929
513
713
878
491
10
946
927
405
418
132
698
264
194
139
588
970
745
570
985
808
556
911
714
920
528
648
672
374
1
98
764
504
753
233
219
785
789
21
544
551
513
699
912
159
610
868
711
169
992
31
93
706
481
75
363
701
803
749
322
165
797
968
256
991
897
663
589
932
608
790
256
202
141
43
920
269
664
257
64
799
351
762
508
878
71
576
586
272
581
706
562
506
578
438
838
787
609
46
39
694
157
691
772
475
143
95
994
634
679
996
301
873
552
87
699
828
263
529
694
940
134
630
717
546
815
765
665
995
885
726
990
584
619
306
477
597
749
145
39
42
529
964
814
994
917
368
979
278
749
506
679
122
386
458
478
714
259
134
568
241
435
607
171
63
461
410
494
442
312
250
273
504
584
180
875
405
219
54
761
492
775
750
266
619
652
898
851
861
424
457
588
331
301
160
623
138
441
710
154
207
110
297
750
771
764
126
552
672
359
105
770
688
344
431
124
80
168
485
940
644
110
516
234
179
240
624
284
31
812
106
464
995
809
469
893
610
484
682
329
534
890
570
834
828
485
124
658
269
31
53
428
674
877
556
754
289
604
64
872
182
373
639
432
24
995
988
641
271
712
453
894
316
492
797
356
624
512
392
684
330
525
736
99
837
568
751
540
543
931
113
474
575
690
71
6
835
114
897
96
218
907
919
670
458
30
169
842
800
232
670
551
787
53
229
315
709
790
677
785
732
884
699
752
142
609
571
610
404
272
544
142
933
81
283
24
778
497
162
107
766
743
118
753
748
947
528
273
407
433
901
560
437
781
48
941
833
473
498
606
30
755
838
763
167
8
416
796
211
272
757
339
742
691
36
787
967
393
190
482
531
414
597
675
681
596
690
910
75
914
616
360
129
712
721
313
103
482
119
293
806
659
288
765
897
955
181
91
781
766
809
348
162
671
664
941
540
431
712
43
311
113
149
383
492
212
701
665
194
318
595
769
461
348
601
248
149
698
978
313
439
830
805
529
129
634
933
313
265
568
503
360
201
483
252
719
292
450
847
584
173
623
771
681
721
425
630
699
165
639
782
567
775
475
897
845
481
817
368
753
693
420
280
452
150
988
481
559
288
541
527
415
195
994
977
961
242
625
607
127
356
724
144
443
0
776
103
425
804
698
665
425
774
522
30
751
578
348
854
358
147
990
675
545
960
847
474
7
536
343
802
119
619
450
18
206
444
668
5
710
375
307
181
704
573
124
567
262
856
576
523
252
121
428
991
258
379
827
454
166
488
364
44
632
594
74
554
122
547
9
218
507
278
962
941
902
66
546
2
96
632
703
633
581
580
202
533
888
647
129
569
989
102
597
731
664
407
143
830
402
133
309
185
200
754
473
165
71
285
83
14
939
36
256
465
421
533
724
130
337
378
710
344
759
497
402
553
584
195
221
592
195
874
471
650
9
380
205
7
204
169
99
47
45
949
315
230
526
579
590
175
410
524
548
28
973
640
0
768
70
578
372
783
654
556
523
387
733
895
750
283
296
508
673
906
45
730
981
336
918
960
584
357
160
930
907
273
800
672
2
932
641
921
472
276
342
611
678
531
268
573
516
744
488
208
6
159
877
220
113
121
27
766
820
931
805
775
342
191
411
527
204
897
181
545
893
611
90
57
273
456
92
175
673
69
186
818
696
947
314
278
125
327
495
471
595
712
340
400
370
295
923
313
264
819
623
840
294
258
406
290
303
628
517
682
676
399
743
472
990
701
973
505
659
153
961
395
865
287
397
687
325
294
919
721
24
411
0
355
94
619
739
86
153
547
697
610
208
483
183
686
794
421
308
720
171
468
743
240
708
601
386
263
831
564
662
86
452
220
188
182
998
290
804
337
128
808
358
434
37
588
65
88
139
668
349
756
616
333
894
87
125
102
617
976
2
677
681
599
907
824
635
894
997
536
994
519
658
771
67
372
157
590
94
423
977
36
228
928
231
949
145
337
243
332
441
151
979
605
917
293
666
569
894
547
315
287
643
752
829
100
494
657
116
823
977
550
647
422
917
32
281
504
230
567
842
601
788
398
185
47
46
381
135
427
825
208
725
669
88
538
381
548
620
472
219
821
95
973
885
75
433
144
787
62
559
200
622
313
484
802
74
839
955
865
640
872
661
164
290
738
606
962
183
639
528
546
532
985
836
515
604
223
162
289
55
410
275
249
677
376
605
669
115
9
733
920
894
205
941
713
565
483
682
754
287
724
141
556
933
975
996
175
321
715
594
508
685
736
469
369
695
320
657
316
542
522
942
572
268
30
45
368
657
558
270
230
605
925
694
194
533
585
636
7
733
169
263
585
764
160
433
595
608
181
394
811
871
270
86
962
995
246
458
189
904
813
271
616
234
718
785
635
996
277
233
709
663
32
71
525
936
999
465
547
148
292
204
698
908
342
144
346
19
316
971
655
724
500
318
985
135
354
591
799
740
710
0
888
857
521
232
608
70
497
7
489
768
344
52
273
689
699
561
359
620
268
747
52
499
596
251
998
187
377
598
618
210
1000
619
678
184
206
798
334
122
40
34
537
38
269
269
314
802
557
728
486
259
897
993
357
695
214
856
960
188
163
661
716
402
401
186
181
435
904
189
683
273
265
667
185
190
355
702
345
385
3
239
594
54
93
283
85
739
931
120
820
535
385
471
518
541
366
63
25
791
519
135
177
992
420
29
779
580
395
831
638
544
852
695
397
250
779
33
972
142
719
301
112
542
750
33
141
404
275
553
279
557
785
943
764
35
208
451
306
483
805
240
210
198
788
103
254
746
441
703
967
645
754
537
221
711
58
453
979
526
176
903
63
491
677
17
930
655
534
939
341
830
240
295
300
764
221
475
641
94
865
384
565
537
400
497
177
138
880
678
904
731
314
93
941
945
792
345
644
654
700
765
839
413
184
258
421
206
759
235
352
242
134
215
213
604
164
999
122
841
611
962
276
864
862
49
263
191
228
276
361
328
206
616
132
474
685
908
39
252
614
72
622
524
425
968
370
449
275
124
581
491
419
666
464
265
928
431
558
159
182
942
279
793
217
912
406
116
350
185
634
385
256
353
739
461
420
458
240
639
99
901
397
887
94
253
55
356
752
841
936
431
616
373
346
389
96
281
488
98
297
546
959
905
290
651
639
434
629
605
249
821
730
27
588
11
401
497
915
523
834
823
889
186
56
380
992
13
607
560
526
97
263
81
193
341
518
540
369
481
858
905
95
137
659
474
759
709
724
9
594
438
277
923
23
321
122
141
391
319
500
55
580
389
488
454
795
511
406
743
359
293
480
954
433
488
47
151
626
8
691
507
451
593
177
628
326
853
673
410
471
246
874
750
291
226
779
905
492
520
883
248
888
955
166
927
928
591
779
645
288
535
550
15
534
442
502
368
368
930
189
779
636
230
343
895
213
930
33
509
444
230
12
985
82
468
884
569
992
657
612
810
959
629
319
665
167
256
207
575
630
616
394
679
40
257
129
150
218
271
653
716
82
529
322
89
248
697
431
999
784
183
294
910
699
962
51
159
891
537
123
619
176
368
365
382
321
338
182
182
90
145
605
485
851
589
2
172
742
956
375
640
418
163
443
949
483
653
891
573
257
866
538
80
189
299
216
732
126
241
852
65
931
368
948
944
412
344
176
517
567
153
373
492
814
140
405
399
602
215
16
757
305
790
939
482
494
176
357
148
321
20
681
876
752
883
510
996
176
747
899
677
106
121
591
190
313
683
926
412
729
20
434
198
80
937
948
345
30
892
500
421
50
493
148
634
416
21
683
915
771
41
418
879
328
610
814
147
801
115
948
874
180
892
657
695
320
900
646
133
58
995
448
911
408
494
396
830
901
301
892
549
629
965
386
560
844
229
68
410
643
52
78
615
123
511
819
144
567
824
49
255
14
953
507
556
768
414
499
425
562
365
921
321
342
333
386
627
382
246
738
335
688
129
122
465
309
483
556
23
316
405
308
117
917
96
815
867
720
135
991
795
341
249
55
758
575
931
725
458
519
849
710
854
268
742
550
667
666
537
72
379
811
306
829
68
165
204
335
990
336
830
542
579
90
640
414
224
679
91
317
108
477
879
966
266
728
572
764
200
438
321
398
631
304
4
623
402
540
388
535
112
232
425
20
360
511
149
411
397
17
908
68
637
798
774
521
445
893
59
360
249
518
876
330
505
535
737
429
145
140
473
978
531
712
139
225
929
154
511
759
318
437
760
551
41
199
158
954
575
336
198
74
472
911
633
498
568
459
765
653
268
239
144
522
112
352
212
149
13
216
586
999
342
59
788
472
263
717
575
670
473
378
474
629
939
474
941
827
489
305
369
98
477
432
479
328
299
951
641
188
348
477
951
441
663
697
683
796
509
297
429
317
2
823
662
887
515
442
543
807
250
526
856
565
156
958
741
853
167
318
976
199
608
629
512
491
840
702
629
91
870
207
781
163
863
956
558
905
683
167
40
225
935
582
819
718
689
434
314
852
573
746
526
174
407
946
361
55
216
380
99
655
964
358
344
246
390
74
719
404
723
378
750
905
200
416
610
953
873
801
981
174
5
271
359
568
365
83
982
400
501
49
324
183
89
40
226
168
433
960
252
306
59
390
585
760
546
456
603
534
771
906
171
440
1000
417
564
763
775
548
245
826
775
775
823
100
17
129
452
829
742
137
759
196
122
430
114
741
836
140
461
983
860
446
240
830
458
717
48
812
139
488
947
930
366
102
401
435
722
412
438
956
108
620
392
854
14
307
90
830
452
390
604
427
349
236
403
825
330
656
949
961
225
905
739
874
31
63
93
472
121
728
464
783
165
427
801
728
579
946
127
368
675
608
211
720
925
734
795
467
460
264
687
859
682
178
462
854
45
965
17
369
136
92
991
164
914
800
184
196
863
916
232
199
94
947
278
645
680
452
204
631
740
786
710
614
427
537
346
159
313
65
253
743
627
105
400
460
398
724
235
835
120
637
857
999
137
567
560
124
979
342
814
428
371
950
753
1
583
325
746
583
786
372
699
877
395
13
673
328
300
200
200
353
814
643
319
738
338
851
304
804
123
679
929
326
716
496
779
729
950
534
202
541
47
170
12
516
983
645
708
786
815
444
83
453
876
585
324
951
272
190
310
996
359
112
41
360
390
383
832
166
63
0
116
423
728
960
872
276
870
475
58
352
297
685
646
709
446
755
233
208
152
931
136
679
405
676
769
67
170
846
451
149
933
416
811
242
560
725
714
499
274
829
935
377
887
369
467
417
607
768
329
172
969
225
896
765
979
251
384
341
348
335
197
913
242
377
997
516
117
197
795
192
356
145
409
506
89
220
357
545
441
412
284
10
874
648
925
624
681
100
816
583
852
52
391
621
680
804
42
120
545
385
598
31
746
243
265
953
987
179
674
194
709
532
896
982
274
581
383
762
644
69
116
284
445
680
169
636
342
258
971
434
830
719
629
415
755
58
355
694
234
669
273
721
643
145
883
379
737
94
920
148
677
180
525
237
939
647
161
250
595
686
931
400
798
437
211
616
955
373
246
69
855
125
562
618
680
590
88
326
344
534
207
417
60
39
143
266
511
660
756
159
481
613
727
55
376
996
164
100
598
882
365
185
654
732
970
45
732
850
808
713
77
466
473
133
17
839
989
24
180
112
159
517
247
684
82
204
541
332
325
61
879
598
60
712
332
153
683
625
649
22
666
523
963
465
436
59
773
208
739
199
9
412
71
409
616
451
849
951
633
397
295
299
256
179
806
619
904
273
913
377
286
321
472
775
129
591
102
92
961
835
929
572
960
979
949
59
777
317
530
227
571
622
488
605
869
136
258
702
688
780
158
785
908
809
692
786
282
650
503
592
955
47
279
161
772
710
66
150
866
4
23
264
846
924
813
905
793
355
939
795
377
523
677
998
517
191
182
435
230
931
690
110
600
293
904
611
821
728
193
826
752
677
880
591
316
227
202
586
375
840
285
24
765
420
11
829
57
293
926
166
354
734
475
871
681
868
569
65
262
162
384
838
717
815
571
301
154
679
612
704
106
708
865
351
425
815
466
557
473
255
823
723
612
842
221
230
192
976
903
502
883
891
453
191
311
281
165
786
368
700
548
242
482
192
427
501
301
855
365
592
388
925
697
880
65
256
787
800
863
141
719
724
46
274
238
765
760
53
179
735
806
399
483
853
936
905
583
295
175
644
588
544
631
673
967
506
613
255
315
65
627
272
485
772
424
686
129
897
24
487
993
137
154
960
234
648
906
309
864
852
669
765
505
746
767
48
234
977
731
334
241
707
836
916
797
313
323
451
744
593
745
791
167
76
941
719
585
139
976
246
457
58
713
79
512
139
303
446
759
286
466
265
488
866
367
207
638
518
357
171
783
53
296
814
394
402
0
559
604
775
996
409
411
897
342
932
556
390
219
643
661
936
238
508
271
554
778
662
915
382
453
669
645
882
997
729
752
265
540
108
179
456
493
133
222
647
431
618
76
831
437
0
981
725
509
330
357
245
566
909
923
734
168
38
77
138
164
617
977
907
336
948
898
227
467
608
250
622
694
241
538
725
612
790
412
545
374
422
211
609
967
956
612
638
636
66
791
555
267
409
724
340
8
937
691
590
123
132
508
964
416
857
956
268
609
602
307
57
710
280
909
982
951
398
59
784
33
344
311
527
300
150
774
141
486
414
192
979
404
389
666
849
461
268
104
586
235
201
877
17
289
89
493
99
372
740
529
628
172
415
660
910
409
2
298
447
328
940
380
226
664
910
48
280
325
763
251
470
767
675
783
682
934
575
291
426
881
805
140
927
703
308
147
696
5
35
390
962
879
878
463
102
258
605
105
561
17
900
747
174
689
488
17
669
301
153
920
825
538
591
940
265
55
325
367
604
911
110
797
156
375
752
671
360
750
501
208
764
449
197
169
87
223
221
554
99
888
43
490
90
879
152
358
260
824
989
147
755
686
262
861
329
840
891
788
100
644
738
117
317
573
181
119
59
267
99
696
451
30
155
927
214
641
451
485
360
852
567
392
197
96
376
641
610
925
844
355
411
915
838
985
420
976
864
15
873
189
667
666
707
170
409
388
855
302
566
65
45
411
812
240
181
379
716
56
630
62
639
407
47
747
905
619
836
26
264
242
974
833
379
609
678
793
475
580
599
753
425
970
624
25
750
849
882
981
397
416
115
587
584
60
167
57
690
746
889
196
624
997
476
244
276
794
740
753
237
972
967
146
71
722
909
113
364
193
615
21
385
214
560
609
674
397
917
445
322
689
468
325
194
239
219
414
42
882
565
477
125
315
674
49
927
503
70
141
911
480
420
890
819
72
816
874
709
580
49
712
254
222
232
298
709
950
916
68
212
452
861
235
253
123
307
32
795
151
315
945
336
201
4
650
157
1
240
171
180
735
46
661
844
245
669
369
385
396
0
140
435
742
163
132
278
197
974
340
61
627
410
931
392
872
4
574
239
932
16
661
588
807
316
776
566
46
562
837
453
77
578
505
3
583
306
852
283
95
122
954
760
812
157
817
786
295
989
670
19
656
895
811
446
763
674
8
481
571
526
368
622
838
416
774
533
521
422
913
418
663
459
799
772
980
187
692
232
32
191
888
567
415
392
194
221
798
124
784
293
686
678
471
85
219
480
235
282
700
473
674
790
505
294
270
94
58
165
481
669
404
44
384
330
313
118
221
656
189
874
203
556
379
493
695
316
318
401
444
154
711
188
336
984
778
931
500
368
101
584
419
40
547
644
53
873
373
718
614
713
445
526
370
470
35
481
490
471
49
272
103
107
743
862
937
600
868
70
768
821
82
968
583
41
90
283
464
607
478
398
463
98
624
884
64
818
955
186
352
988
758
56
915
276
907
615
352
720
713
348
355
323
632
408
415
586
423
655
924
593
226
667
431
799
277
677
67
28
829
980
348
311
405
708
789
377
229
870
505
910
538
329
12
332
240
558
404
861
488
180
682
472
285
593
494
222
511
41
838
381
742
531
182
578
913
318
579
244
336
815
951
273
798
511
700
949
583
841
142
745
246
416
987
533
296
280
257
584
452
101
41
268
167
75
335
202
491
438
872
355
568
999
819
76
765
55
53
123
725
34
327
920
423
112
237
913
503
662
110
315
723
322
78
200
763
880
925
608
905
20
199
772
861
472
78
920
469
851
447
186
122
691
698
22
26
955
832
866
799
968
338
598
497
690
558
593
313
304
375
642
145
480
563
203
69
115
745
562
433
658
458
849
624
923
365
436
560
556
639
552
738
462
270
563
706
327
31
921
993
214
952
224
757
631
906
205
442
637
993
303
263
697
404
141
997
140
13
293
345
463
208
926
790
768
78
415
570
760
519
301
367
304
21
227
307
484
910
716
880
515
515
664
58
855
11
4
397
319
432
470
195
887
823
643
22
748
771
516
66
501
516
497
187
95
0
741
121
718
461
257
676
790
109
437
410
480
11
492
374
733
452
328
214
970
708
151
956
356
460
36
461
202
457
325
328
612
935
660
814
939
124
261
42
65
939
372
728
56
74
246
133
219
277
711
995
316
826
808
229
583
569
96
780
711
248
780
321
239
180
306
756
218
995
8
54
982
479
494
180
264
342
815
532
914
682
738
215
665
80
818
880
509
624
832
67
806
5
701
560
129
934
804
606
24
49
898
971
3
778
515
223
981
637
333
555
250
548
482
518
219
583
33
861
721
726
121
659
667
578
782
416
999
966
968
46
496
268
438
174
161
254
221
540
747
43
316
844
227
64
27
96
579
651
892
252
162
816
801
913
462
964
93
62
863
678
623
519
229
101
522
706
255
370
554
898
772
325
658
222
407
524
207
165
73
603
208
53
18
936
244
945
971
956
825
653
564
255
610
16
488
943
890
261
646
957
263
290
725
717
572
114
120
797
601
968
166
171
915
390
830
175
783
157
959
230
805
200
981
987
984
760
203
124
664
927
792
419
51
266
943
130
713
859
789
854
741
499
253
86
321
309
436
258
19
978
596
730
922
110
286
997
546
53
765
248
814
914
650
2
898
867
161
8
791
719
136
712
436
311
191
494
588
247
713
950
43
592
981
73
236
708
752
517
849
900
230
63
221
882
275
791
998
684
845
677
156
553
919
286
242
182
237
541
256
766
832
122
896
735
881
618
660
442
886
825
925
914
56
582
821
356
489
177
31
334
855
728
281
934
456
272
935
974
845
843
717
878
58
750
423
375
523
394
218
949
817
828
818
144
429
497
722
778
943
189
692
929
990
958
483
763
895
469
299
777
134
431
740
190
694
118
160
29
800
702
787
726
182
479
793
987
668
705
357
450
848
899
414
129
237
843
989
662
890
45
340
703
421
71
474
498
70
351
185
504
5
989
623
923
710
839
122
330
820
106
330
864
454
481
122
356
257
596
612
579
713
948
338
682
687
0
656
454
615
675
1000
364
425
700
890
614
898
803
300
557
66
12
35
159
308
953
219
53
637
369
16
915
881
493
792
874
846
665
931
899
524
629
172
933
481
227
544
996
335
107
95
132
51
736
308
345
48
636
855
217
896
319
775
458
735
574
946
460
741
450
261
61
821
118
964
819
260
695
715
185
382
63
495
749
85
1
303
78
819
225
192
807
485
277
309
861
711
448
529
174
412
479
522
562
828
94
382
657
576
908
119
163
963
556
232
653
143
64
84
472
856
990
613
128
785
281
627
225
485
157
547
774
301
817
910
146
431
612
710
102
643
404
851
93
561
839
526
583
662
330
771
966
696
33
244
454
846
844
911
512
825
108
958
511
46
735
791
277
287
94
450
836
608
930
649
529
230
740
868
832
479
674
657
185
907
776
962
607
173
210
928
603
797
816
465
922
215
241
121
479
143
10
320
558
283
174
309
415
316
397
705
449
895
234
888
885
624
0
386
167
415
776
560
507
768
570
53
835
308
551
704
997
47
669
581
260
204
562
801
354
939
582
231
507
343
772
454
0
70
331
359
270
941
465
69
416
930
564
656
833
489
556
252
931
343
479
713
426
783
724
677
334
572
846
652
367
722
105
998
330
449
439
262
277
258
616
567
386
248
32
220
523
858
149
800
39
677
428
411
90
152
969
874
740
726
374
657
883
856
938
5
593
847
891
165
369
335
567
810
388
247
580
176
802
704
903
291
2
992
77
177
784
851
871
438
871
945
660
945
461
976
708
816
161
121
504
150
954
806
69
140
789
548
591
700
57
989
385
518
359
321
619
939
587
873
417
800
684
599
38
905
266
35
589
942
271
899
525
310
522
971
611
277
343
8
348
717
230
601
583
389
833
944
28
898
606
354
597
708
734
624
946
467
752
389
435
952
77
427
980
959
264
857
150
589
727
847
179
632
285
627
479
663
274
21
382
3
438
890
73
349
288
990
395
779
128
796
568
58
919
460
998
888
981
626
855
761
3
312
516
600
944
820
267
6
188
691
864
426
971
738
985
970
475
963
973
266
894
2
49
855
466
845
18
434
908
637
94
122
368
219
894
522
952
597
815
937
472
449
964
608
642
358
940
455
79
639
367
40
304
892
86
517
577
931
116
622
362
916
921
120
195
416
629
517
341
308
729
558
941
560
542
948
118
871
752
810
10
414
581
492
641
280
416
605
763
427
672
486
686
682
915
315
724
580
934
980
905
28
85
881
272
382
503
119
620
66
445
151
629
980
982
22
471
708
456
318
925
74
378
811
447
87
68
382
375
685
803
789
986
706
168
768
594
306
122
751
125
458
982
978
154
330
512
457
384
323
828
445
356
386
827
127
769
687
581
376
698
740
129
41
155
748
674
932
628
758
247
10
901
435
593
370
464
18
425
691
730
263
360
151
741
496
121
447
325
758
390
937
898
848
584
844
274
491
93
993
548
255
565
284
704
842
656
323
89
901
872
310
144
67
884
456
945
40
268
265
754
981
373
614
567
879
945
315
21
678
802
424
858
352
72
177
377
723
284
147
687
658
518
910
21
206
906
18
700
488
580
91
511
703
879
543
956
797
90
531
35
508
439
16
41
163
401
571
726
257
592
330
364
478
664
834
43
82
876
351
389
339
679
915
545
731
730
503
705
71
210
309
513
113
323
1
649
840
489
829
106
86
579
413
294
168
654
644
918
557
509
80
318
656
824
471
623
273
689
859
639
999
600
12
669
764
243
195
210
358
852
61
635
781
508
114
896
780
732
177
369
100
935
477
917
332
580
982
474
264
726
353
917
968
126
426
743
717
460
264
586
996
107
597
981
578
585
204
652
454
919
757
887
701
14
132
536
293
353
413
912
246
547
111
406
608
762
612
734
369
442
518
559
327
715
307
40
912
752
630
498
630
78
654
244
690
556
281
387
500
123
214
976
750
537
108
577
643
523
379
928
310
332
118
92
493
704
484
263
353
364
187
494
784
440
950
239
654
102
805
868
4
239
113
260
974
814
960
346
92
325
283
632
800
543
606
486
194
948
964
387
462
40
523
619
748
811
412
956
52
401
639
764
629
359
788
117
44
705
872
227
277
128
100
179
291
160
636
487
638
890
62
643
937
550
663
449
327
568
86
707
804
881
629
990
553
981
665
921
230
8
162
917
815
467
85
188
903
746
979
232
654
346
848
547
668
191
747
277
218
668
499
360
758
702
735
643
197
440
448
68
787
937
58
241
416
244
302
243
216
63
254
251
574
175
865
379
482
677
297
252
90
697
396
334
431
501
30
947
338
914
529
245
369
228
109
208
297
938
972
538
950
824
992
198
828
605
144
967
134
452
683
184
498
21
800
10
272
118
177
516
257
152
841
896
833
775
773
424
503
600
123
232
13
1000
41
912
608
701
729
633
780
644
390
269
239
380
214
325
925
72
9
885
595
744
533
750
167
729
827
678
375
385
1
508
519
713
634
621
676
312
407
252
567
642
283
625
938
347
627
765
431
146
682
979
23
647
505
298
86
660
694
150
84
761
335
363
240
822
908
683
883
448
922
194
250
984
344
496
782
808
772
46
299
539
729
112
987
601
402
53
974
135
175
150
572
559
865
761
620
921
57
638
586
634
290
114
307
475
666
782
993
751
129
909
435
182
329
994
547
711
87
79
141
400
925
432
605
190
813
748
294
281
186
151
970
293
15
693
886
332
724
300
620
269
930
909
943
216
982
778
11
925
435
670
567
438
444
613
986
636
885
596
96
647
985
16
252
160
611
896
591
37
578
467
748
237
354
832
854
988
95
687
777
26
334
673
162
172
881
702
610
720
61
867
997
232
786
474
746
276
543
184
638
485
933
149
289
424
126
750
872
50
665
923
540
847
623
955
297
999
496
626
877
367
14
675
691
930
38
628
797
53
555
572
494
308
606
600
925
912
451
24
890
428
328
20
295
848
419
145
480
784
666
706
278
814
691
97
10
632
306
501
48
478
342
564
765
80
534
203
428
355
754
38
737
618
308
961
601
805
793
423
677
337
618
913
341
399
49
295
513
175
737
241
444
641
409
484
251
109
499
995
344
515
468
405
641
795
475
590
50
594
90
196
790
675
224
613
421
36
738
922
894
865
390
653
756
940
415
622
687
648
931
666
308
723
513
82
291
131
545
936
62
667
140
427
852
549
939
562
641
746
944
387
41
686
437
727
788
880
358
345
469
419
107
566
991
153
554
730
309
217
882
888
359
49
521
364
626
655
129
170
218
855
810
922
307
887
637
781
173
272
128
252
929
353
422
433
361
81
3
352
451
639
433
257
956
401
24
484
539
892
217
767
403
57
19
246
915
131
126
588
316
301
690
495
589
323
650
130
687
831
756
653
199
193
526
245
170
898
458
347
950
898
326
546
480
361
680
107
546
552
690
306
711
987
220
982
644
200
677
973
63
90
454
153
704
351
605
707
883
345
109
476
148
989
108
618
91
611
704
537
80
285
958
225
887
394
854
910
216
537
507
869
151
390
224
400
43
853
490
153
801
127
546
212
826
213
389
751
385
492
221
327
800
613
148
550
673
693
794
234
623
353
994
915
113
569
200
958
965
112
855
224
138
732
19
389
398
832
844
837
600
526
583
557
179
83
654
142
459
423
403
197
586
144
634
330
206
569
4
154
409
488
751
210
936
688
326
129
685
42
527
689
745
341
677
62
362
658
922
462
203
167
586
536
21
344
39
993
250
174
738
337
251
338
80
59
326
161
950
843
434
781
343
513
658
346
347
970
687
562
838
947
156
613
993
803
39
862
410
433
836
742
513
407
765
964
389
641
685
98
179
431
591
191
313
636
474
845
449
425
895
172
343
629
608
286
493
781
626
74
851
838
379
730
663
495
686
872
811
153
477
341
994
350
768
93
101
575
893
454
54
601
450
129
761
935
938
24
439
68
18
38
319
255
863
645
531
548
415
41
119
778
203
777
381
551
240
573
958
233
648
628
780
160
221
13
322
208
560
30
724
760
594
811
357
918
299
891
944
5
550
394
943
551
458
134
81
267
750
393
511
907
35
130
661
586
476
350
311
448
925
84
929
971
658
125
948
449
5
651
209
596
89
852
285
641
338
244
577
291
433
789
770
17
180
93
543
116
738
400
927
47
572
805
646
368
448
453
861
127
385
214
913
72
229
750
270
133
34
512
570
374
893
672
594
172
977
491
223
751
873
632
213
786
78
120
482
115
398
206
780
93
616
971
858
206
94
422
867
33
36
918
41
86
129
485
959
367
883
869
510
775
2
453
596
836
581
591
261
396
609
534
764
937
171
623
65
533
742
883
427
474
604
545
923
758
342
554
479
726
183
347
432
496
119
10
351
288
519
825
816
949
110
262
194
106
619
239
363
871
896
882
680
713
352
582
156
4
128
470
362
555
199
887
556
247
677
128
399
891
629
530
937
2
601
218
364
974
561
672
1
62
474
108
206
456
668
997
700
200
815
768
926
289
548
551
875
382
325
895
981
253
208
258
953
77
236
378
412
36
631
932
772
240
327
993
966
272
499
390
462
743
127
450
396
753
676
980
922
14
585
810
244
903
858
132
145
715
578
510
331
974
560
549
686
28
973
638
770
387
93
939
629
319
457
200
588
689
63
648
978
809
968
849
457
287
2
115
75
213
646
269
284
330
107
420
764
338
592
886
807
677
527
128
603
106
924
968
164
968
491
609
10
189
387
720
467
453
840
8
520
425
595
573
228
301
601
281
982
105
93
783
117
678
911
341
537
100
782
847
963
381
830
19
797
603
686
545
34
895
392
455
3
963
44
19
292
272
399
178
590
287
523
586
651
50
917
477
327
527
215
463
876
843
456
608
64
253
377
446
503
231
983
935
532
927
278
941
193
220
426
791
590
866
119
756
942
110
252
805
620
162
137
328
440
191
841
946
554
163
694
490
334
474
968
237
391
771
774
345
289
44
432
843
196
109
57
961
373
92
719
695
808
809
330
481
574
916
751
174
223
583
746
477
896
291
798
257
816
642
679
246
791
566
202
162
374
44
437
605
240
358
620
563
235
286
38
638
44
106
989
809
42
51
100
886
611
266
956
994
55
245
69
331
287
462
85
888
99
456
294
35
158
926
618
196
56
914
701
460
734
564
921
405
728
129
258
932
79
114
489
16
106
569
955
24
689
601
465
525
301
683
328
806
913
202
410
954
580
825
629
136
904
952
740
624
215
667
648
505
485
672
478
945
182
361
272
958
608
706
551
421
715
821
170
942
880
515
461
32
453
381
125
475
665
324
674
232
717
270
368
765
125
226
832
558
508
130
893
439
186
426
588
965
233
252
914
673
17
318
859
944
746
28
627
79
775
921
986
304
397
836
712
281
946
192
493
153
793
197
352
43
736
61
650
180
823
120
786
439
723
720
931
92
540
911
300
702
841
104
292
18
698
752
371
362
472
109
234
393
757
852
384
758
686
304
107
403
136
589
477
151
450
220
363
401
929
517
443
828
316
367
456
864
277
959
503
990
879
701
860
47
338
463
386
570
50
974
631
539
104
847
76
660
297
504
610
425
960
567
289
682
570
648
956
697
544
156
929
680
924
818
738
929
487
895
218
882
487
72
190
867
610
369
402
555
477
851
690
29
957
805
795
901
287
749
779
685
915
331
398
564
9
965
802
953
371
296
875
357
771
994
52
236
76
654
141
631
52
461
182
920
726
522
53
858
798
391
739
98
25
229
332
572
653
38
280
878
169
47
549
341
523
257
578
808
884
694
709
359
995
722
971
166
556
510
91
395
813
156
949
48
262
884
875
43
488
855
176
298
810
611
894
385
12
302
898
377
154
297
919
215
598
350
230
889
748
842
128
36
363
812
556
953
755
84
775
791
996
356
374
649
437
942
431
38
828
960
704
518
291
503
782
614
62
512
706
309
554
884
51
302
654
782
64
335
380
911
40
832
38
140
473
673
208
281
413
2
731
449
989
438
383
165
241
442
647
501
437
487
771
226
209
659
210
347
483
560
500
200
549
659
123
459
692
220
762
632
756
241
68
913
572
920
63
634
905
794
46
264
28
795
411
544
85
777
466
980
385
827
222
78
640
233
812
957
20
242
486
281
39
396
570
617
44
54
179
544
311
705
545
141
384
234
971
476
360
533
177
5
435
914
137
692
317
194
577
666
540
1
778
12
44
848
546
483
87
303
64
291
461
948
7
126
970
592
692
743
910
279
744
943
538
170
582
948
782
653
268
542
572
332
725
424
479
180
484
354
153
701
59
558
227
236
741
868
20
283
93
27
277
836
945
429
958
315
908
38
901
722
323
929
60
705
956
610
720
657
926
933
521
858
994
784
206
21
842
141
130
302
384
97
937
701
144
25
254
114
680
918
208
659
558
297
720
899
315
215
337
806
589
843
769
485
704
963
663
696
581
907
663
950
48
947
25
374
351
154
759
229
214
89
698
726
168
302
561
3
664
849
569
568
509
362
774
136
716
580
54
859
815
986
544
896
53
123
146
32
425
422
896
573
573
551
765
390
670
461
424
475
75
467
584
356
369
897
242
410
629
411
980
582
42
118
261
120
113
934
35
324
341
560
120
486
564
588
266
327
18
740
449
611
904
990
483
584
699
506
383
800
462
252
760
406
351
438
340
708
159
440
155
634
715
221
722
560
952
510
459
416
490
700
72
283
189
154
561
814
674
169
28
583
513
925
852
288
206
731
131
581
667
524
371
760
753
448
752
284
302
649
532
747
210
560
30
937
780
191
516
871
57
257
987
667
564
6
706
712
453
175
286
237
796
296
742
763
37
145
95
723
138
358
871
877
744
722
359
119
209
885
239
260
253
3
951
743
141
628
643
577
51
340
487
749
986
419
730
119
266
932
934
985
729
752
790
839
181
715
450
222
27
245
557
960
254
822
119
397
254
413
177
517
546
713
248
556
156
312
520
778
518
20
747
813
825
495
271
340
51
457
671
943
792
103
960
149
694
51
255
998
926
540
23
843
657
909
381
410
979
420
173
684
721
812
845
522
453
10
965
826
470
524
748
347
280
46
396
751
58
358
420
544
130
679
559
604
159
726
994
899
336
739
474
200
182
568
569
740
332
480
242
946
932
881
703
547
17
684
957
93
477
863
503
84
385
316
94
319
738
561
761
717
659
492
135
158
325
467
561
727
718
639
615
825
781
411
862
554
9
385
188
512
667
71
160
32
423
640
605
450
927
994
655
866
796
457
11
125
421
348
291
521
351
980
524
262
6
392
578
893
542
70
307
280
721
884
410
112
462
448
792
665
640
260
209
454
404
170
679
349
123
435
262
62
925
16
137
59
918
224
303
988
585
155
723
408
114
591
507
418
467
237
493
368
906
193
996
426
361
455
117
546
729
83
541
803
940
289
758
695
999
495
520
40
918
872
247
321
908
665
64
85
412
587
214
642
339
603
411
39
758
892
501
169
855
93
494
95
582
358
356
383
318
651
10
890
6
414
154
443
69
178
731
622
756
307
449
304
464
367
150
918
230
615
671
350
763
128
49
601
53
73
892
547
60
60
386
417
594
531
117
670
153
122
186
108
176
756
565
116
654
816
946
259
364
987
664
956
829
243
435
555
299
307
196
548
524
747
25
139
378
524
6
310
831
408
206
201
360
53
388
573
661
664
619
572
760
187
920
530
280
412
443
562
749
159
298
222
916
858
137
350
595
923
623
409
413
336
862
658
9
77
412
378
826
23
764
1000
498
626
601
619
725
263
898
271
581
548
422
613
501
462
491
244
436
543
700
748
65
69
997
77
40
787
326
649
394
127
800
993
145
792
745
710
410
553
452
436
984
680
722
761
451
20
894
797
369
491
370
521
66
957
546
369
855
839
222
29
936
925
181
577
276
139
376
232
911
426
58
178
833
990
754
859
790
383
979
84
815
629
758
922
809
736
477
544
864
974
651
846
928
432
191
884
215
677
393
618
176
479
969
400
813
198
271
832
654
54
882
288
204
108
595
87
332
800
324
452
229
161
565
361
697
380
147
880
504
434
684
973
802
904
996
372
295
582
957
610
563
932
365
166
720
309
337
363
994
934
182
521
327
188
378
845
423
94
929
845
696
463
745
141
969
546
723
204
928
644
424
3
412
831
958
784
286
957
373
562
61
311
918
544
548
68
642
504
191
351
