585
247
351
415
318
374
183
886
469
654
33
422
50
160
428
975
16
261
134
334
916
295
111
333
45
496
932
386
796
708
39
352
590
795
422
923
532
115
684
933
499
610
254
44
917
229
959
649
765
695
869
218
23
192
448
197
35
348
817
161
178
973
155
272
859
361
206
171
799
574
446
464
124
641
85
601
163
960
454
316
810
940
866
696
764
42
946
146
808
128
479
255
518
586
902
282
331
844
335
387
37
50
627
396
516
478
253
562
95
209
789
334
473
947
927
666
685
177
583
158
20
986
122
176
789
8
812
963
980
41
455
347
161
115
30
564
877
689
764
685
888
307
157
240
377
300
275
519
264
135
722
662
161
173
494
399
430
173
66
282
72
795
694
851
688
278
778
931
712
684
309
484
709
263
928
968
706
895
944
200
385
135
305
212
14
992
294
481
12
956
163
871
711
787
926
457
391
256
431
643
824
444
391
234
862
347
790
43
943
934
916
411
653
659
924
225
194
105
762
943
101
967
512
213
763
801
510
11
916
237
343
708
105
58
931
25
581
245
78
975
870
519
923
613
547
336
281
830
81
22
826
650
396
761
106
248
923
934
79
384
367
619
39
789
223
923
394
178
298
644
975
333
98
269
708
819
270
63
667
753
625
559
694
169
263
361
585
37
452
383
958
937
784
738
634
470
404
802
727
300
109
642
780
672
7
698
967
534
693
679
546
641
331
636
52
887
796
736
171
35
644
187
744
114
602
933
616
726
175
35
358
285
308
340
701
140
334
366
203
83
351
963
436
530
275
746
339
941
486
854
733
615
356
223
785
325
988
956
858
390
891
273
732
787
852
43
736
278
56
940
77
18
714
696
31
377
563
754
205
764
494
93
253
276
744
678
644
266
977
822
816
13
939
533
976
748
632
1
588
73
243
921
322
445
973
72
346
1
129
301
847
542
706
838
831
173
526
842
635
451
329
962
591
476
271
142
292
865
735
200
751
848
528
386
357
225
929
23
773
406
680
932
881
751
142
411
148
853
986
845
344
621
473
276
133
374
876
62
569
863
646
301
892
635
579
255
882
982
105
949
351
984
746
700
999
625
21
343
63
44
440
656
49
542
502
669
40
635
830
770
443
484
50
437
262
332
361
282
809
151
962
457
438
990
688
828
311
421
758
370
753
339
769
554
568
266
972
187
226
899
983
639
297
29
563
745
231
490
404
800
802
668
355
836
567
127
371
314
209
418
636
232
775
985
150
187
408
135
837
149
517
138
8
355
794
288
727
771
76
51
66
241
535
486
868
635
591
228
755
528
830
449
461
815
331
882
328
776
881
983
985
546
588
778
886
175
279
74
756
534
864
614
739
881
636
583
692
818
742
512
565
883
527
103
382
269
945
324
607
117
988
931
499
844
493
630
620
464
115
491
56
524
364
429
847
36
273
490
538
351
369
856
888
160
932
201
536
425
46
259
61
110
6
124
128
713
875
633
315
421
410
398
704
440
407
405
644
926
568
966
457
612
463
55
311
247
365
909
197
848
919
291
125
967
698
731
818
295
15
382
841
560
18
207
967
450
462
313
213
545
655
587
759
242
602
503
253
74
687
619
366
44
692
149
735
262
39
941
914
678
581
392
634
23
543
561
781
401
853
369
140
260
886
159
622
300
478
306
430
412
241
750
180
730
143
482
655
888
20
970
224
681
556
302
219
739
538
653
13
138
543
391
841
12
153
39
953
577
428
167
122
664
590
7
236
354
900
594
215
98
910
316
222
332
98
408
366
263
837
963
464
452
821
642
290
314
775
608
527
336
639
711
643
750
570
120
534
45
967
388
778
196
395
979
784
337
690
397
935
200
283
468
861
73
410
983
32
314
136
4
377
784
411
950
133
485
239
103
266
934
464
742
268
321
709
237
773
402
452
876
346
521
145
430
599
735
830
460
113
677
50
921
407
332
427
554
35
733
399
938
561
823
365
605
177
514
567
928
191
175
625
840
60
509
762
871
801
111
503
776
935
697
341
275
718
866
954
583
823
460
866
949
740
727
283
637
26
63
165
850
237
512
32
148
833
814
894
362
458
82
972
491
671
512
105
71
339
741
431
18
63
470
142
693
259
661
420
360
435
893
447
885
511
4
408
373
513
396
846
972
760
738
891
89
588
566
399
9
233
253
621
964
92
144
538
278
776
579
886
954
521
500
840
141
71
920
334
684
453
53
404
55
356
635
766
708
719
410
286
138
294
644
663
181
812
966
582
40
669
116
109
250
235
485
782
283
911
263
511
905
101
425
308
254
297
807
746
876
929
167
784
470
345
684
78
824
949
461
17
399
924
907
168
473
354
24
194
730
684
984
14
43
939
989
103
439
830
961
833
511
113
800
982
97
878
24
974
697
266
59
868
0
519
790
250
502
424
339
745
190
982
497
509
971
7
60
288
564
338
276
139
454
470
111
127
78
576
587
363
264
825
231
637
516
303
551
926
606
556
814
586
866
323
696
567
477
651
533
843
810
195
934
161
405
551
743
10
290
59
966
583
114
248
22
47
432
116
709
84
711
422
610
349
776
157
411
345
214
39
399
761
913
912
793
243
513
414
910
902
363
346
230
877
284
460
848
362
731
198
725
791
396
995
998
681
432
603
946
648
282
850
701
783
97
458
388
373
525
417
932
292
957
181
920
606
143
212
431
535
886
456
2
693
369
810
81
974
637
236
812
861
909
378
109
867
882
208
786
127
371
7
438
211
482
445
514
449
247
289
866
57
454
728
211
822
991
436
545
101
681
37
461
752
446
898
875
246
68
730
729
723
374
671
692
644
645
214
233
261
806
511
554
112
486
578
698
790
809
536
908
424
677
916
612
733
696
568
553
376
219
523
904
229
981
454
472
586
698
498
236
482
418
53
474
423
53
176
751
386
964
277
793
780
229
241
130
535
792
790
70
189
182
753
995
95
88
437
453
987
860
499
625
930
812
598
234
194
253
950
661
984
520
183
136
551
230
522
619
802
583
55
927
899
35
781
101
355
926
264
357
600
433
823
767
275
633
919
226
587
203
929
658
543
932
18
711
72
328
727
681
758
43
154
463
934
204
370
589
215
907
408
275
871
945
5
177
566
181
825
210
564
311
404
917
460
836
169
658
426
464
224
803
10
7
649
328
205
813
10
500
941
365
376
870
519
213
45
904
231
152
157
783
515
741
268
613
190
733
793
900
175
597
110
737
546
761
456
275
905
65
591
81
704
495
973
381
218
344
340
873
550
627
381
118
370
946
143
597
830
513
342
256
898
712
351
177
200
713
529
426
171
663
403
320
793
147
566
886
183
200
219
280
915
344
937
963
806
871
50
194
592
986
101
593
917
550
639
291
924
666
852
948
425
326
995
877
80
827
89
302
847
667
209
528
100
432
355
168
189
281
737
463
804
616
651
614
774
141
332
449
313
606
976
847
302
802
518
416
349
960
508
386
858
918
501
696
994
676
998
160
161
431
86
613
910
262
341
128
758
541
457
232
283
114
543
967
186
386
588
278
701
568
616
997
409
886
218
862
333
779
729
732
642
602
916
646
730
904
145
517
169
822
233
425
660
959
700
257
472
872
751
275
413
858
241
40
646
526
678
785
502
42
508
459
974
361
235
448
938
710
277
473
791
85
813
287
383
32
686
243
774
808
481
425
819
691
777
526
725
80
337
957
468
216
592
549
776
33
986
907
320
971
777
588
889
452
750
281
713
414
510
20
453
825
925
485
424
56
176
566
549
551
641
79
107
177
4
519
679
233
777
379
44
372
513
495
211
802
322
80
350
777
746
793
351
253
152
887
321
598
430
583
978
961
908
59
884
192
131
726
269
332
412
639
656
516
390
406
48
568
946
827
48
245
57
69
853
773
701
799
451
878
354
103
407
151
179
746
374
182
124
630
141
253
98
988
552
661
344
633
378
942
231
870
208
69
615
998
768
286
976
67
666
56
800
228
455
398
901
723
536
991
700
267
375
414
765
608
981
928
405
595
189
135
252
500
344
624
417
501
444
726
374
805
667
743
446
899
220
854
713
785
441
319
138
981
326
256
482
216
830
356
638
754
220
122
687
12
84
204
23
137
450
306
428
271
270
673
743
156
77
104
656
930
541
57
753
13
302
773
511
941
108
906
403
205
691
691
735
111
440
292
32
512
100
267
869
991
142
237
230
356
622
818
500
363
136
954
951
124
96
449
48
645
672
133
895
90
568
860
937
503
268
435
600
861
457
608
621
902
593
481
484
692
928
156
411
28
645
678
641
971
39
60
219
401
755
309
599
653
831
199
824
837
544
158
185
200
329
879
745
209
49
311
644
193
83
569
226
13
598
819
830
987
683
404
80
485
974
36
777
714
410
773
594
230
621
586
73
181
743
387
30
263
786
85
882
999
660
794
240
204
436
563
820
244
530
34
356
383
794
102
779
461
517
196
112
482
968
495
320
499
3
937
664
683
458
21
463
816
710
531
150
634
391
16
946
858
155
59
965
785
531
213
256
125
311
847
173
655
166
850
71
482
631
410
30
25
836
257
159
932
827
830
115
72
397
469
374
574
556
81
491
384
410
673
421
44
497
118
503
490
918
209
247
504
895
922
182
530
806
319
97
469
766
966
694
229
181
73
303
924
7
254
718
20
976
706
994
394
995
964
289
933
297
317
325
308
545
871
366
963
366
129
174
655
349
504
641
82
644
371
761
67
267
489
91
534
949
456
314
189
945
561
590
668
234
308
881
680
612
947
228
237
633
525
852
28
355
297
644
493
270
826
71
212
840
457
991
239
102
192
492
756
25
377
189
54
772
709
726
776
74
66
615
7
365
471
152
230
308
160
790
321
661
555
330
463
712
115
460
125
387
576
200
49
608
165
539
191
596
965
31
592
927
228
830
130
908
589
134
741
214
522
892
163
60
537
255
440
618
976
271
654
71
186
146
811
865
968
19
116
982
116
3
431
909
660
50
936
720
890
684
615
94
773
165
767
298
200
802
132
38
511
330
22
807
996
867
409
394
791
944
869
579
922
144
439
979
879
914
960
905
568
987
11
713
328
491
406
850
306
758
368
203
750
741
842
885
630
194
528
603
458
26
638
421
733
786
392
842
685
252
946
682
417
260
134
790
420
210
505
39
594
734
550
294
536
271
723
185
576
262
687
317
79
707
877
655
86
29
582
744
643
301
579
592
413
818
557
586
243
67
753
307
398
114
184
299
147
887
484
968
36
31
509
438
260
826
981
11
911
804
937
356
335
227
547
345
660
738
954
314
811
529
251
736
446
109
87
895
210
483
150
605
544
969
666
286
627
155
552
870
996
336
956
626
634
391
211
508
445
932
782
202
159
939
103
997
648
964
445
768
843
624
425
586
82
160
459
462
95
930
135
984
580
683
714
983
906
85
673
493
652
342
397
957
819
359
89
136
41
751
485
620
187
802
539
778
495
936
501
311
604
252
541
696
292
405
655
868
68
5
975
92
350
739
933
298
870
996
726
55
319
842
808
840
408
441
610
900
812
979
243
400
848
955
992
993
359
155
2
675
798
40
628
215
263
664
158
901
889
775
736
827
563
642
849
622
223
428
17
314
657
479
977
38
75
531
182
710
985
151
614
606
58
542
90
149
712
15
886
243
267
26
785
313
777
386
357
114
314
519
352
705
371
985
831
551
30
147
277
62
706
113
921
20
572
731
552
32
998
459
298
964
628
12
275
290
824
606
918
947
708
932
878
399
891
548
510
744
478
689
385
854
980
120
193
84
349
557
413
381
485
698
887
508
144
924
814
909
754
397
487
291
131
80
598
368
806
313
559
641
735
918
616
56
181
285
13
446
157
634
13
565
726
790
510
802
483
147
688
908
741
361
64
9
661
44
986
906
894
460
623
807
878
789
224
703
814
20
328
706
789
243
164
329
457
564
340
991
393
739
182
405
881
984
18
500
66
305
191
949
791
729
660
762
741
719
1000
998
771
35
397
8
587
596
151
537
747
676
120
231
325
417
793
899
128
995
763
856
471
70
101
284
791
162
732
770
710
526
876
465
866
133
849
713
123
364
464
429
582
286
964
162
807
363
953
470
626
211
609
442
692
947
812
344
105
365
472
109
665
225
52
277
36
623
618
663
524
623
535
99
400
179
557
172
865
425
571
848
905
225
384
372
895
476
622
145
810
974
622
276
775
968
410
717
408
904
483
979
200
375
533
18
708
906
162
128
544
851
761
138
886
453
814
979
210
391
39
819
162
721
228
777
495
892
32
920
966
145
57
732
795
560
569
242
456
318
145
177
179
614
843
770
883
612
668
605
586
831
43
671
547
107
711
338
38
542
741
400
348
877
798
274
500
306
490
2
993
832
182
153
129
91
874
78
127
244
556
77
461
656
821
799
739
195
531
961
378
391
33
787
381
128
732
907
799
414
557
586
50
423
315
166
244
853
588
251
980
401
457
234
299
601
762
473
965
614
520
865
773
580
675
90
222
496
993
474
400
347
293
452
20
104
899
76
459
874
456
854
982
224
657
601
118
391
732
549
778
288
83
753
35
443
577
168
478
403
287
509
833
766
903
384
950
716
391
222
668
850
891
38
274
152
18
511
690
622
538
264
187
709
201
604
206
247
918
996
144
308
162
820
117
527
60
541
9
397
823
163
323
618
40
867
181
191
509
515
284
350
721
968
794
398
487
614
615
926
287
926
610
231
3
965
562
623
911
994
26
320
66
735
159
944
732
985
419
850
196
381
249
830
767
390
914
443
69
463
613
608
12
427
917
493
506
451
764
772
278
603
484
751
831
254
145
583
263
418
93
521
197
154
163
449
365
848
461
759
711
108
103
353
628
347
499
240
263
596
812
94
721
669
784
460
402
521
798
636
667
307
229
578
730
361
629
58
946
564
269
30
12
721
956
623
136
857
181
125
119
138
84
641
536
811
926
310
904
349
923
926
920
173
715
749
116
13
64
440
611
86
561
34
621
224
118
340
487
296
442
158
81
359
717
658
165
30
357
463
827
767
821
472
941
122
886
794
989
131
852
776
469
868
480
788
816
21
36
92
361
860
946
119
938
491
663
59
320
971
389
644
711
817
79
963
382
169
676
776
84
691
456
709
37
213
769
460
923
527
440
399
121
60
689
615
106
310
104
424
386
597
251
348
932
758
308
219
372
915
939
318
714
943
305
550
836
543
880
665
898
375
555
712
863
114
117
286
54
281
510
56
486
519
563
898
970
128
141
320
713
603
181
875
762
152
911
274
325
126
864
169
481
476
158
411
891
767
802
339
617
141
638
398
685
460
601
179
144
681
234
952
943
799
568
401
747
5
747
583
704
406
693
978
778
693
49
545
450
462
970
541
937
381
473
823
519
261
30
377
821
183
267
788
545
242
389
948
968
732
369
49
317
619
257
190
0
165
52
358
788
439
503
223
996
440
349
162
732
139
174
710
526
353
206
641
472
994
590
598
356
307
828
709
306
171
45
940
139
986
483
24
562
845
409
223
883
34
297
653
273
900
744
224
39
186
248
519
148
757
505
265
626
190
932
525
960
588
730
393
818
524
211
385
435
940
616
734
258
365
167
723
300
991
843
532
771
163
406
627
941
350
656
630
120
57
306
130
302
713
637
339
501
898
393
212
744
102
443
983
888
644
566
471
972
976
493
11
707
774
715
569
687
710
423
466
25
596
540
350
567
298
221
807
432
176
415
475
827
558
865
761
315
771
389
926
591
267
109
871
203
460
970
883
432
618
109
848
307
242
305
680
190
213
591
654
17
707
479
807
701
914
244
895
251
187
290
574
466
189
496
882
128
679
722
564
693
504
878
616
91
179
766
809
348
913
511
34
179
53
282
509
587
155
73
36
183
81
945
777
111
856
111
849
252
633
77
11
663
647
339
441
23
72
375
826
364
21
872
936
738
56
809
606
710
384
556
139
704
332
52
620
245
83
71
140
386
7
163
820
803
704
233
823
378
805
79
19
354
224
747
107
28
511
64
262
971
20
965
188
981
356
865
121
797
746
616
425
979
499
602
986
983
921
423
763
744
800
376
873
586
112
72
133
550
959
816
572
478
191
285
998
812
54
863
433
163
360
907
933
520
759
566
965
547
448
222
622
810
437
788
267
60
130
971
157
847
482
114
87
339
546
364
945
514
548
78
437
685
293
494
457
605
980
254
144
577
290
543
531
841
104
593
285
987
569
688
93
770
322
302
502
813
911
704
442
36
231
569
676
705
558
321
563
140
304
354
50
93
565
213
918
940
675
360
672
43
896
125
685
71
58
948
232
419
961
728
199
904
982
884
363
712
16
250
169
664
890
110
196
59
240
984
568
787
502
149
635
591
368
312
236
284
425
703
94
890
750
985
490
211
896
653
641
461
646
268
705
759
377
524
969
442
192
466
243
428
484
104
782
722
683
461
823
571
701
448
840
365
185
412
417
163
346
208
113
385
538
19
420
112
151
147
745
883
885
192
328
220
939
331
652
1
591
910
878
143
646
350
148
517
550
871
851
534
659
226
255
918
899
66
870
987
82
28
773
759
895
83
239
360
464
490
716
202
19
652
602
314
502
600
159
903
715
345
490
205
700
84
797
905
580
570
433
12
52
973
762
393
444
717
429
616
667
263
641
774
216
338
496
235
261
678
623
872
724
4
69
101
26
505
75
929
283
403
261
599
422
601
352
577
340
62
175
127
108
90
494
902
806
8
890
901
394
288
806
658
205
144
149
44
734
441
155
43
295
773
65
55
40
294
852
309
34
477
59
343
364
701
805
509
58
92
144
611
651
223
319
25
641
187
325
375
137
132
765
982
76
599
389
471
764
192
497
796
563
504
956
287
753
109
766
929
833
677
186
36
999
764
26
887
152
4
756
64
34
576
565
473
672
397
808
304
670
457
723
714
873
549
571
614
815
562
241
232
362
237
770
422
621
951
933
154
715
62
164
659
233
322
881
929
244
604
193
585
580
537
628
683
495
671
114
26
363
119
550
699
999
436
154
852
246
378
968
684
947
14
571
279
27
416
236
495
332
47
986
451
595
170
979
59
341
851
418
328
431
338
152
75
207
530
691
719
552
398
527
803
51
638
296
415
719
189
85
258
327
475
185
346
502
322
1
404
172
930
290
901
801
325
231
55
834
963
766
786
230
649
876
307
612
367
958
866
300
996
546
515
263
759
90
557
633
41
326
958
393
668
424
696
999
684
107
65
573
302
857
389
455
529
534
939
328
556
1
5
570
949
936
295
763
428
566
736
268
75
40
962
260
748
18
303
298
565
827
945
234
301
947
705
147
458
631
645
276
683
909
310
279
979
971
836
88
402
243
581
704
517
370
862
409
711
836
354
193
618
308
65
274
45
582
484
976
145
18
843
385
618
724
97
926
243
94
53
621
519
849
894
982
954
267
785
325
20
938
320
188
778
725
946
731
598
668
579
354
792
216
159
698
152
789
524
21
189
886
864
325
744
140
317
626
468
83
855
609
265
212
512
270
1
855
104
289
355
347
154
653
417
411
956
901
202
274
53
558
22
119
860
75
698
706
331
644
220
102
141
505
217
584
344
437
536
205
739
483
897
327
744
782
534
513
4
533
603
857
522
747
765
503
901
331
657
902
726
53
605
805
919
107
776
273
806
172
385
683
46
228
459
674
187
869
677
305
83
981
582
568
807
74
931
937
729
195
286
178
660
357
299
335
932
627
967
330
460
173
310
391
167
22
875
956
433
789
934
32
644
276
757
210
687
513
530
462
352
359
644
754
603
804
5
506
871
123
529
103
710
417
626
627
183
275
689
305
0
899
358
868
404
567
399
415
718
248
918
841
721
154
971
676
390
389
715
590
424
831
268
241
61
96
671
829
913
245
310
155
249
569
346
655
230
584
437
846
298
11
149
976
521
765
105
289
905
62
646
792
694
37
706
689
597
419
276
890
380
41
801
29
112
387
528
163
990
971
455
995
457
954
97
492
853
20
71
503
662
313
363
186
783
415
222
691
970
807
560
639
818
417
615
957
895
953
552
363
491
952
633
654
4
298
656
418
78
69
281
260
694
852
131
105
471
805
856
586
940
962
194
304
400
239
125
58
943
612
356
888
15
399
864
382
384
695
478
714
977
233
539
68
457
396
34
15
276
577
828
215
106
800
79
840
565
227
833
227
973
664
638
302
50
34
904
100
820
331
241
268
61
892
571
997
663
886
174
580
920
540
691
515
376
723
667
72
637
214
891
711
275
952
911
104
290
694
162
493
433
613
645
903
51
332
960
413
917
4
888
864
67
86
449
452
763
407
903
818
732
413
375
999
716
267
386
456
637
592
707
813
391
430
940
635
876
222
213
987
873
187
853
658
857
727
230
561
116
485
816
28
853
681
958
935
529
683
624
246
991
532
257
873
700
684
607
883
932
284
491
946
286
612
714
889
161
612
819
937
862
597
133
855
265
665
22
137
727
751
414
969
403
487
398
50
470
21
415
260
88
417
344
87
17
942
404
944
530
481
656
710
530
398
664
375
177
718
553
47
958
980
831
375
188
754
158
229
649
576
684
314
631
631
981
973
706
851
143
613
987
452
570
573
224
231
711
336
6
247
450
144
708
415
973
88
76
272
433
913
231
694
492
255
842
259
732
259
156
967
909
145
22
22
46
518
623
245
599
945
374
305
7
998
510
324
698
189
795
567
771
845
846
266
148
491
211
809
853
902
687
193
967
457
811
539
698
365
508
541
207
545
374
58
437
682
262
720
415
429
281
810
374
393
427
872
307
95
702
105
248
625
985
917
340
131
522
465
55
970
501
705
642
676
572
524
78
366
441
627
294
752
148
18
368
428
754
895
586
339
688
623
955
510
576
6
342
946
270
908
305
483
268
596
92
338
475
627
661
987
624
23
258
505
10
859
473
384
440
143
421
157
810
681
661
408
563
609
41
609
640
294
760
888
374
559
447
668
798
615
833
838
433
163
52
495
158
845
592
996
940
967
741
418
650
511
712
734
148
293
797
497
425
962
389
197
429
155
675
262
726
114
899
454
863
786
384
931
887
75
23
352
813
933
763
919
733
400
842
201
848
700
989
918
94
361
814
255
144
958
240
120
918
396
25
994
7
579
42
482
900
91
717
520
397
356
727
388
319
543
441
86
279
421
490
372
383
529
50
409
544
288
158
703
235
50
564
853
479
304
779
218
904
220
750
924
665
564
630
487
878
723
292
494
902
269
258
295
970
147
31
630
285
949
204
605
221
580
991
519
316
148
431
408
283
967
648
18
162
836
758
808
80
893
96
770
480
863
212
256
206
748
817
391
538
490
645
413
419
333
700
783
73
572
326
249
686
684
5
93
540
727
421
607
546
800
415
880
152
239
826
816
715
506
858
996
639
946
566
587
311
777
953
995
409
253
816
340
645
311
394
465
228
12
213
338
625
364
997
295
362
985
858
671
793
183
525
781
966
94
811
44
120
491
454
541
85
149
11
5
959
961
984
489
556
745
963
387
879
356
713
847
926
898
298
716
946
920
579
175
474
731
244
636
478
435
37
369
439
434
102
707
898
67
862
876
161
660
308
539
336
660
93
602
701
790
954
509
147
236
172
378
486
598
756
879
20
421
399
729
646
764
983
367
878
708
774
841
257
306
654
305
443
542
56
988
651
692
122
335
847
504
376
151
898
454
995
219
588
902
680
696
192
70
357
839
849
811
590
694
161
917
421
334
172
586
442
465
842
381
657
87
699
473
389
557
918
68
157
36
964
918
417
643
195
242
961
111
169
419
835
777
27
736
792
471
911
817
951
792
652
647
904
382
34
744
800
749
120
428
205
905
401
153
268
452
84
175
280
902
939
484
690
996
323
758
766
756
516
579
731
293
826
761
761
768
450
296
645
118
921
1
117
801
894
879
817
622
864
781
93
590
459
751
255
291
881
723
571
893
53
331
794
853
889
211
354
725
958
224
294
419
42
537
633
897
579
271
767
689
639
922
672
224
976
664
229
696
846
589
722
992
324
444
808
392
1000
30
158
133
567
3
568
435
49
997
309
293
126
97
745
223
355
472
368
48
737
462
228
747
464
325
758
149
807
340
91
394
893
938
81
70
967
694
411
515
875
92
196
26
354
970
769
358
270
321
233
238
401
557
55
340
560
651
504
336
451
354
360
906
138
929
377
544
316
264
158
307
493
18
101
796
608
942
511
52
272
42
402
635
629
945
374
139
58
499
546
248
944
935
715
538
620
482
794
759
512
268
66
757
987
244
120
762
384
858
769
774
29
754
766
273
758
3
237
372
931
82
491
717
648
380
178
405
853
823
839
319
127
377
516
374
540
931
904
959
179
470
997
609
317
54
976
594
862
959
620
831
781
566
969
300
400
633
430
245
398
925
571
763
943
903
74
966
384
511
325
408
168
384
832
151
541
762
705
495
486
417
150
604
523
125
897
426
240
222
745
298
919
714
807
349
739
9
905
905
115
434
818
535
259
316
775
556
623
704
178
807
589
630
585
80
175
952
954
516
949
57
110
371
655
923
652
951
975
977
353
597
909
836
832
696
836
630
981
542
118
723
115
497
130
168
68
212
65
184
100
391
243
423
113
362
948
972
704
158
580
461
423
804
510
392
48
912
955
538
994
392
893
613
524
257
539
983
933
251
625
243
798
802
789
195
523
407
451
293
114
500
693
974
981
265
299
736
497
930
413
838
279
159
651
916
434
182
394
670
898
746
124
500
317
168
982
155
972
3
185
802
57
431
655
400
807
341
174
36
169
370
211
503
430
988
464
449
898
825
70
409
547
73
409
868
165
105
429
935
539
945
746
690
199
545
813
480
609
162
664
891
609
577
30
89
222
321
186
249
727
142
87
762
648
382
164
947
661
156
943
16
904
795
37
102
761
426
392
596
951
421
136
700
119
561
79
270
27
371
570
834
285
287
705
668
357
175
647
146
618
800
806
263
928
209
333
196
719
794
418
245
52
374
270
819
555
736
451
97
139
710
144
469
429
811
121
652
224
198
750
296
875
177
244
652
598
879
483
345
604
564
59
510
56
578
583
614
0
974
769
473
35
677
812
698
303
729
537
886
717
551
146
770
556
364
956
804
559
56
173
467
177
585
225
118
494
885
696
934
92
78
68
943
788
909
44
751
341
986
567
652
901
106
612
421
809
629
108
660
373
561
667
900
484
368
293
914
286
450
805
375
754
256
858
904
658
138
158
135
734
193
825
351
819
828
761
325
540
172
549
543
201
978
327
54
123
626
584
585
746
252
945
17
873
439
115
869
764
867
39
841
164
629
867
233
583
184
314
565
208
597
389
684
917
987
831
766
454
260
890
472
843
308
990
216
950
694
292
462
146
420
947
605
665
30
191
928
754
472
35
975
499
702
889
634
991
300
221
144
62
50
945
496
462
460
388
750
919
550
516
690
765
899
180
383
965
538
563
442
281
80
321
131
655
480
308
324
813
460
118
47
145
498
484
487
621
320
429
470
795
671
387
675
441
757
411
937
612
753
894
637
243
640
351
568
201
62
116
800
166
777
448
552
335
37
656
598
722
330
502
914
88
449
504
386
916
220
619
921
913
411
832
751
636
872
200
95
160
571
986
223
750
390
508
481
348
767
609
625
89
493
45
632
861
942
616
440
321
812
888
590
194
977
26
873
112
797
990
268
840
998
798
663
127
737
170
670
389
720
434
479
440
847
392
658
933
134
473
302
444
618
140
96
73
312
10
736
450
735
944
127
571
60
642
981
46
82
144
436
957
591
430
186
880
994
659
36
618
419
30
553
198
554
610
394
926
213
848
659
83
570
598
928
711
616
76
475
379
934
979
579
832
540
364
622
433
833
63
29
311
911
185
152
947
570
162
658
148
671
11
339
836
483
589
939
635
979
131
769
655
681
534
913
26
125
949
572
989
828
663
913
638
859
574
910
117
913
179
73
426
343
716
856
717
956
660
705
479
395
517
860
793
960
302
200
371
102
897
408
352
742
621
178
509
978
36
16
385
128
206
779
939
553
642
136
597
294
127
197
933
780
942
393
631
492
556
750
188
894
596
613
252
899
879
596
861
645
90
776
489
858
301
190
682
349
152
489
0
579
619
925
441
711
792
334
134
39
200
85
617
115
645
54
541
926
541
417
915
436
522
873
620
508
424
207
879
919
342
70
109
716
863
881
476
228
925
27
925
924
188
213
497
316
375
447
198
743
493
847
123
61
527
576
357
51
841
473
574
377
517
950
759
172
960
541
527
38
672
727
542
767
368
154
13
446
60
149
653
839
459
365
284
958
774
802
143
24
130
851
36
302
922
247
912
189
787
393
111
515
304
5
122
17
841
408
847
917
449
372
929
262
532
467
631
492
932
577
870
996
502
482
355
673
538
997
449
98
329
878
768
225
831
84
253
895
131
960
433
805
493
705
501
834
850
599
7
170
82
782
287
362
213
988
846
400
554
79
645
263
938
711
322
935
199
501
646
180
755
69
764
116
352
322
440
463
919
219
221
692
781
940
68
822
888
209
643
854
102
22
162
615
7
358
358
278
568
233
669
751
917
951
322
793
393
307
2
98
821
269
104
483
314
895
543
103
724
998
373
542
49
672
319
115
306
502
218
147
565
582
80
985
810
566
143
438
719
331
834
514
474
436
569
575
386
930
632
30
229
953
953
432
469
785
355
86
643
572
63
305
291
960
28
825
51
151
287
119
109
706
236
987
374
892
228
993
229
117
241
196
548
155
53
894
113
968
369
823
461
745
547
977
787
158
847
308
513
634
40
37
81
66
373
419
120
83
511
160
961
707
339
19
866
702
638
21
733
677
117
242
249
679
79
50
301
617
997
975
964
746
38
122
93
486
856
217
620
412
871
168
960
531
610
958
738
372
690
48
22
278
274
297
600
311
891
83
821
829
796
457
480
908
349
704
341
92
157
348
884
25
517
567
552
67
865
290
30
756
215
136
148
723
642
975
209
531
702
93
271
196
547
424
979
551
919
41
960
396
674
611
29
82
686
312
532
114
775
336
446
659
981
909
219
75
205
352
820
239
259
763
786
236
614
105
482
593
862
592
28
548
186
572
217
227
896
815
636
378
725
239
58
105
302
656
77
783
548
279
539
820
330
706
236
583
816
30
55
223
639
478
894
287
873
889
976
848
693
892
74
947
698
914
721
395
993
68
776
670
437
165
317
137
236
204
905
717
357
28
133
588
470
490
45
997
826
992
410
552
115
819
262
964
595
102
656
313
149
563
40
147
765
988
414
337
792
468
603
30
836
754
724
579
69
877
244
644
266
136
463
959
17
6
86
743
710
110
452
388
896
959
603
269
610
549
926
513
833
172
294
707
240
900
677
99
703
289
925
105
71
615
387
701
484
65
641
189
519
542
953
104
376
3
133
678
646
891
320
38
219
388
675
631
214
717
944
538
393
840
993
580
508
810
333
361
681
328
226
849
568
772
424
487
758
643
774
185
998
415
372
504
631
122
914
11
320
760
522
26
718
42
299
911
26
874
703
537
472
472
350
852
644
795
918
42
497
224
876
663
649
822
169
246
706
575
121
168
719
143
776
918
482
342
959
51
675
258
325
572
69
691
992
976
869
847
319
763
277
554
730
890
241
842
694
352
376
349
882
68
284
282
911
840
307
642
969
342
953
509
281
292
915
54
336
847
279
257
623
854
866
105
364
230
600
38
977
652
386
241
982
999
485
626
176
373
44
986
858
439
686
939
812
6
206
827
777
471
573
388
394
330
256
754
749
693
881
6
885
196
446
512
683
418
715
980
457
643
363
875
567
437
686
689
676
299
224
937
914
969
571
430
303
365
998
630
590
402
956
906
390
312
820
27
924
375
17
655
944
723
425
479
38
224
355
937
266
710
744
39
80
312
543
608
330
467
129
205
801
67
556
457
775
543
793
907
909
28
301
53
669
702
679
161
892
862
754
685
547
789
32
398
291
851
828
711
824
37
246
679
707
42
70
682
424
182
673
409
252
655
186
85
770
886
333
425
218
260
598
972
325
834
910
531
296
580
742
825
913
817
965
442
165
60
541
635
298
532
793
724
44
174
626
16
691
857
148
762
314
181
258
399
714
360
748
91
49
551
197
336
624
700
393
28
443
440
402
465
461
585
506
233
107
357
760
880
981
679
376
799
214
765
230
867
198
159
885
400
451
723
27
723
29
391
195
161
281
879
742
88
551
139
927
255
945
823
114
540
765
372
561
95
896
797
932
102
836
243
209
504
870
437
723
968
570
811
791
29
157
455
776
251
46
211
719
507
57
838
874
158
5
759
265
672
274
119
168
605
523
367
898
850
145
352
895
146
997
364
889
691
223
362
904
996
733
33
307
164
96
515
348
932
770
352
813
951
6
745
404
699
466
36
886
551
328
303
815
105
632
465
690
930
106
643
650
931
296
853
138
338
241
350
32
883
169
676
342
548
952
541
226
8
772
973
866
447
672
445
408
517
436
748
214
461
903
454
196
433
939
192
416
273
352
688
281
334
949
268
959
483
444
222
409
457
795
441
84
250
638
312
520
618
410
593
975
138
915
600
378
971
492
997
898
942
228
516
105
172
165
882
317
235
493
883
587
532
53
657
545
396
159
818
326
680
663
658
770
274
390
731
894
48
367
488
100
980
936
411
703
53
711
755
363
216
844
998
313
282
112
585
275
724
111
728
983
536
874
818
894
375
310
615
889
999
281
168
825
691
688
325
127
990
54
664
798
238
716
892
534
793
372
201
325
531
105
449
242
319
830
164
459
88
864
134
637
920
585
959
370
840
701
858
94
499
769
812
347
572
3
4
113
444
340
435
31
518
695
977
513
727
625
68
803
519
446
816
802
7
942
589
319
593
394
928
705
190
265
941
495
629
338
154
779
715
833
757
226
316
906
419
121
752
458
118
349
705
395
505
701
489
321
477
809
782
132
98
246
711
531
278
541
808
558
277
175
111
35
324
292
754
968
58
522
956
366
175
482
348
785
960
309
627
593
52
205
964
15
783
604
265
389
531
14
645
708
420
341
179
176
103
372
323
585
971
823
192
228
324
139
819
896
786
991
39
406
21
162
363
86
304
111
362
241
155
735
609
40
748
233
24
856
749
895
449
139
136
789
355
230
128
283
211
215
705
501
586
779
778
620
340
857
42
963
806
854
354
804
362
277
804
934
111
509
187
48
488
746
920
575
692
663
899
633
494
438
553
515
748
38
995
278
981
48
547
273
229
777
813
87
500
614
451
916
616
886
305
44
255
259
3
726
957
657
224
459
623
731
546
835
777
617
824
388
37
587
694
283
300
720
963
470
281
658
259
575
598
570
261
380
174
944
244
707
464
915
647
528
427
199
13
180
957
785
903
166
193
608
264
154
986
647
985
125
636
283
320
958
892
519
697
577
925
538
557
375
361
245
190
892
197
690
873
400
401
652
879
910
327
981
360
702
344
682
542
987
213
38
903
977
889
732
2
652
320
780
26
978
827
31
684
362
153
987
478
261
49
374
620
410
191
516
259
604
673
730
42
8
539
212
124
724
19
312
50
169
372
555
61
415
337
231
118
567
447
349
711
656
615
2
2
747
791
971
294
458
159
800
378
433
393
767
483
423
540
468
195
723
758
15
243
717
463
168
287
99
898
240
154
398
368
637
653
756
3
98
972
781
964
4
455
262
898
669
60
213
6
452
67
924
86
254
945
359
544
215
204
369
253
333
451
691
148
212
414
298
433
597
854
216
605
31
658
519
162
560
585
361
272
886
252
143
426
309
976
417
219
109
365
543
194
770
619
129
89
772
877
50
821
370
941
533
635
142
122
781
703
819
900
791
755
229
612
778
248
953
469
885
955
902
276
812
598
635
323
963
629
664
907
390
101
264
555
951
169
438
934
116
492
765
959
76
170
253
959
774
689
161
938
410
515
8
930
126
5
484
78
832
497
610
61
39
673
656
133
548
358
859
249
620
642
192
572
189
535
832
648
571
80
122
535
34
229
156
60
986
891
612
514
297
522
638
171
687
803
541
757
326
180
448
388
672
988
835
455
750
691
414
726
633
216
964
738
187
196
914
890
917
128
723
108
44
299
616
817
571
485
443
91
145
176
561
472
675
502
162
379
775
515
286
776
242
763
549
934
956
606
685
384
671
585
523
987
416
986
251
795
220
380
566
712
317
392
388
311
792
354
118
291
196
449
841
338
641
845
215
91
344
949
715
993
83
261
662
652
408
40
354
915
391
80
850
516
13
497
228
259
471
910
791
988
810
967
44
226
629
784
974
564
957
747
352
443
484
356
993
664
144
484
47
467
921
578
909
42
325
398
686
887
186
198
801
850
331
370
171
208
24
39
310
815
844
87
726
148
960
467
843
20
932
902
556
227
612
591
97
948
736
361
2
510
167
183
711
168
396
262
132
596
936
795
179
954
184
621
863
330
413
921
746
305
204
910
412
246
83
505
709
736
117
422
932
667
198
491
762
348
235
71
145
386
700
635
10
148
812
562
835
633
978
443
708
951
50
427
785
263
449
105
776
824
735
443
128
432
556
948
192
381
266
467
2
853
736
77
643
1
949
157
819
507
340
425
939
35
686
729
622
824
373
639
535
680
301
586
290
837
804
573
451
639
560
742
603
754
425
569
446
175
210
219
828
91
943
722
329
753
510
328
506
160
280
19
901
215
860
783
749
658
529
257
664
133
50
956
682
594
969
753
676
502
130
591
452
801
516
117
32
881
783
833
61
521
352
89
526
128
643
585
351
685
78
149
691
468
119
733
550
625
588
940
380
873
635
212
121
534
551
531
618
105
215
884
284
161
322
892
798
293
269
789
107
925
615
268
128
622
747
997
357
315
736
104
491
85
303
55
101
672
559
611
653
967
849
952
745
293
684
865
516
436
280
542
543
395
265
91
724
424
832
499
92
148
946
684
206
56
578
654
236
607
607
670
647
114
175
274
850
404
952
648
953
129
76
502
817
334
972
767
487
615
192
24
319
351
979
516
401
548
350
314
735
950
986
420
54
317
76
448
584
198
665
809
380
594
716
681
927
255
439
105
371
254
775
393
705
371
149
636
422
970
636
964
855
586
543
303
593
722
561
574
769
129
384
583
484
161
439
596
916
890
391
381
536
311
914
781
757
666
532
7
352
50
578
502
955
357
148
424
864
60
557
847
330
663
960
399
422
751
85
859
195
716
576
797
348
74
866
869
24
443
222
262
687
429
771
721
498
380
693
291
263
238
382
965
503
744
998
621
350
928
943
112
17
959
766
428
911
480
11
166
959
125
338
964
659
859
400
383
994
725
563
606
71
483
11
982
629
538
865
276
575
634
894
301
676
328
19
871
3
840
654
748
525
147
22
869
234
677
843
877
317
738
962
535
834
136
544
990
886
486
8
58
669
397
272
194
366
278
889
63
879
53
485
719
850
693
969
668
796
868
596
91
923
247
849
111
37
184
0
111
762
985
575
387
879
126
274
864
796
748
479
669
789
665
322
14
578
162
100
185
723
529
79
747
365
567
944
363
378
728
55
830
114
232
529
819
927
845
14
413
839
951
654
547
870
66
433
340
985
968
894
239
76
874
840
125
243
754
255
187
19
718
511
864
110
590
857
371
738
219
998
773
881
792
562
692
53
298
684
492
923
270
581
783
650
965
77
280
792
880
546
207
335
219
87
294
286
488
304
461
713
237
856
911
209
714
851
297
152
717
856
301
552
446
685
963
182
773
913
620
289
232
401
714
641
944
368
970
220
45
639
706
191
533
670
620
625
645
715
751
248
326
656
162
402
621
484
861
146
327
327
59
383
585
364
397
986
186
385
565
598
657
182
648
514
116
116
995
827
465
375
104
361
509
382
505
576
196
547
222
957
95
225
339
31
984
537
674
629
623
30
791
944
672
484
501
172
586
57
160
824
331
809
345
987
498
788
586
18
262
198
991
502
332
162
767
293
961
304
363
34
572
118
450
618
716
645
672
185
919
482
72
729
412
17
124
293
640
747
223
246
449
788
37
346
737
822
417
70
998
546
213
873
676
587
852
825
897
791
235
721
470
298
720
700
564
289
287
455
663
526
744
881
608
480
903
319
325
72
721
571
119
696
169
288
953
296
130
338
805
68
460
212
449
539
921
263
922
937
879
585
145
49
93
117
68
141
56
929
493
378
617
375
836
680
579
365
332
495
986
511
42
120
282
506
705
159
790
785
366
764
77
268
41
156
724
993
175
719
902
889
17
389
134
370
870
711
247
660
800
89
151
797
694
669
569
184
410
974
478
204
261
394
790
32
691
817
651
113
755
917
34
386
260
410
73
282
961
291
386
465
249
846
452
753
62
402
384
301
646
247
962
36
188
944
56
877
14
124
717
194
644
199
455
76
492
606
325
209
326
680
662
486
159
243
221
985
993
560
927
854
342
106
519
165
4
815
115
271
578
623
64
524
636
317
621
295
568
593
286
291
199
160
147
429
920
95
615
463
16
404
122
42
812
596
991
517
317
434
665
364
799
981
338
227
797
45
395
644
461
582
977
773
28
38
373
678
504
663
357
470
208
220
561
809
949
888
985
655
683
724
806
569
473
993
73
536
678
180
835
869
49
706
653
473
277
642
743
617
266
69
733
656
859
318
767
767
559
811
203
183
673
684
38
712
247
640
43
462
47
278
661
985
800
16
670
580
623
322
916
308
145
622
533
716
743
29
664
535
33
374
383
815
133
280
856
356
412
293
848
178
214
446
59
419
27
426
675
326
22
985
421
286
519
755
904
714
383
443
900
144
142
925
824
832
337
297
619
4
107
183
653
638
178
287
351
864
693
768
354
48
385
497
251
554
555
26
765
288
575
202
527
890
771
518
389
625
94
10
684
634
325
993
922
165
477
688
315
157
605
531
484
659
632
809
797
60
332
712
123
918
808
443
527
213
918
809
977
156
701
986
276
693
967
262
152
127
604
827
666
408
484
330
611
700
430
364
177
222
779
151
761
917
844
853
814
91
228
637
309
228
198
810
80
569
514
721
670
260
63
374
252
398
105
699
846
232
197
895
383
667
467
399
283
913
928
613
495
645
668
967
884
482
847
357
451
125
571
956
363
139
107
552
912
382
153
298
861
951
565
624
392
489
289
637
332
902
318
459
346
261
846
685
286
133
918
733
937
429
381
211
892
650
204
77
887
86
162
709
628
385
179
329
58
995
49
170
849
716
962
884
810
741
485
535
139
237
429
857
14
18
774
917
740
45
102
219
83
179
781
636
684
851
168
812
959
428
398
757
129
236
610
136
521
620
427
716
626
953
884
409
303
377
224
95
961
890
499
3
606
801
39
706
862
821
406
630
808
772
368
483
712
710
703
286
51
642
624
16
232
748
265
357
408
722
57
223
900
850
371
480
221
297
80
201
294
288
517
629
309
213
577
152
227
222
224
629
898
21
410
682
738
195
835
896
338
683
978
370
677
903
177
723
161
487
163
265
679
141
604
414
39
886
286
163
603
172
372
750
492
916
705
813
755
707
541
302
767
421
538
528
31
659
593
92
57
130
662
224
9
314
255
141
772
655
872
98
805
324
565
521
666
954
601
167
927
4
609
84
564
245
675
872
944
245
308
442
471
460
63
533
580
580
70
197
472
330
826
933
886
753
497
572
712
969
246
896
196
912
277
36
266
730
170
174
222
949
21
444
160
442
974
299
247
80
396
785
777
193
755
765
673
637
609
821
590
3
435
596
336
359
738
239
136
597
719
864
503
840
652
734
550
193
638
288
698
738
796
599
987
465
380
616
819
465
562
680
454
838
341
933
150
584
926
799
42
99
599
551
191
89
600
292
732
361
626
654
120
107
847
359
126
370
803
896
11
94
761
113
125
925
720
286
7
401
794
47
845
639
939
710
787
977
543
65
521
2
150
207
799
319
609
603
359
545
974
671
766
957
360
107
92
458
241
161
841
255
38
667
537
880
513
735
291
822
110
288
606
650
803
885
48
77
621
566
779
628
958
397
366
57
261
408
302
571
157
455
880
640
309
36
843
902
473
410
801
579
946
747
666
569
27
70
750
190
704
830
941
932
466
187
455
243
583
784
104
603
99
718
389
149
269
352
620
521
558
646
711
515
703
455
249
703
380
483
611
777
628
471
800
774
795
809
445
196
985
554
45
898
551
157
462
689
858
834
921
22
886
800
448
468
725
982
370
734
534
288
846
56
175
58
243
881
884
889
781
971
817
3
601
208
374
371
756
797
702
461
732
637
689
95
537
381
160
916
968
18
806
44
759
91
613
244
355
984
257
506
265
135
703
765
914
25
811
346
961
321
705
497
970
799
844
407
265
301
847
607
652
180
833
169
690
783
483
644
148
17
617
599
472
891
752
698
57
46
217
727
63
420
255
704
744
414
284
266
754
320
897
691
226
255
160
532
543
73
752
954
38
330
451
27
536
544
288
685
568
440
535
75
619
149
956
920
40
864
383
332
890
634
172
828
162
751
187
862
48
73
191
100
637
67
425
776
892
179
181
898
851
52
351
818
6
80
217
688
97
202
566
444
920
277
223
435
861
646
688
807
442
140
791
297
752
991
789
750
803
518
249
264
303
731
632
297
641
418
610
629
291
752
169
572
857
389
405
217
654
391
24
408
318
530
288
782
857
657
701
510
300
588
326
267
722
264
929
515
