991
943
609
576
406
504
806
280
782
274
324
933
445
528
262
316
892
867
543
893
957
755
658
597
151
591
15
646
658
422
956
442
943
723
375
156
672
748
210
569
286
485
908
507
804
893
681
2
512
486
431
447
750
335
145
467
538
390
832
704
27
431
937
217
777
800
863
459
956
28
967
83
540
169
74
106
243
946
889
486
133
285
324
700
828
716
628
931
766
156
418
844
498
629
932
733
768
679
275
796
920
335
88
435
684
502
755
917
588
540
248
450
474
84
801
370
685
121
205
662
788
747
182
765
891
737
965
104
549
436
32
823
364
333
499
833
217
228
96
413
656
530
443
913
818
484
918
731
16
716
831
728
853
329
279
453
959
681
438
307
789
991
98
898
345
425
441
201
407
201
258
566
400
916
330
866
479
719
482
282
649
343
833
584
777
437
607
920
119
594
604
32
981
362
121
194
789
953
333
528
349
846
355
161
968
963
86
638
341
65
518
76
138
113
923
343
673
652
287
668
252
348
95
566
127
617
765
909
82
732
384
785
438
691
304
478
440
882
270
741
580
908
590
455
440
546
131
508
687
658
980
753
638
755
661
851
849
188
968
996
752
786
506
534
103
576
714
820
564
352
819
811
940
732
217
517
441
165
399
971
323
244
31
253
489
568
896
749
273
352
357
435
575
342
402
1000
601
708
938
511
279
467
519
671
725
335
667
854
490
169
781
810
591
507
805
272
478
542
571
247
90
691
573
490
674
100
684
320
222
606
874
696
461
114
803
739
540
351
214
139
69
231
916
699
63
650
672
670
677
376
987
991
555
892
265
452
161
970
80
27
350
626
840
480
383
65
686
619
760
256
355
543
127
758
354
763
140
182
223
328
92
709
141
276
218
216
304
100
79
62
167
781
137
229
698
259
782
92
832
570
114
628
334
991
7
834
231
250
256
987
796
419
660
181
94
795
461
296
571
773
343
700
903
419
35
184
527
981
321
910
485
711
104
353
669
695
519
751
61
538
409
516
476
400
512
109
810
154
433
805
164
89
123
939
623
649
590
366
153
83
71
968
538
347
794
161
569
158
399
66
474
451
897
800
94
960
445
283
104
562
849
522
931
902
195
513
249
90
113
488
415
562
296
659
997
644
340
147
252
375
259
221
477
145
579
970
702
337
661
964
644
937
248
66
992
880
329
629
350
25
13
839
102
637
454
584
981
482
876
187
216
158
228
922
667
493
613
470
625
59
614
353
5
796
943
632
160
918
691
228
340
121
935
278
284
83
406
812
198
808
152
791
645
283
779
80
545
490
458
111
407
147
99
127
83
576
71
513
788
733
382
666
16
173
147
39
511
963
209
621
528
754
961
41
1
344
373
288
201
996
134
279
342
912
907
430
419
103
336
318
445
530
433
562
290
427
955
661
551
831
588
762
171
636
386
598
964
222
877
401
839
581
963
669
467
681
489
86
668
126
473
756
920
72
541
214
657
459
426
789
714
796
725
924
238
103
816
958
753
497
348
159
572
151
88
344
569
813
700
183
600
517
783
377
808
347
865
864
53
559
994
640
261
193
941
6
894
254
726
457
13
361
249
95
833
324
166
945
652
417
121
960
835
805
863
570
390
425
227
13
469
615
119
9
470
442
753
173
744
46
837
272
932
234
768
157
435
50
206
210
732
162
471
652
904
172
610
32
698
77
119
849
10
698
37
58
831
927
136
205
447
625
489
154
910
296
962
500
572
730
251
930
571
470
189
705
920
666
751
566
37
686
964
757
958
6
602
258
849
108
208
947
839
258
527
956
365
277
880
11
551
151
379
259
417
522
593
504
849
44
307
814
669
330
641
601
645
393
172
920
776
684
540
121
809
873
624
105
194
933
709
526
530
968
496
928
997
318
721
174
830
928
340
255
864
645
170
447
319
367
673
192
80
632
109
191
421
518
752
608
779
39
830
611
45
278
72
506
50
822
280
780
56
62
468
681
375
285
32
837
809
92
588
65
510
221
823
354
59
696
712
833
246
868
290
247
15
311
611
401
536
812
908
857
635
379
142
514
971
461
372
250
589
593
971
367
765
215
313
485
755
503
807
463
736
241
600
681
207
418
178
863
955
92
907
413
517
936
846
960
899
79
266
641
720
79
637
765
83
929
349
195
914
956
437
18
607
5
668
838
238
137
141
447
227
960
777
871
773
973
95
588
626
396
724
168
435
151
766
971
395
433
631
38
531
991
296
594
963
766
335
112
900
132
427
79
821
263
950
914
851
329
503
76
896
159
682
729
760
801
37
596
643
560
54
776
715
143
381
917
656
413
374
107
773
986
531
998
680
346
521
171
49
293
977
882
933
139
13
631
156
408
226
559
42
224
919
902
485
394
985
497
21
864
18
897
145
142
447
805
234
367
784
479
46
748
460
94
182
867
252
184
145
541
877
826
237
36
510
856
443
590
229
211
671
54
372
496
828
496
61
415
398
981
433
144
901
762
458
377
363
687
397
906
420
627
359
525
938
426
724
549
309
492
270
511
903
418
531
394
71
538
232
317
358
597
888
149
255
60
42
971
678
176
581
989
995
748
344
563
279
847
181
832
915
523
562
687
295
203
725
548
712
678
177
368
523
445
439
481
133
229
582
951
814
462
398
894
262
642
66
689
942
508
168
29
1
226
387
604
906
416
383
860
967
512
145
1000
44
985
370
329
202
773
742
501
938
696
375
226
260
704
57
282
554
645
903
936
370
804
328
232
541
823
865
703
635
967
689
217
295
488
834
565
450
117
490
112
493
256
703
861
878
718
148
238
22
514
269
554
727
110
1000
378
754
740
192
655
693
154
918
132
452
459
709
57
508
285
149
645
879
606
239
613
588
123
470
353
208
924
612
828
893
658
846
160
582
980
854
769
436
107
510
162
118
955
542
619
389
747
755
2
33
700
304
974
38
484
714
200
513
177
942
437
276
85
607
802
277
375
471
35
275
453
440
96
170
52
279
267
426
99
491
196
320
780
882
968
197
23
404
252
556
600
671
269
930
683
61
361
901
579
125
186
530
5
982
33
970
857
858
495
390
332
784
603
908
848
888
765
411
145
564
762
173
806
674
152
283
401
78
210
200
471
833
626
104
703
443
173
889
960
822
999
844
88
887
380
181
927
170
271
674
852
579
615
481
431
489
389
356
842
294
619
937
218
8
499
284
670
489
294
253
776
442
682
522
666
353
54
11
329
978
868
561
596
601
478
73
870
117
487
543
999
442
105
87
11
527
154
940
891
554
746
666
211
183
656
748
755
563
728
14
390
548
609
30
423
347
916
30
804
430
688
621
257
758
351
171
802
933
148
114
271
637
511
210
460
384
769
958
964
402
603
554
201
993
817
890
568
831
273
442
940
289
178
952
658
568
821
662
617
698
509
173
107
769
91
455
473
842
543
497
499
848
195
741
143
619
961
589
389
897
262
619
741
694
822
806
895
502
79
515
926
228
942
124
820
810
884
980
755
815
240
768
281
441
388
167
356
193
511
697
165
422
171
880
958
840
11
39
54
220
62
489
538
329
417
564
280
183
595
581
304
434
328
344
826
758
110
175
266
621
145
628
830
846
393
294
365
852
555
888
613
478
485
507
760
797
319
994
220
348
772
68
407
557
217
389
569
408
392
588
322
0
483
650
913
644
892
882
761
787
463
702
703
533
696
29
656
564
768
503
28
59
800
468
636
175
787
176
605
358
636
240
998
628
880
203
395
384
945
941
698
104
752
212
376
266
88
264
107
496
826
560
747
167
374
84
529
272
656
627
148
344
20
185
257
200
634
313
648
136
194
250
287
252
846
735
545
534
690
639
223
387
289
750
545
24
559
439
234
439
117
245
340
402
362
223
150
612
513
593
166
597
126
605
393
551
439
494
42
551
307
327
667
228
900
769
776
77
257
65
601
255
940
654
972
393
519
430
954
951
495
826
368
700
533
12
641
518
371
34
93
829
381
250
858
943
870
696
920
807
682
450
293
703
830
645
432
482
719
572
230
442
496
118
324
205
311
967
206
129
747
813
577
914
663
340
240
588
616
194
111
257
886
355
471
696
761
805
91
126
498
956
303
774
702
486
704
441
932
236
761
234
86
131
26
181
4
220
810
949
501
101
611
771
287
558
846
76
121
893
384
87
765
841
49
297
442
528
153
295
236
544
526
408
438
146
103
304
837
51
527
741
620
45
129
518
89
255
886
623
504
253
462
687
734
498
99
826
787
226
388
427
845
888
219
155
469
921
123
990
160
745
699
80
543
92
973
175
389
188
819
303
768
611
68
547
460
684
848
310
539
939
837
587
10
751
373
118
642
841
321
38
84
899
595
15
250
896
103
775
332
109
692
227
655
804
401
116
839
162
236
160
915
346
788
295
562
95
486
930
832
934
58
755
553
387
38
55
989
958
933
383
164
193
776
492
173
787
252
614
866
919
703
188
133
303
187
901
638
634
873
830
385
344
353
65
88
364
613
844
682
690
204
367
445
424
635
804
538
894
864
86
585
949
238
667
354
249
635
51
743
560
870
312
856
331
613
874
49
403
184
754
726
825
847
390
99
1000
116
120
907
308
72
881
408
731
591
271
208
3
122
958
959
343
309
744
534
268
164
703
634
357
648
290
723
2
177
945
628
603
563
276
906
329
902
640
322
225
531
871
269
499
560
128
206
144
574
953
650
379
462
582
617
90
652
423
747
452
171
557
105
929
135
564
371
900
766
572
415
406
853
532
582
521
721
108
979
662
71
696
378
60
614
899
610
154
134
50
814
42
192
318
711
888
222
677
611
812
469
184
823
464
640
457
663
233
297
268
875
815
436
134
630
502
385
277
594
910
57
209
411
231
997
881
197
671
764
34
872
710
470
546
314
867
465
309
972
444
636
543
804
268
651
622
785
66
665
970
330
401
405
924
498
383
994
933
157
153
460
193
876
882
885
25
967
299
459
683
436
282
210
638
41
169
662
977
639
967
529
726
949
954
919
358
977
186
515
989
22
284
297
170
548
730
217
26
696
193
506
840
724
520
680
349
173
680
967
887
250
265
178
129
419
108
363
607
217
970
16
333
799
170
21
385
554
241
100
308
260
466
780
971
650
46
564
773
627
440
822
499
623
669
468
59
548
684
323
222
801
179
81
609
331
725
665
187
233
314
614
135
990
778
949
463
292
600
36
510
195
576
508
160
700
736
381
430
189
186
608
427
779
376
6
964
835
813
755
650
132
432
436
337
318
68
497
107
675
563
193
47
453
224
858
351
897
403
83
514
95
663
51
844
142
500
154
371
301
48
635
722
802
720
164
568
254
701
402
888
24
168
255
112
608
740
196
279
364
458
869
86
796
645
41
553
358
76
869
105
94
323
406
545
466
154
315
521
648
843
401
985
43
763
97
996
177
488
871
552
669
67
684
752
192
881
722
306
361
9
823
269
417
213
664
724
823
94
267
447
185
883
311
982
638
340
516
81
518
320
520
974
375
248
133
414
758
130
998
312
765
114
877
468
44
839
823
262
40
215
586
165
129
688
651
391
921
947
169
787
355
95
802
485
255
926
682
274
72
902
321
654
447
997
279
666
591
539
786
832
966
900
428
261
108
876
18
187
214
69
370
299
194
629
133
283
23
347
242
97
758
183
909
137
702
700
672
597
513
132
485
564
445
52
671
414
534
810
773
481
310
781
615
426
910
747
222
435
867
404
855
213
72
184
997
972
291
589
615
557
103
452
400
523
4
20
783
338
185
335
765
109
472
1
263
954
214
286
794
941
175
838
952
984
317
919
579
91
715
672
794
406
965
813
771
908
167
469
154
309
211
577
662
309
641
35
329
553
132
570
337
522
815
768
616
69
162
824
469
36
885
810
550
303
70
276
596
909
873
711
568
168
273
344
892
986
494
827
481
399
318
870
889
778
592
432
857
490
588
879
708
606
714
975
883
972
967
387
897
586
60
905
725
788
669
991
373
502
917
172
779
967
475
266
984
29
47
179
274
505
943
14
888
730
588
521
912
431
774
701
245
464
610
327
186
607
270
822
845
890
262
189
203
823
141
528
705
734
668
476
921
200
885
442
360
9
302
181
948
473
982
994
975
997
611
163
701
362
51
155
536
110
565
697
596
569
964
435
366
76
142
167
975
492
647
851
237
33
391
11
422
509
861
49
438
566
886
389
140
881
31
55
231
58
594
308
246
842
159
779
99
643
901
683
4
63
831
150
443
999
125
237
159
721
842
138
750
961
673
683
34
233
601
71
206
292
591
542
778
104
786
570
794
212
310
629
498
692
347
526
401
828
185
408
905
324
609
275
574
691
473
517
301
581
722
496
27
567
472
34
526
647
742
566
360
970
685
664
335
659
477
383
552
108
256
982
528
629
744
696
70
406
468
269
781
650
196
107
14
570
894
271
425
2
498
6
735
292
601
93
785
605
543
135
630
625
962
736
819
977
138
173
951
950
573
435
438
463
665
430
309
653
715
852
592
324
365
143
875
20
48
602
508
673
240
683
122
299
871
93
694
8
786
437
418
361
116
624
893
814
345
735
15
364
270
22
536
536
493
976
762
129
489
459
349
364
570
139
542
41
815
856
253
460
993
963
231
83
693
294
686
853
556
778
53
655
304
877
156
594
135
454
399
526
856
843
15
686
641
162
690
635
41
676
460
304
165
973
169
16
839
287
954
501
928
323
839
935
92
360
742
77
856
809
815
579
23
519
869
471
132
364
124
588
532
56
931
137
554
436
242
467
768
820
283
241
456
356
603
545
587
327
238
806
321
15
323
55
869
630
189
382
96
365
956
547
946
409
939
61
715
808
275
667
224
962
651
857
450
873
541
965
420
953
510
427
509
3
997
658
415
170
120
587
362
272
789
883
943
731
412
269
838
550
118
48
100
897
896
221
56
85
666
663
752
55
284
151
501
242
932
547
217
42
255
343
393
936
986
100
125
132
669
724
896
81
378
973
25
188
39
715
527
487
14
980
891
834
471
488
480
893
246
284
243
207
783
948
697
956
992
435
568
372
683
952
492
361
686
467
97
514
498
280
420
519
116
982
147
72
844
982
678
918
348
363
194
531
76
254
682
148
215
991
286
790
556
573
276
301
695
492
94
668
72
955
666
167
788
135
36
936
359
267
956
707
401
208
452
999
634
686
269
610
882
862
32
372
305
446
531
825
345
201
531
558
224
277
504
841
134
104
753
702
99
751
223
455
594
176
399
706
878
696
750
385
710
16
237
955
609
53
584
604
337
151
655
207
333
882
747
18
18
218
491
294
803
667
491
310
137
818
357
601
86
568
519
63
708
411
64
490
1
380
867
263
392
360
601
754
109
435
104
603
592
3
389
956
599
547
612
902
794
350
123
13
991
617
279
186
906
140
888
572
469
976
386
969
786
510
561
980
244
905
541
776
499
386
53
575
272
222
10
137
820
394
169
650
448
991
310
42
90
227
287
382
124
217
250
103
20
686
345
251
760
349
916
462
936
754
35
420
526
88
215
408
232
557
233
66
173
600
524
932
604
159
312
481
941
518
880
798
153
964
297
317
391
330
398
72
122
161
358
344
662
838
67
318
861
323
465
201
601
189
614
374
280
559
958
809
604
852
328
667
263
289
170
775
206
241
262
498
36
328
779
580
430
462
509
19
298
632
489
577
756
63
904
899
240
507
686
626
399
227
427
599
186
70
455
130
459
301
90
380
679
700
202
739
706
517
322
83
627
358
928
625
854
562
766
254
894
19
435
631
529
12
115
909
784
646
113
211
57
235
573
368
75
595
67
550
756
122
864
623
748
40
552
626
967
589
202
466
144
511
82
845
118
813
697
981
467
21
785
753
770
124
233
333
801
54
222
589
503
430
594
500
792
415
134
978
618
875
264
40
448
859
713
402
887
62
524
887
143
868
109
813
80
555
173
890
925
261
252
549
525
157
18
794
971
618
654
192
664
390
839
440
753
604
412
818
740
290
49
714
741
582
140
92
539
206
333
402
806
117
685
31
53
583
542
330
459
246
297
894
674
994
181
665
296
220
679
721
238
527
569
292
742
961
932
673
146
793
757
716
295
667
48
958
713
285
346
418
986
564
190
355
813
784
596
936
867
848
748
384
803
368
685
938
385
206
480
485
558
590
534
956
60
411
19
631
988
141
720
642
303
502
463
167
697
687
487
484
218
87
60
139
304
238
369
447
405
506
516
574
289
173
385
931
528
785
540
731
74
593
55
541
184
185
186
830
537
190
364
495
657
941
530
223
948
593
168
894
352
188
185
367
777
948
79
730
885
621
494
790
36
378
317
666
161
936
109
694
466
84
46
429
304
606
747
255
912
721
468
41
534
510
635
874
114
820
486
188
335
218
708
984
322
800
783
314
320
212
244
225
271
720
457
496
718
947
302
703
448
409
228
457
283
189
215
14
517
55
582
359
908
271
744
72
568
195
359
266
503
198
549
4
394
217
829
123
67
758
466
622
783
808
513
398
424
82
223
559
390
956
650
306
324
675
372
464
4
729
267
784
312
479
921
992
403
792
763
217
221
295
241
974
210
362
696
398
129
504
689
394
995
853
816
313
656
252
302
147
314
864
299
408
637
307
728
260
788
690
171
231
128
688
841
101
741
23
255
208
269
701
319
518
252
909
306
941
203
759
248
759
303
97
352
365
388
659
814
473
898
989
67
568
233
788
684
404
244
366
506
591
268
321
826
311
0
850
659
964
819
617
333
784
906
21
162
425
767
913
225
462
531
531
306
377
2
379
129
454
245
732
340
793
838
475
594
3
204
433
515
171
582
443
685
351
503
995
39
839
465
113
953
648
614
993
52
293
188
649
541
674
190
762
754
542
181
672
747
940
750
985
355
308
392
256
104
178
340
205
400
813
730
768
987
299
196
610
572
226
306
978
692
335
650
662
49
579
57
148
84
108
383
122
970
656
640
802
398
358
51
139
703
356
300
782
731
597
515
652
974
569
890
413
622
356
852
464
903
126
981
747
408
348
34
33
782
453
535
223
782
366
455
582
777
169
467
524
590
38
667
955
937
402
27
464
783
504
147
706
30
154
490
565
196
614
291
465
996
947
514
336
208
262
497
352
552
228
545
498
646
769
197
651
248
877
300
41
100
661
340
18
519
114
146
838
929
976
336
935
448
132
303
410
367
15
777
893
6
462
78
934
717
311
250
435
267
98
48
986
499
88
93
330
31
943
800
997
497
879
800
789
286
491
651
121
360
916
21
619
221
341
693
462
828
39
152
304
928
655
693
69
316
162
460
869
67
115
792
873
796
625
708
200
232
718
327
339
25
425
141
306
117
288
241
912
210
177
358
551
266
145
885
525
361
111
414
161
967
533
19
24
393
892
943
849
639
314
392
130
673
800
174
761
187
740
131
510
304
857
976
563
162
652
296
722
179
805
587
561
378
902
133
144
597
471
574
503
643
207
397
696
289
998
812
91
296
879
793
211
17
532
505
966
802
2
625
225
995
965
731
459
585
350
76
389
922
537
325
235
746
600
713
967
598
32
138
233
85
105
411
843
204
566
630
743
475
511
384
533
499
426
259
540
915
81
548
315
821
848
46
149
292
442
672
4
795
298
890
153
569
568
936
219
451
642
897
177
313
499
315
71
860
142
972
321
799
983
534
202
488
806
981
175
197
165
956
337
14
567
461
386
861
690
127
294
290
617
241
57
283
509
920
199
715
707
854
616
508
690
781
206
321
928
286
546
955
686
944
155
337
993
637
762
388
851
244
217
723
933
784
56
930
94
779
943
112
301
754
7
623
854
56
205
925
583
515
525
158
932
832
847
844
48
591
941
415
438
830
803
692
883
772
825
635
555
705
786
370
486
174
438
93
339
151
481
583
517
875
471
979
44
840
201
554
117
154
85
45
325
187
326
144
404
106
367
357
882
60
616
744
201
272
882
441
288
674
244
108
593
698
775
954
449
682
468
964
432
813
453
222
866
642
466
437
549
81
727
420
397
439
988
170
973
597
348
30
533
933
432
462
51
501
862
402
519
153
33
242
340
441
865
463
693
72
93
664
484
379
508
196
321
250
178
849
969
351
938
532
711
317
325
606
987
928
250
276
640
748
274
296
568
306
172
389
389
585
486
390
491
869
347
688
678
661
869
659
475
395
258
253
412
710
721
179
603
749
494
838
947
42
705
771
959
596
531
196
818
104
641
123
701
544
713
681
977
127
406
950
627
978
538
543
974
282
558
823
489
180
708
187
55
107
770
721
469
888
657
920
54
48
432
578
891
524
634
327
206
333
862
277
203
475
982
858
482
227
436
854
344
305
42
530
330
34
107
203
907
884
93
168
664
121
986
204
687
113
646
883
574
45
179
405
569
713
679
490
503
498
155
61
986
857
474
645
882
469
26
688
722
473
890
657
748
52
771
131
95
745
905
651
94
994
28
833
732
111
696
308
617
599
709
442
78
490
282
622
302
551
28
910
954
669
452
671
361
327
513
486
236
766
807
301
205
255
481
472
553
277
722
19
621
262
757
729
465
458
39
181
670
442
18
281
811
877
693
338
44
721
337
811
347
391
843
549
620
606
67
236
269
945
213
905
323
38
362
64
510
992
151
357
70
591
624
687
296
686
880
891
346
29
772
914
512
280
64
7
802
640
457
510
706
763
927
882
753
237
576
862
549
387
525
18
340
736
348
953
586
281
50
602
564
74
67
12
197
691
294
70
428
709
777
827
124
248
711
643
476
926
322
206
443
128
161
878
531
842
418
171
705
299
543
118
480
699
616
65
513
331
447
235
456
186
89
512
316
362
656
989
486
457
987
660
492
617
625
217
710
693
726
581
796
235
521
923
621
768
797
233
153
505
944
103
795
0
118
778
507
929
737
822
581
475
619
722
315
117
250
428
157
831
95
158
112
242
448
542
996
170
595
888
931
700
825
852
630
41
258
101
246
428
905
355
512
115
466
632
915
548
464
207
434
289
17
87
291
656
87
405
627
555
725
869
32
530
372
964
630
283
626
635
992
996
734
907
41
65
177
569
668
749
460
622
317
186
915
286
553
410
498
453
490
121
829
960
765
797
962
294
415
191
741
535
521
155
36
630
888
507
125
449
70
685
264
313
331
867
403
85
292
357
572
791
101
828
688
414
547
894
265
273
679
256
525
102
522
354
249
992
571
175
821
130
467
240
198
232
483
964
296
84
959
6
229
38
194
653
336
225
178
666
991
431
272
255
623
908
531
898
310
827
568
298
705
678
316
427
620
964
320
135
14
292
913
522
959
185
722
339
151
531
307
821
939
347
588
723
350
725
937
278
725
277
100
655
946
628
989
911
242
136
551
59
499
454
364
192
279
324
178
441
766
0
965
719
678
230
765
482
683
742
35
112
559
593
611
785
581
459
171
749
284
749
954
703
562
790
903
699
806
593
273
8
685
717
27
643
606
338
898
116
62
677
445
409
709
595
344
248
111
651
935
182
528
579
995
262
209
929
703
170
183
499
200
852
137
496
756
0
155
29
354
757
800
661
162
361
308
945
973
631
702
95
992
315
585
833
417
15
647
31
849
334
360
121
903
63
491
364
523
854
585
768
252
769
197
31
92
286
379
141
441
805
979
951
376
640
98
703
181
733
950
407
744
571
581
381
331
295
836
288
81
922
924
61
397
330
958
127
199
894
920
527
444
134
705
523
30
100
11
542
262
944
714
365
232
448
181
509
659
686
402
973
35
47
558
52
400
850
980
229
352
285
548
750
160
803
370
117
484
236
96
752
849
467
140
422
684
657
5
366
66
138
880
60
369
261
380
928
825
554
299
295
273
7
388
357
248
488
334
249
910
771
422
569
144
670
630
773
907
752
989
863
956
103
622
671
649
453
108
242
514
427
944
549
798
945
392
147
378
622
683
637
65
290
92
338
363
418
41
610
294
0
97
273
738
56
653
390
618
697
26
597
996
210
810
893
879
425
76
818
440
459
169
209
619
564
776
975
145
331
370
71
619
531
131
922
575
968
720
751
338
929
450
225
341
935
786
697
109
170
990
902
335
742
741
363
823
224
967
236
198
583
808
502
770
393
392
762
843
888
705
488
254
5
995
406
839
652
633
542
937
499
981
716
711
241
482
441
43
352
194
718
185
106
6
980
485
231
802
58
932
566
425
77
922
439
368
787
791
439
571
480
391
708
989
209
435
747
939
784
294
889
287
324
251
121
757
263
883
406
791
650
449
571
891
934
543
601
49
590
714
394
16
502
678
424
461
907
119
867
853
881
172
166
903
594
553
870
778
580
460
138
350
481
544
757
44
414
641
579
343
610
139
375
259
74
587
462
201
904
655
910
102
487
920
704
466
110
995
88
250
897
300
568
301
598
317
208
494
142
382
792
324
484
80
792
312
868
22
289
780
669
885
0
24
300
628
880
494
296
697
65
21
855
659
697
497
92
355
826
43
154
577
842
426
950
32
546
385
289
5
236
334
712
399
551
891
224
768
256
541
943
530
113
606
832
585
713
90
425
517
740
900
222
829
458
585
322
238
93
561
158
200
552
299
650
65
468
371
370
927
259
457
150
640
301
712
886
565
193
62
367
883
898
992
60
179
556
566
489
216
649
646
298
121
142
671
201
173
680
863
585
276
232
657
860
125
988
981
72
406
105
429
526
278
739
389
855
517
175
699
441
441
449
113
736
133
303
748
129
85
669
635
128
162
912
384
850
833
288
453
391
294
73
768
145
541
993
356
998
321
481
345
11
866
754
103
441
244
720
389
569
587
410
416
791
251
688
385
475
619
606
632
47
533
110
956
985
464
409
86
619
977
825
431
75
987
844
217
591
315
999
19
491
269
901
397
511
853
606
766
191
826
368
951
454
66
887
699
433
113
764
706
258
453
947
446
407
991
27
456
363
318
609
566
177
677
691
373
226
129
102
133
32
12
23
245
496
162
462
471
458
40
588
271
195
102
715
915
561
603
897
18
614
873
465
579
749
836
91
398
555
355
741
192
132
276
781
546
527
997
816
310
601
278
968
507
442
655
916
452
725
237
804
767
403
446
348
113
695
786
166
661
848
451
268
678
939
673
870
80
846
329
790
348
505
341
481
331
692
691
994
180
131
115
122
498
265
94
690
318
550
313
273
279
666
186
557
155
734
266
339
475
221
568
144
955
123
288
994
594
841
170
779
312
117
882
250
468
471
43
314
109
218
687
51
306
509
183
136
693
909
338
201
556
631
702
562
122
45
127
394
283
790
638
968
831
124
722
875
804
701
107
231
969
175
923
640
253
882
705
190
246
690
449
19
78
991
367
584
85
373
87
597
639
585
815
969
76
636
568
437
622
640
214
46
202
474
784
460
502
963
867
27
483
350
376
646
462
486
579
409
698
372
202
799
778
803
474
50
896
507
43
669
180
647
672
814
155
6
986
223
428
138
899
142
691
796
644
427
61
182
408
419
54
88
459
431
6
435
566
610
225
167
44
796
927
821
903
185
734
766
787
135
541
531
675
892
192
507
258
261
690
679
363
329
343
672
326
2
568
943
359
756
508
883
747
123
244
728
178
261
876
57
928
689
548
472
920
551
609
274
505
274
295
249
275
568
787
111
287
517
633
258
505
931
545
762
749
659
446
351
682
4
351
556
101
928
85
232
206
50
862
256
884
676
290
640
619
689
699
235
834
738
305
787
560
25
169
485
189
490
509
937
651
296
227
243
807
862
722
291
491
183
963
186
114
904
486
538
719
107
164
446
148
980
353
345
875
527
514
572
163
933
610
408
497
410
132
941
498
317
692
391
105
926
430
107
458
947
156
370
14
956
564
250
690
314
742
17
973
373
11
649
568
386
589
161
217
9
733
311
844
877
427
160
498
911
608
696
128
288
975
767
325
222
375
464
663
838
367
562
492
626
184
384
462
212
484
534
923
412
255
855
321
150
288
492
705
367
407
939
615
701
811
301
319
24
578
8
758
671
793
211
657
740
64
345
710
62
998
865
371
592
492
175
95
296
38
222
668
237
35
394
362
508
731
19
576
930
244
376
408
483
776
669
69
823
506
615
658
404
764
169
167
916
532
658
607
704
167
656
444
60
734
994
90
997
939
171
995
629
10
432
268
910
211
846
979
640
932
174
605
668
348
200
33
135
499
320
252
48
299
778
413
298
837
709
473
537
361
746
854
942
17
82
268
934
250
327
217
345
59
785
128
838
513
388
69
194
875
284
966
294
255
839
863
62
183
149
990
728
64
408
547
135
764
76
555
235
649
704
999
485
644
105
552
658
155
632
964
362
381
187
637
165
789
500
195
862
235
966
543
983
572
561
111
809
518
794
25
314
890
770
650
790
529
311
417
685
899
835
44
890
96
565
903
670
847
159
398
325
430
916
312
684
342
546
171
276
111
129
850
957
858
261
613
850
332
740
277
445
33
312
23
360
134
263
676
841
514
424
635
534
91
859
225
291
233
915
465
447
201
615
624
176
897
389
446
648
497
245
168
276
780
113
196
276
640
965
822
205
867
105
386
431
516
435
427
761
297
955
640
417
954
618
485
277
488
833
86
615
500
47
873
15
495
969
503
59
855
193
956
842
851
487
515
349
627
183
74
69
786
894
664
672
153
817
317
113
839
950
321
515
647
208
392
47
57
870
734
259
52
313
701
854
609
529
733
805
113
687
70
484
350
431
885
822
828
729
958
34
558
363
582
560
277
629
269
252
421
225
528
78
68
259
166
363
745
195
928
441
966
898
274
27
836
476
293
663
94
976
784
677
449
845
886
354
560
517
1000
799
796
442
701
112
776
74
942
255
264
654
776
29
734
77
347
12
22
141
468
589
371
17
864
434
719
431
628
892
695
453
826
878
794
340
122
610
874
107
631
436
838
751
127
786
802
62
377
773
354
748
101
707
109
360
806
989
32
837
586
291
185
324
737
967
956
741
307
212
93
815
788
364
863
69
420
57
581
322
257
137
472
87
265
719
855
142
171
46
458
983
386
858
622
121
736
38
758
407
149
745
263
489
510
991
607
927
735
48
522
372
568
752
947
159
675
249
920
814
533
71
789
791
770
23
104
148
778
617
337
574
392
363
713
999
378
555
329
790
737
679
165
829
905
754
751
434
369
576
181
925
478
78
956
597
121
136
558
339
94
986
296
948
161
939
602
50
922
321
425
391
3
731
86
886
135
835
318
59
763
840
346
339
278
313
819
735
414
676
738
674
871
450
636
647
164
941
917
456
953
575
222
141
429
111
160
841
555
652
485
449
653
895
888
21
750
102
700
218
997
771
166
236
96
338
555
56
756
283
413
336
761
359
242
184
555
441
88
563
999
470
811
164
215
661
108
43
190
735
323
62
600
211
666
420
188
266
916
503
668
483
146
651
652
6
203
875
36
674
607
500
48
991
994
32
946
39
611
253
851
321
342
427
540
173
416
252
836
345
515
256
221
236
530
464
881
135
962
240
379
211
281
936
239
998
660
559
516
526
294
401
787
461
872
6
40
491
102
806
213
502
609
319
377
367
215
149
982
595
832
579
997
318
179
787
120
31
901
983
916
272
622
279
9
309
164
169
649
122
236
254
507
627
323
640
685
886
213
714
705
314
796
598
361
913
993
224
249
393
206
223
516
87
622
784
11
777
667
226
818
476
100
349
384
959
778
903
602
397
301
681
816
718
32
742
115
835
917
844
404
199
261
934
332
432
89
653
562
535
22
757
853
294
597
945
467
699
227
731
171
691
825
469
558
723
855
661
490
314
977
492
109
265
420
977
965
424
914
932
383
806
807
485
173
764
872
735
184
601
120
959
551
684
952
811
926
327
835
215
94
706
229
915
636
755
967
153
392
43
282
299
474
306
729
402
579
468
161
456
915
913
841
889
807
476
624
8
129
759
146
469
652
286
562
166
740
58
643
535
446
189
153
215
315
569
228
912
188
111
470
217
786
965
436
31
62
30
343
738
922
535
429
223
739
721
158
141
921
121
67
72
866
945
576
508
872
92
140
418
562
320
163
228
675
786
413
103
615
228
709
980
743
721
250
221
572
332
237
308
693
380
581
248
711
725
164
110
855
456
501
268
577
848
109
479
938
486
684
295
817
78
554
558
574
351
110
885
221
832
110
769
258
826
457
693
686
132
35
733
458
467
539
15
493
366
2
861
210
936
353
1
459
244
74
398
86
538
173
427
135
588
860
141
889
942
369
567
610
421
400
722
888
222
621
686
684
202
104
306
814
761
665
825
653
838
498
736
757
359
803
684
613
623
393
675
17
27
923
179
151
237
32
998
95
369
310
509
637
546
443
589
348
613
114
574
892
774
614
645
485
240
762
755
331
86
654
195
881
349
183
840
360
619
477
55
989
786
629
189
222
770
141
586
159
695
74
530
780
212
249
571
713
570
537
948
349
783
149
368
670
988
885
800
665
993
840
492
485
636
473
108
892
374
354
13
814
437
372
446
775
379
792
266
363
23
20
774
45
170
213
430
588
48
159
783
344
972
320
482
780
638
991
646
273
779
65
633
886
353
977
750
241
479
459
59
844
566
769
691
973
365
950
461
585
394
603
720
792
765
889
771
756
738
676
127
50
793
764
839
435
922
844
608
132
783
500
380
308
919
797
624
268
872
291
907
92
647
474
746
780
29
547
211
572
168
541
81
815
352
296
335
3
172
803
394
512
276
201
500
658
92
525
238
450
587
939
993
27
245
496
205
933
551
656
228
872
716
939
512
10
314
542
666
409
422
409
686
91
808
205
264
11
590
833
874
620
61
951
316
50
856
262
915
518
238
610
616
516
661
480
627
193
926
680
479
422
483
883
271
166
144
923
622
764
998
734
342
55
503
421
46
572
963
89
158
654
452
839
213
169
306
646
842
301
352
453
730
828
453
846
671
412
178
63
833
530
865
972
662
354
509
211
722
749
281
965
903
308
148
598
698
657
242
379
43
121
888
902
480
154
455
382
86
148
723
902
993
934
27
953
590
758
66
541
661
484
339
804
847
93
732
179
854
877
816
552
60
821
215
366
366
151
634
240
187
14
719
275
570
819
876
222
558
93
84
399
816
902
634
452
161
736
940
966
302
411
666
969
460
680
938
277
126
844
156
365
118
31
23
584
74
40
294
579
470
96
596
604
448
133
3
425
698
78
224
845
973
858
450
570
750
96
313
574
809
473
214
634
228
864
151
998
388
671
186
694
702
825
291
5
924
532
256
431
40
814
163
62
165
295
851
553
907
848
198
20
568
767
20
57
73
25
214
514
700
326
13
434
836
509
779
284
918
991
748
847
717
13
459
105
755
815
45
720
853
558
162
682
130
725
813
112
417
146
37
696
303
572
726
864
662
436
530
887
475
89
859
242
991
864
0
80
925
990
289
335
245
704
635
184
591
568
114
730
759
705
306
138
65
459
563
446
174
66
200
91
948
424
995
856
67
933
536
866
228
875
807
121
949
938
703
454
828
263
945
718
10
91
362
999
961
49
789
842
842
916
305
3
794
598
49
856
360
635
0
635
791
274
369
412
770
228
842
982
614
260
608
342
85
13
203
0
269
151
424
643
74
676
281
230
782
435
4
608
17
768
454
394
580
739
41
794
985
928
449
288
504
284
964
801
103
355
953
164
377
58
41
106
281
886
486
211
310
506
538
878
866
242
346
917
399
301
377
988
79
766
311
464
156
751
834
959
127
790
918
546
509
808
444
951
287
937
873
212
562
128
940
893
468
819
312
331
365
6
219
650
273
794
342
421
598
617
386
875
954
432
266
291
199
186
515
31
650
598
578
1
350
366
933
279
592
905
586
275
224
116
700
631
466
501
375
846
902
54
225
276
323
979
352
319
617
934
368
929
402
757
396
709
533
504
323
864
214
489
110
476
507
172
178
445
26
697
898
514
977
985
565
554
184
979
391
375
708
595
668
359
516
411
982
231
605
99
677
401
254
473
166
167
374
135
831
807
795
308
525
708
103
77
850
828
218
890
783
502
790
403
309
502
906
206
172
763
838
666
316
46
629
342
214
203
297
305
593
829
821
903
791
803
873
217
280
352
788
755
51
307
19
870
3
936
754
107
198
859
873
992
115
949
937
697
372
679
587
403
422
86
93
901
356
471
711
568
877
576
252
997
113
167
125
989
484
700
653
459
416
46
455
615
709
126
509
781
885
47
658
901
300
555
339
836
801
685
622
510
887
147
388
887
807
288
679
703
980
502
933
515
101
743
375
759
752
793
620
425
651
529
499
807
495
671
491
359
96
716
714
701
374
849
234
608
356
967
822
32
4
978
865
849
920
601
527
191
395
95
753
104
960
175
409
557
770
273
424
498
605
662
196
221
899
925
979
398
379
740
804
417
363
167
457
416
193
372
644
424
134
375
124
143
285
806
320
392
439
394
485
397
607
656
59
222
40
549
339
934
149
975
711
573
616
100
660
284
899
836
298
924
166
641
895
982
701
331
209
241
310
0
757
50
981
130
930
545
670
828
182
682
859
863
939
701
348
677
631
902
875
339
903
170
504
566
430
703
459
963
423
575
9
459
735
361
585
344
4
42
678
269
640
548
298
370
254
483
166
258
261
834
409
526
912
389
918
285
569
711
209
945
615
816
125
125
917
288
606
591
322
46
716
840
992
496
439
285
467
614
967
873
122
758
650
869
946
552
202
335
621
585
251
86
545
135
595
964
739
964
155
728
230
171
721
175
47
395
913
700
20
5
402
745
522
201
401
610
876
851
439
184
573
960
748
23
548
982
317
663
113
106
996
176
445
716
655
106
30
232
739
266
668
846
413
764
972
73
389
83
468
488
204
760
149
643
312
897
59
755
216
580
891
550
281
390
257
520
237
864
900
313
799
673
737
543
435
486
929
662
196
128
538
414
625
126
278
28
418
205
564
603
297
265
396
772
88
388
797
379
474
875
292
385
686
168
924
985
454
194
583
369
596
943
531
796
588
811
362
624
458
481
176
950
528
672
688
99
88
15
503
99
661
233
844
247
595
305
970
72
216
41
70
182
746
491
938
78
266
268
746
583
953
555
586
910
430
949
240
710
401
888
449
234
320
760
399
611
636
723
250
454
18
642
260
0
671
303
90
396
328
358
978
380
605
293
795
135
285
912
526
426
274
183
754
554
58
880
481
772
312
305
183
262
388
807
699
304
105
472
423
686
258
132
611
660
246
181
170
235
393
837
960
186
609
911
637
108
444
274
345
670
781
556
293
844
669
747
672
221
117
390
209
840
33
843
343
128
833
685
126
93
612
399
165
775
699
845
161
426
600
233
458
95
855
484
944
825
432
605
404
464
226
11
768
499
391
404
141
927
769
621
975
811
288
474
501
96
491
590
961
992
200
34
490
953
475
663
334
578
804
720
858
653
72
326
315
313
884
135
912
251
56
110
542
502
794
335
2
962
590
315
511
830
883
358
849
527
499
757
979
429
931
97
937
997
427
886
849
889
824
78
502
946
884
40
554
235
789
984
177
236
724
957
389
182
838
551
353
218
912
671
756
715
985
938
487
550
774
806
734
104
16
943
765
702
828
657
781
882
956
554
269
963
544
279
220
41
811
686
827
276
884
934
855
51
894
844
621
545
663
766
911
59
819
840
226
121
591
711
97
738
999
382
465
502
87
613
260
407
506
706
31
595
445
310
571
475
140
877
599
533
357
215
895
131
876
605
886
861
327
780
215
644
381
994
891
125
51
584
810
235
451
281
467
918
549
193
36
831
434
503
945
444
250
695
832
912
62
211
949
753
520
6
158
919
857
320
411
423
257
854
806
493
191
482
45
370
269
209
694
916
38
648
862
591
857
515
386
478
806
92
357
948
104
830
54
838
933
752
98
162
446
912
963
894
503
840
680
660
870
82
354
538
504
637
290
132
614
80
120
917
554
349
467
507
140
726
132
479
936
816
228
162
12
282
364
901
510
22
491
406
738
97
138
727
874
728
580
610
613
563
639
799
516
11
632
77
607
262
199
876
157
766
286
154
217
581
934
191
34
425
539
76
387
310
6
784
745
904
350
414
337
964
654
441
716
41
150
684
345
774
103
810
705
255
229
984
501
930
168
723
715
577
623
727
779
603
287
967
942
756
158
315
924
583
449
646
879
333
56
469
118
162
595
278
180
134
484
79
962
540
406
139
214
469
484
848
4
422
89
73
372
598
508
462
637
18
677
223
75
710
62
687
340
892
731
84
473
921
890
48
295
663
821
156
688
760
67
990
12
984
156
856
171
945
635
857
395
432
37
469
340
398
349
238
821
251
143
722
759
796
289
284
643
371
163
648
845
36
58
77
468
332
803
546
499
176
721
612
38
285
332
896
525
347
838
344
20
775
568
695
974
668
995
622
542
512
24
28
415
83
816
422
631
74
656
922
331
404
681
223
797
336
202
292
242
176
858
870
528
350
52
991
545
847
996
481
385
758
95
462
154
87
703
445
947
116
712
974
872
402
108
35
24
172
128
931
122
639
744
794
117
166
275
342
249
309
18
131
20
345
646
64
45
164
492
683
989
399
538
649
614
878
598
772
998
150
901
299
825
745
770
212
423
443
961
498
561
226
732
751
152
546
251
228
417
156
961
789
717
690
545
700
72
467
156
273
649
456
413
430
761
374
947
336
999
969
672
891
506
702
540
841
407
929
389
93
563
514
89
796
13
320
714
831
51
739
792
757
768
101
929
307
901
604
697
752
789
353
342
762
664
769
260
808
538
891
48
752
330
941
538
318
152
127
133
495
111
663
454
292
599
340
225
662
968
443
712
902
661
717
682
304
844
127
976
912
482
393
856
309
323
12
967
621
60
569
199
158
838
200
300
63
243
781
981
237
710
93
357
604
73
534
302
461
406
674
711
261
36
903
8
147
699
767
978
78
58
343
677
766
838
918
489
634
459
334
178
994
901
899
206
527
205
314
595
183
204
972
434
609
656
242
280
71
105
908
645
449
588
771
376
217
741
638
324
681
926
944
380
376
331
657
570
986
827
602
582
379
911
778
847
560
978
2
548
693
484
804
720
808
545
413
5
221
730
524
113
999
182
113
516
633
85
367
698
879
895
768
598
494
425
517
595
360
237
871
999
575
529
816
219
141
685
658
789
436
953
262
371
231
688
916
823
173
3
427
314
14
228
747
817
930
198
546
797
314
855
35
187
31
490
645
574
550
683
988
318
532
638
674
551
929
558
719
380
211
949
902
349
257
831
244
985
97
179
886
38
164
374
780
980
384
844
984
948
987
809
387
290
399
772
980
111
967
297
188
104
917
806
847
676
909
830
56
216
895
394
283
588
973
261
686
609
440
885
455
714
515
316
406
711
674
836
129
185
862
803
822
15
467
484
924
165
593
10
14
940
962
836
359
711
448
108
368
89
487
403
821
453
848
50
157
690
268
598
737
112
510
890
619
446
791
446
520
369
49
812
514
153
689
783
457
351
146
162
6
69
828
737
300
214
542
515
318
383
50
643
83
707
130
236
936
565
32
382
691
310
658
800
983
491
949
804
588
188
476
589
871
33
714
723
45
728
11
867
863
106
632
255
910
516
585
705
430
381
349
534
155
481
389
724
677
366
95
488
901
847
18
682
739
515
678
746
876
986
310
654
64
429
904
803
93
501
380
547
262
7
115
168
359
316
119
196
152
826
760
185
60
419
676
388
951
412
260
686
538
396
607
82
232
819
444
145
239
624
608
142
216
131
246
43
886
725
310
749
529
226
793
796
816
206
464
783
407
201
427
712
245
101
923
9
295
786
108
430
85
789
209
53
578
750
612
472
983
820
805
302
694
764
524
185
428
981
45
389
842
194
953
279
76
186
393
420
158
209
499
564
571
106
36
706
465
228
564
52
889
186
30
435
894
208
33
566
36
191
933
326
490
546
825
336
841
737
795
220
85
546
435
4
825
159
526
708
292
772
731
349
716
617
589
114
141
699
677
377
973
554
750
900
944
983
518
385
10
987
760
705
107
824
750
440
647
1
759
531
36
896
223
272
769
846
666
229
753
684
762
348
500
197
768
274
302
335
780
420
727
700
30
827
349
911
758
640
766
365
666
565
710
216
369
960
818
343
565
263
605
452
346
965
79
984
580
66
756
744
48
990
589
53
733
660
705
778
521
71
842
981
27
857
888
929
511
574
764
787
436
416
667
128
496
1
306
720
685
487
530
720
37
399
864
431
574
468
162
709
584
815
202
258
536
843
975
327
1000
564
974
531
606
483
148
681
763
520
768
214
434
934
677
346
475
977
219
217
173
109
212
353
502
385
369
80
465
349
142
20
877
403
212
461
721
178
617
913
915
812
656
420
29
192
754
752
774
338
786
739
999
156
440
671
786
379
796
798
206
595
392
982
724
321
707
345
541
137
409
205
996
249
156
560
578
177
941
229
891
596
622
265
370
776
728
197
752
415
603
972
58
982
760
497
608
102
86
218
474
594
691
41
535
168
118
530
513
722
923
584
735
674
189
800
249
59
257
98
136
342
105
367
379
774
372
954
810
22
910
790
509
962
661
949
541
723
795
967
172
313
211
257
757
731
676
555
451
485
509
323
959
826
285
957
431
891
862
51
625
912
461
774
812
50
344
90
772
826
897
710
483
832
354
1000
94
472
404
686
165
452
528
453
245
288
56
922
596
435
954
592
95
828
899
28
338
586
804
202
732
412
67
278
12
281
