980
691
561
105
325
647
237
438
357
317
843
439
956
88
420
693
488
104
49
741
490
708
919
764
752
95
764
635
897
490
675
54
776
376
149
931
312
10
548
210
343
232
652
46
290
150
449
115
82
608
166
642
675
292
268
511
412
118
594
948
553
954
661
229
625
430
725
58
260
696
426
938
220
579
246
569
309
679
5
352
961
406
540
187
843
753
987
960
720
395
404
886
486
726
316
827
867
284
301
166
447
111
40
297
559
27
940
602
613
106
917
46
376
189
29
404
106
996
273
111
527
547
45
820
234
371
922
448
667
146
639
891
288
664
677
675
497
621
116
292
944
337
653
231
618
216
31
336
714
134
498
152
990
505
848
145
534
132
140
87
965
67
715
423
660
437
735
794
733
708
850
76
501
11
538
126
801
854
163
56
374
754
825
396
85
304
420
810
520
990
217
130
790
463
315
506
105
990
464
557
265
274
223
883
153
447
536
281
605
777
524
185
729
648
118
74
832
819
324
252
793
391
780
617
940
62
381
112
833
348
494
260
390
819
70
664
697
169
198
226
477
29
488
839
83
550
38
812
806
763
132
202
613
466
363
241
308
696
398
236
512
483
833
591
703
739
441
660
863
702
723
823
962
967
651
157
941
931
149
356
885
422
167
410
177
78
293
90
821
504
598
691
478
100
340
155
628
741
662
397
46
248
154
115
631
779
86
830
204
202
134
378
775
660
230
386
346
300
71
640
438
997
695
516
468
585
256
685
357
373
277
632
368
219
653
541
361
28
884
42
240
250
258
467
685
973
873
927
441
407
314
287
212
728
355
41
945
54
667
833
176
491
843
204
556
23
760
929
854
58
613
3
78
428
962
72
447
369
127
853
922
886
220
555
495
886
53
148
773
837
43
376
405
850
869
914
328
751
866
22
845
107
592
473
681
34
743
300
134
761
774
7
971
690
371
885
407
703
217
946
11
465
233
485
928
982
406
117
69
694
5
169
369
194
620
704
677
574
270
913
175
365
341
521
173
720
991
580
163
781
18
832
122
681
404
778
925
261
459
720
567
621
63
690
556
445
511
237
154
288
272
326
504
975
838
753
47
873
626
395
275
296
643
491
293
959
164
468
878
696
308
595
67
769
41
974
302
86
293
904
604
358
647
83
413
753
286
882
304
462
730
945
289
733
496
368
582
189
177
691
829
72
187
164
747
581
52
861
66
185
9
761
448
175
145
910
697
170
927
840
57
535
608
762
316
946
727
929
773
261
751
974
122
813
606
139
186
446
592
845
610
589
183
683
568
600
102
661
247
538
10
588
146
611
680
508
293
629
234
192
582
273
42
759
665
115
558
991
160
221
268
18
519
307
824
304
718
964
765
314
985
5
271
105
18
887
215
499
928
784
664
407
861
263
854
356
924
81
254
946
641
501
808
655
416
130
212
15
908
543
961
298
397
827
928
661
639
295
392
970
20
519
143
637
186
741
838
990
139
588
182
48
1000
292
519
687
220
217
588
26
17
819
430
640
269
300
206
17
582
977
976
281
876
514
283
176
539
690
762
544
644
149
311
309
540
338
149
171
680
772
933
509
860
744
233
811
951
93
820
225
881
542
110
452
891
556
234
871
92
33
508
555
801
322
95
818
26
118
504
85
577
896
507
454
708
742
74
884
822
713
962
886
500
280
53
154
763
739
573
325
688
432
338
156
276
32
733
159
891
791
767
796
258
206
527
610
764
446
507
379
360
976
837
565
71
216
178
185
751
526
416
696
362
959
628
197
562
780
171
677
964
452
500
531
632
220
482
11
371
164
467
414
546
800
135
649
158
848
711
264
884
425
834
899
555
216
605
387
185
641
576
264
274
733
384
500
641
761
550
925
593
472
266
554
715
947
291
806
783
611
46
764
284
580
702
76
164
957
406
89
500
794
652
840
309
146
475
978
57
965
717
695
634
354
805
226
711
483
959
674
840
153
375
920
106
176
55
986
21
932
220
325
630
727
796
817
961
469
152
687
421
863
921
428
421
535
626
515
734
113
67
704
215
325
59
150
72
770
735
816
356
572
151
504
792
562
412
421
520
423
969
479
365
5
111
457
549
209
122
423
486
318
765
636
195
982
47
267
197
962
535
838
334
306
414
693
973
201
185
113
532
934
61
859
823
573
456
934
750
986
69
814
502
480
212
175
468
651
932
471
800
984
792
347
841
508
338
83
986
917
487
902
888
401
683
723
759
323
871
30
744
1000
88
1
613
494
50
108
713
72
153
352
23
380
264
602
373
228
105
51
945
816
701
819
730
164
467
887
703
851
813
946
654
539
183
896
476
889
140
979
744
719
272
423
47
534
517
473
681
45
276
835
259
319
486
657
340
37
159
558
13
325
896
369
535
889
737
327
522
34
884
825
307
475
959
585
615
403
806
529
651
690
526
122
171
216
929
229
930
568
623
805
551
756
541
278
371
279
982
781
742
344
635
236
346
760
530
131
766
311
924
893
838
625
174
931
690
603
652
905
906
717
835
143
538
991
655
204
814
144
264
398
221
865
25
828
732
401
623
9
840
631
885
709
518
50
596
731
650
683
29
275
608
181
415
482
696
717
92
170
976
658
49
181
284
953
374
971
6
700
50
824
5
99
920
409
375
317
341
379
189
230
651
756
775
395
43
592
373
196
253
489
369
668
177
581
613
68
543
588
638
428
678
38
464
768
64
920
753
303
810
864
743
598
591
252
610
940
569
160
891
59
755
966
704
24
871
646
659
719
611
833
294
35
547
832
981
52
782
721
460
565
251
87
571
504
462
694
242
927
694
61
192
982
958
957
356
255
671
608
968
776
669
676
307
238
19
715
885
945
71
782
705
336
295
346
708
241
304
560
207
881
234
502
728
477
711
107
896
359
296
91
852
218
289
581
411
898
366
647
273
483
890
630
422
381
214
327
12
415
224
829
233
63
857
136
37
430
606
558
298
542
46
109
453
334
265
298
596
408
178
184
337
602
468
546
152
141
339
372
645
997
490
25
981
676
135
482
433
31
250
470
259
481
75
332
949
722
928
603
457
311
220
600
301
281
520
836
692
0
439
477
326
532
177
908
41
393
968
505
316
315
465
292
616
796
442
820
76
875
298
26
788
886
314
759
219
340
980
829
709
78
70
295
813
142
576
47
673
97
158
767
862
415
557
498
663
106
57
286
139
335
940
920
103
143
455
448
913
967
318
141
333
702
234
339
689
52
727
512
328
139
834
751
70
779
372
582
97
446
685
102
740
482
367
331
796
513
959
582
297
658
699
883
624
140
513
308
574
61
149
923
393
80
293
329
240
954
448
799
814
585
728
766
41
533
107
656
449
156
785
523
792
486
560
981
307
662
339
291
914
72
113
655
918
686
893
561
972
801
330
955
370
497
179
958
243
813
436
519
846
707
743
965
438
628
558
590
777
214
527
767
925
299
634
845
148
663
160
835
160
812
579
83
51
367
673
955
844
688
110
96
697
7
553
51
518
96
626
420
149
217
534
870
914
792
476
917
735
723
212
991
798
524
707
302
751
848
224
485
697
424
370
59
116
576
726
788
407
482
914
937
415
295
403
126
225
707
619
582
520
516
278
258
377
579
768
959
349
802
904
402
898
803
467
630
680
196
210
629
778
214
55
895
555
279
292
718
766
40
56
309
544
901
703
257
486
192
239
418
130
296
222
949
899
974
400
525
362
801
541
625
337
559
962
807
420
740
267
214
738
95
529
591
513
677
740
264
481
684
669
870
310
605
8
288
658
455
856
748
600
852
632
748
887
625
495
472
853
922
452
844
382
17
995
680
801
911
698
680
548
948
294
461
298
476
738
447
489
546
593
856
967
960
982
624
259
91
796
449
303
541
879
488
560
318
688
376
975
816
61
827
699
452
364
424
907
862
735
164
477
914
58
369
26
736
1000
4
323
481
956
321
210
53
429
419
841
819
796
244
535
872
635
681
187
34
610
956
409
922
439
245
2
535
446
890
214
999
680
562
776
417
345
219
415
589
630
300
685
182
784
131
646
971
602
611
622
577
510
332
478
287
670
947
543
20
962
249
427
243
926
360
875
834
81
38
955
750
327
451
54
909
599
645
672
271
55
110
915
331
554
62
986
532
360
179
343
762
557
831
225
232
695
117
917
504
234
898
533
875
543
846
6
72
141
416
903
77
879
592
741
856
923
202
733
966
560
980
210
781
139
777
369
137
858
678
756
569
150
529
784
451
355
848
100
588
382
98
34
697
396
389
138
81
599
307
451
840
433
510
516
148
892
251
283
870
395
68
550
217
658
100
273
494
482
213
990
738
715
367
957
644
249
433
912
245
522
744
539
878
258
649
195
35
479
708
321
547
406
447
282
4
806
861
231
699
557
617
626
585
547
452
755
902
727
839
429
427
376
849
326
746
429
605
689
721
314
357
772
491
839
92
707
529
180
816
617
231
0
125
261
90
297
810
182
870
966
375
358
807
861
300
604
844
983
771
56
53
26
697
117
234
284
735
403
25
324
731
524
936
142
931
709
731
602
451
657
210
485
675
931
878
624
478
33
516
543
196
132
196
525
984
976
42
923
232
253
773
525
926
976
919
694
143
82
881
845
408
57
528
651
289
941
234
859
580
267
579
113
791
43
413
197
763
693
594
574
299
436
418
85
209
194
969
951
796
792
225
420
208
665
637
476
689
950
46
710
826
95
317
812
650
485
337
652
72
14
836
912
370
958
920
787
416
332
76
853
252
549
286
679
195
957
555
558
206
616
588
334
192
502
697
871
258
713
382
772
768
884
124
988
735
594
336
632
198
205
974
190
856
157
163
244
470
74
773
874
95
629
442
371
682
668
417
902
228
283
595
396
460
908
819
969
79
950
570
896
435
565
330
603
279
923
56
490
363
358
723
44
1000
508
561
942
847
176
384
369
91
314
803
902
259
891
219
135
5
929
93
341
295
356
23
906
383
247
479
477
554
812
574
11
216
539
942
710
470
540
714
113
769
429
996
621
87
303
834
887
507
732
958
475
970
188
405
969
682
566
574
336
946
371
702
363
171
576
214
763
886
468
991
828
103
138
679
633
362
813
641
732
970
389
314
757
671
341
30
571
550
610
268
625
735
904
689
799
473
560
54
729
452
866
742
848
533
193
727
293
526
221
562
298
433
700
419
190
902
552
928
77
283
207
119
173
872
473
59
399
858
942
506
454
285
511
231
362
211
436
118
646
834
588
520
592
592
557
311
994
391
226
66
496
98
688
996
297
861
808
811
568
716
261
659
796
788
170
400
671
887
479
610
10
509
311
583
733
533
621
660
399
217
434
153
688
72
741
339
58
436
39
673
880
828
830
233
832
122
13
190
457
229
764
594
191
326
785
617
959
997
117
975
856
892
442
572
890
937
293
962
0
148
287
321
494
365
51
999
383
2
875
221
250
298
293
37
739
82
327
106
618
851
363
810
562
536
183
442
456
609
631
248
682
305
811
373
953
687
834
88
550
637
49
849
962
340
370
479
951
862
134
63
913
147
916
353
460
237
52
91
590
602
338
159
139
975
534
179
381
7
707
215
122
520
500
106
619
929
67
565
607
978
654
446
953
799
425
838
242
637
579
51
877
615
34
494
631
775
369
301
79
468
442
397
429
171
120
26
361
827
549
513
970
562
206
150
432
638
371
600
347
865
754
63
277
737
636
155
690
820
104
504
932
329
166
289
752
867
469
322
446
981
543
381
315
239
573
548
163
154
471
817
166
874
235
340
606
181
153
356
332
509
986
760
675
778
512
854
651
172
566
439
507
402
548
65
399
450
202
479
334
698
66
236
897
575
611
33
791
348
630
149
55
532
662
515
687
651
940
628
639
673
304
33
295
820
153
39
462
601
473
727
515
331
0
979
426
232
400
300
139
499
143
954
371
70
241
420
463
649
3
518
505
245
830
435
145
351
454
613
19
914
693
75
861
451
949
208
651
333
54
707
74
344
600
235
744
858
499
333
348
658
232
475
256
994
161
243
304
975
638
200
278
370
369
456
170
373
883
927
953
125
955
821
132
189
470
565
912
387
142
319
65
954
775
819
175
102
44
732
865
854
457
526
247
974
408
68
92
331
336
507
989
410
413
625
702
998
256
350
362
909
807
915
456
201
553
443
235
988
94
381
302
279
431
418
362
16
914
52
392
690
145
629
103
10
410
630
79
916
761
838
538
226
799
127
737
194
49
81
950
351
388
411
412
461
910
279
864
19
653
488
479
729
443
815
186
772
854
230
883
215
879
852
419
901
615
378
713
439
576
306
314
182
463
716
428
734
274
617
946
849
594
194
610
592
659
688
75
299
117
351
638
295
275
52
206
782
423
618
833
772
950
264
278
700
995
191
640
354
265
245
549
71
895
196
894
341
319
182
889
484
971
330
191
4
178
675
317
211
849
210
924
954
343
678
596
205
852
146
245
704
598
350
361
70
590
726
85
961
452
71
696
713
854
241
301
788
112
325
711
85
655
992
136
661
701
900
447
493
572
155
29
347
611
162
819
253
702
222
787
293
916
232
108
453
665
100
572
273
434
917
299
322
66
266
262
699
527
331
817
379
887
205
421
450
410
543
104
784
655
594
717
104
129
116
690
400
235
660
726
217
266
202
5
332
973
20
740
526
629
209
643
705
459
20
434
358
666
402
354
851
541
695
239
548
813
279
17
273
530
614
598
29
827
775
238
80
194
502
62
994
904
614
876
332
619
529
992
811
613
750
245
665
911
111
299
170
719
321
886
345
508
865
406
41
364
66
149
288
220
375
898
606
490
990
418
413
628
133
336
936
518
439
672
724
982
376
227
702
695
211
365
116
999
783
479
445
695
81
641
231
262
301
497
525
147
565
979
857
942
914
887
783
742
895
543
549
904
490
729
468
355
758
480
168
554
949
999
616
402
931
360
147
405
358
230
36
140
935
691
859
683
683
852
526
885
381
452
422
491
396
98
246
143
79
796
48
868
679
790
792
426
298
911
623
460
622
107
613
298
533
494
109
642
995
879
997
170
266
66
643
755
41
536
408
803
661
830
120
621
701
263
131
742
444
168
207
373
376
992
587
276
369
280
118
332
546
200
679
590
230
476
69
637
783
565
512
108
34
849
505
100
478
474
183
358
994
24
1
81
582
860
210
29
291
423
619
140
304
428
185
700
54
46
784
747
714
616
505
931
366
866
347
587
949
326
680
378
886
57
867
129
466
803
862
282
722
841
903
915
911
762
312
353
95
893
422
888
400
973
992
906
128
906
551
760
254
370
687
672
630
122
214
788
668
294
371
853
452
135
279
697
8
41
981
968
550
347
645
266
349
765
701
502
372
947
572
967
214
211
719
674
373
556
952
256
298
919
896
120
318
925
83
932
388
225
239
259
451
752
134
548
275
770
281
484
249
978
623
13
917
158
415
647
304
710
6
403
204
113
312
972
525
101
144
730
108
649
850
509
674
668
330
330
629
614
773
652
486
1
677
109
859
311
336
889
716
885
597
761
175
695
825
647
853
983
843
193
167
236
642
29
932
200
961
347
803
303
608
161
180
238
522
189
540
678
169
995
213
661
226
323
207
859
824
160
653
690
846
29
771
552
423
964
248
138
779
324
132
959
134
409
472
390
177
793
137
119
256
121
768
100
629
751
769
385
621
87
119
565
315
938
596
279
69
485
13
287
557
857
216
815
832
886
341
436
949
719
299
137
328
994
926
748
620
371
267
966
388
566
815
902
438
752
528
418
434
600
931
460
828
266
69
959
565
377
136
572
428
633
146
292
38
631
72
158
713
706
851
877
952
297
343
64
684
503
391
674
705
611
803
690
677
277
174
120
651
974
516
479
968
666
268
846
164
354
168
843
770
944
605
506
795
20
152
106
551
418
13
545
249
588
276
494
682
808
489
616
3
587
242
111
678
877
670
589
405
780
12
852
144
735
356
892
54
503
55
827
556
126
900
435
95
963
303
664
710
443
174
935
191
639
122
379
751
992
357
748
585
357
509
454
951
865
339
918
260
139
175
775
976
451
26
337
130
197
208
208
650
966
602
621
702
906
598
468
76
669
540
401
447
564
869
401
588
580
58
318
65
827
212
508
640
883
575
149
425
791
623
886
678
557
612
866
414
934
682
45
364
231
639
948
862
446
409
455
746
794
693
739
575
759
497
540
136
108
201
358
178
67
18
200
465
125
251
975
865
98
965
999
344
728
277
224
620
610
22
599
341
616
158
409
754
962
141
395
810
745
766
563
243
652
235
139
969
452
247
364
447
72
611
226
507
345
289
389
638
432
702
88
637
292
784
674
221
757
626
874
294
75
335
10
127
468
158
436
170
305
855
837
742
563
151
637
365
464
242
714
15
383
754
665
332
792
163
522
990
31
270
202
245
316
922
529
995
265
512
839
339
330
212
776
986
106
695
93
718
132
116
116
451
230
585
21
736
18
569
527
989
704
704
145
343
877
800
594
871
567
654
44
236
892
990
474
274
801
657
738
389
859
425
629
827
40
445
392
858
10
8
909
541
525
660
953
554
569
658
530
701
984
457
766
176
761
533
76
892
514
822
661
960
289
827
869
679
916
154
966
788
267
167
736
93
9
711
355
604
666
390
41
614
635
428
460
498
166
132
577
242
944
816
234
299
795
452
97
406
47
111
472
582
220
732
457
14
770
269
831
712
843
159
418
337
996
914
335
768
210
75
349
391
83
572
308
34
881
433
956
593
402
345
592
641
230
801
371
591
449
54
607
442
969
273
122
251
310
302
77
633
250
330
145
56
492
864
483
81
517
579
407
213
32
931
756
67
61
740
891
443
255
893
390
60
846
778
940
659
653
619
595
236
514
601
306
81
26
303
575
377
337
170
321
366
501
517
875
777
936
589
340
169
696
714
637
913
205
187
769
517
129
934
333
742
426
796
77
761
844
872
680
619
907
165
420
72
725
122
404
712
745
598
361
964
840
490
815
310
446
226
683
643
675
947
694
603
608
503
293
455
662
595
843
55
723
53
804
742
657
604
219
307
575
753
713
677
791
566
79
910
162
825
546
776
995
142
88
30
345
842
431
503
500
338
653
163
477
469
425
441
281
128
740
814
912
715
326
814
482
858
392
68
351
856
130
308
885
371
414
257
591
812
288
105
939
70
652
238
1000
786
348
892
150
702
867
978
440
146
191
271
143
385
670
961
733
926
325
761
176
587
311
806
760
414
574
591
858
600
128
332
578
584
284
675
904
435
718
567
775
390
939
130
569
952
573
782
165
116
398
837
0
527
170
219
666
124
108
733
436
45
382
522
700
913
529
823
690
746
691
637
194
257
582
803
322
520
247
487
704
919
202
102
313
559
864
537
55
357
565
435
152
627
934
376
988
31
22
229
483
688
397
1
442
767
452
415
796
99
379
55
332
92
971
307
109
626
10
613
136
735
996
726
576
406
311
547
787
138
290
443
557
95
463
764
395
673
791
957
208
8
77
17
231
71
314
799
942
510
712
797
516
351
302
818
46
19
529
179
319
171
30
932
14
168
732
784
658
410
957
70
285
464
260
867
985
765
698
373
931
303
83
459
734
507
766
48
468
204
82
175
58
7
735
25
461
950
58
473
970
882
154
54
843
463
530
180
368
285
962
952
964
466
455
525
525
975
49
412
777
747
478
727
87
997
803
239
596
524
516
474
796
729
237
599
261
371
504
293
565
218
63
848
287
33
436
412
27
733
663
294
267
328
708
311
948
960
278
212
683
875
718
244
474
2
110
783
426
128
811
297
742
91
74
293
650
616
323
825
102
438
233
735
4
676
507
902
642
395
261
240
488
768
968
737
68
758
384
872
316
515
560
308
943
168
183
913
897
189
218
227
485
12
502
693
85
90
361
21
45
538
760
275
401
335
845
191
307
255
462
727
207
147
818
996
404
390
690
719
905
513
915
635
633
792
854
726
701
244
708
690
760
830
900
659
316
284
146
870
586
434
654
393
940
219
452
256
561
699
12
117
112
244
478
293
409
374
261
839
340
381
526
741
521
183
653
122
692
161
682
57
26
231
384
307
388
764
22
68
511
449
475
697
997
818
195
528
135
509
338
164
528
320
276
239
793
454
109
319
813
352
742
800
621
529
930
562
990
650
629
111
23
261
194
644
124
570
364
631
533
947
286
225
615
985
375
802
703
969
737
26
735
81
101
428
558
681
946
110
480
855
59
409
587
433
463
859
831
349
764
710
523
641
215
198
988
872
41
537
782
261
650
679
340
619
813
561
488
981
202
619
425
397
378
216
567
470
685
307
282
641
924
630
426
757
290
181
593
319
921
108
756
806
751
365
75
397
877
312
461
458
584
87
422
930
399
810
787
611
853
672
678
767
116
15
21
663
117
134
211
501
462
200
813
344
648
564
156
99
577
82
459
824
357
700
368
152
886
17
266
40
600
23
42
93
571
780
288
936
620
201
121
168
71
257
10
767
269
675
893
573
882
294
396
521
370
294
725
867
145
428
163
882
413
296
439
624
321
387
810
622
839
386
965
912
633
745
398
963
393
960
626
442
830
659
115
465
118
571
780
714
702
386
94
527
421
343
491
668
89
266
691
979
723
880
884
687
575
418
162
27
972
864
998
439
621
382
657
251
211
681
591
174
829
790
608
42
341
937
387
110
874
661
907
731
542
732
380
233
13
790
684
2
11
693
478
396
260
957
462
208
372
370
780
38
13
32
920
440
1
711
348
941
628
313
364
282
945
444
196
659
341
394
10
397
431
940
835
724
971
161
169
608
177
569
532
465
24
792
909
465
142
221
424
251
108
778
166
302
225
849
960
909
433
319
651
192
262
221
605
138
721
536
611
458
108
335
330
187
108
34
184
335
88
413
699
181
498
840
613
873
529
491
273
502
646
148
251
314
122
545
685
729
701
641
758
710
971
645
222
513
998
487
222
946
14
886
821
500
255
839
138
547
583
515
834
801
86
483
181
157
538
368
738
155
373
61
39
783
212
867
552
590
169
633
493
192
4
631
1000
495
585
603
905
616
25
247
166
738
870
218
950
324
620
481
992
919
421
405
553
41
131
494
966
932
587
507
336
384
992
559
745
881
177
518
207
44
612
142
35
616
330
2
523
889
597
858
502
358
539
566
856
321
673
204
406
835
486
904
554
95
25
443
601
623
937
726
808
272
944
573
826
47
287
38
536
131
603
126
566
388
638
197
378
194
363
803
643
965
58
642
141
313
5
976
203
583
576
656
392
475
741
775
430
484
98
23
554
276
95
779
365
762
909
241
539
643
111
483
12
87
507
824
499
761
475
503
958
671
231
495
53
503
835
431
832
952
810
942
339
15
910
489
588
336
756
132
159
389
205
625
89
18
517
50
692
104
828
500
98
898
315
719
77
417
968
824
785
580
746
799
789
781
263
589
484
278
69
121
728
888
783
471
68
939
785
736
509
273
100
359
893
378
722
297
682
540
204
683
869
603
448
361
526
946
485
5
868
594
751
690
191
9
96
180
447
338
962
524
142
82
653
129
701
10
359
16
280
81
721
334
230
299
470
681
842
558
21
114
587
393
448
135
900
624
42
304
225
550
976
613
450
348
753
723
389
853
87
891
689
779
606
555
784
52
847
99
426
936
168
418
319
361
26
984
134
13
369
786
494
537
234
693
752
355
518
232
915
479
308
753
654
783
530
717
269
82
363
185
961
334
601
811
774
19
366
578
635
991
409
222
912
514
895
535
31
334
917
879
534
833
376
663
115
981
281
378
995
186
283
591
735
956
639
370
754
732
826
492
547
518
669
130
167
123
333
612
205
720
825
539
273
961
658
500
949
466
25
751
299
530
621
932
26
735
922
34
568
436
514
115
206
557
504
624
516
523
464
476
856
683
707
745
782
690
737
635
692
540
311
910
84
322
136
904
251
549
1000
664
616
907
285
65
620
747
594
268
508
975
894
175
26
339
138
682
682
10
475
728
81
975
268
113
819
876
336
433
551
750
743
243
67
761
479
43
458
728
52
750
998
108
501
779
898
744
77
398
956
163
952
461
252
219
409
481
2
80
948
735
938
157
931
677
451
452
914
713
118
554
317
416
661
865
385
910
372
218
860
128
145
552
257
9
540
725
890
317
963
457
706
45
885
270
928
260
533
539
423
291
132
542
204
0
213
759
659
419
494
232
674
759
302
360
435
632
470
884
186
319
328
41
96
625
326
323
6
946
438
359
320
18
231
424
645
894
931
142
915
975
765
256
555
774
568
141
337
549
239
560
420
570
495
241
86
18
805
758
764
810
60
887
667
892
75
933
684
878
653
3
757
739
619
968
451
373
382
20
235
536
708
826
826
284
483
830
124
270
115
487
436
849
388
932
274
461
254
213
748
389
991
846
745
160
625
250
627
351
484
701
946
654
933
692
19
121
815
96
409
236
928
366
378
451
912
350
432
37
292
675
378
254
645
538
714
448
610
195
523
424
912
250
501
459
903
645
202
339
312
229
412
4
633
458
793
924
481
632
917
685
378
142
963
957
617
322
981
96
742
101
638
963
532
786
947
59
271
168
955
646
155
726
31
949
765
559
530
171
449
312
512
761
630
438
539
898
943
953
347
890
442
736
375
727
243
54
279
791
889
633
501
610
765
924
971
731
311
675
286
813
527
292
488
640
630
330
462
77
219
81
359
104
5
76
993
870
247
319
39
807
7
201
651
189
652
997
150
774
667
489
876
797
931
50
860
726
831
526
525
679
138
409
313
39
717
304
859
197
568
8
721
21
869
920
595
793
894
431
975
518
949
683
226
788
705
374
127
705
938
734
314
542
366
1
248
547
469
75
725
173
268
858
89
632
56
102
374
162
333
347
593
963
411
884
911
783
191
685
535
494
267
607
589
367
192
500
427
238
143
985
455
386
236
648
871
69
410
3
935
750
646
171
169
65
506
922
822
492
561
711
76
93
594
738
694
38
203
856
385
747
23
631
31
873
131
58
62
843
171
84
284
609
68
909
84
133
613
367
25
486
755
759
492
996
890
456
353
97
492
388
611
463
324
759
282
2
704
549
881
691
246
278
601
709
605
664
466
438
47
465
911
463
540
500
740
185
791
298
405
415
772
992
872
67
192
378
683
331
739
477
820
642
739
725
648
676
621
385
189
803
786
933
244
835
984
655
790
997
601
7
69
108
997
399
416
527
970
709
558
804
320
981
61
10
947
771
570
263
985
591
876
808
740
223
909
343
452
574
93
460
555
534
150
359
478
183
976
566
662
380
612
284
96
301
64
869
40
705
626
408
125
378
631
588
279
203
430
181
609
653
116
691
349
300
96
801
563
492
28
933
946
288
664
765
542
521
34
312
446
82
189
908
570
209
307
505
177
4
184
404
211
394
541
767
79
668
471
926
630
309
800
399
955
6
117
626
372
823
659
462
462
869
12
481
346
122
239
475
872
171
135
250
521
136
61
111
774
738
952
413
416
461
1000
760
962
845
287
906
190
437
374
723
846
503
171
236
577
200
509
701
261
249
152
554
629
794
325
850
657
553
333
67
900
613
81
95
962
54
602
826
838
964
834
259
21
897
176
674
152
689
209
613
176
726
222
601
188
119
785
186
353
625
257
347
149
266
249
983
355
95
75
939
249
574
968
525
346
164
862
213
321
349
654
195
850
30
916
536
149
971
848
821
950
676
12
368
799
236
187
549
737
160
631
248
395
279
924
465
105
367
175
399
572
311
900
722
443
330
450
691
500
514
138
212
196
631
736
105
516
704
65
679
101
122
246
883
807
668
861
844
517
563
710
697
752
544
754
219
845
260
154
787
318
757
823
899
514
891
947
250
266
424
591
284
170
856
605
626
315
694
423
653
731
491
907
699
740
591
504
214
816
136
475
140
187
71
549
118
781
59
275
824
844
730
162
825
802
644
916
184
51
356
469
701
561
359
324
917
450
836
188
780
576
746
708
784
49
614
919
193
278
684
471
298
342
790
189
992
50
40
561
857
237
761
401
26
548
583
900
987
891
498
853
547
12
610
793
140
879
438
73
937
482
49
394
742
888
142
564
26
164
7
303
393
600
850
573
219
841
784
420
467
101
641
500
106
474
192
520
229
684
640
375
452
535
646
757
936
170
371
190
667
798
247
960
671
695
405
353
158
310
322
52
306
422
633
406
132
444
902
794
253
303
893
932
597
777
906
918
259
974
899
454
730
795
666
259
957
642
519
589
951
764
498
77
577
286
480
66
1000
868
880
164
602
136
503
68
521
210
262
611
10
321
516
225
734
936
377
42
171
593
917
878
254
669
819
894
803
365
965
255
693
357
475
502
731
353
85
917
395
774
562
896
880
593
59
385
542
664
966
532
893
530
103
298
752
694
264
10
104
689
506
431
896
189
511
851
808
953
564
769
148
334
387
471
210
940
734
297
719
621
696
270
355
467
484
942
149
906
754
585
787
322
95
598
110
102
485
310
131
495
764
720
996
218
528
154
739
337
319
543
174
112
360
973
916
718
976
116
646
568
946
829
14
892
770
974
596
501
632
889
386
576
22
350
179
361
508
140
591
64
167
244
782
376
635
677
853
689
396
407
521
141
704
391
404
58
728
526
636
457
658
712
179
620
577
192
961
953
1
477
76
697
737
214
232
110
197
65
572
292
609
88
285
221
571
245
166
578
687
969
801
236
682
752
978
818
974
54
361
320
213
323
367
371
60
68
448
887
933
668
132
796
843
976
735
394
352
740
699
972
730
500
153
37
354
363
699
458
68
495
689
986
758
220
291
527
7
849
163
1000
194
660
515
973
375
101
426
119
534
341
788
594
780
62
310
723
735
749
856
593
86
21
540
137
254
559
331
165
290
872
877
147
16
805
90
690
849
511
467
315
541
630
347
563
70
348
647
89
93
759
412
372
91
951
742
161
731
374
889
54
192
469
840
751
433
242
89
847
749
466
458
832
67
830
210
359
201
266
826
128
436
89
662
977
722
21
199
372
220
550
964
324
101
922
594
106
156
492
194
642
868
243
554
922
216
488
865
229
84
267
1
760
237
555
881
622
456
515
48
487
695
824
740
871
247
525
705
970
632
926
947
367
367
333
401
296
831
57
190
720
1000
754
148
44
388
348
936
883
344
664
714
685
598
838
55
420
902
56
760
24
251
28
810
820
188
506
936
599
958
579
191
206
272
614
468
767
512
512
354
571
278
980
377
544
318
823
876
466
706
305
368
361
138
930
637
623
438
483
379
876
587
1
794
96
329
273
714
640
237
469
52
122
254
456
301
369
242
123
557
596
405
278
900
57
834
346
936
966
736
530
714
366
445
330
842
892
440
584
663
518
72
756
130
213
840
832
184
337
906
463
905
432
54
994
274
532
140
371
870
333
600
597
678
242
200
478
778
334
975
468
852
979
56
25
551
876
180
800
73
351
374
212
54
157
283
954
172
727
805
480
200
511
65
915
564
872
257
741
493
787
351
270
839
263
644
45
932
912
523
597
239
979
126
529
594
257
825
142
295
453
515
733
667
583
327
191
687
760
698
731
739
382
88
615
469
19
22
227
72
953
954
674
511
455
112
277
970
779
251
821
369
720
430
834
339
462
98
889
589
871
605
973
188
288
813
870
613
352
853
303
110
927
606
231
471
945
754
376
815
802
711
938
142
465
448
867
474
93
725
947
897
101
474
839
639
293
722
358
161
299
207
649
892
797
509
216
992
811
680
388
888
235
452
983
385
559
877
235
452
723
127
52
728
12
803
820
73
161
589
209
501
563
425
758
862
355
738
58
439
346
724
258
601
22
302
665
893
538
291
254
841
686
799
379
225
364
27
517
338
14
26
240
834
778
787
234
649
690
471
199
732
509
194
248
759
936
394
441
746
400
412
823
803
827
339
372
818
316
59
916
195
9
486
14
122
509
515
65
274
192
933
32
545
189
73
532
558
779
763
511
521
278
493
749
950
80
655
167
429
487
752
111
800
129
788
374
819
254
570
822
883
76
244
231
844
944
612
132
375
185
955
563
610
768
199
161
490
414
24
444
535
165
427
52
227
128
267
114
461
440
851
721
541
65
838
948
349
54
473
452
719
559
418
28
635
127
669
833
349
362
32
96
898
569
144
333
149
587
894
303
550
690
731
91
234
502
454
819
808
674
790
8
217
394
644
822
770
80
243
917
779
755
371
501
244
845
378
394
686
120
741
968
402
500
791
380
281
234
203
757
516
684
696
904
690
956
962
135
946
220
4
887
221
988
39
313
385
810
601
530
349
437
925
407
94
620
79
147
714
410
35
365
1
627
741
150
76
601
72
114
117
599
973
125
505
17
406
140
623
474
227
941
511
15
403
404
460
672
857
804
689
533
943
520
343
717
678
876
239
458
455
651
529
733
113
866
115
307
414
867
548
781
882
414
995
160
503
225
622
740
320
669
491
613
819
848
377
95
527
792
904
216
487
648
181
273
390
454
194
207
581
328
507
337
922
116
482
947
593
884
990
837
143
382
588
485
334
191
493
102
721
990
239
395
856
229
628
801
712
620
479
40
528
905
139
948
383
66
313
543
414
139
465
643
733
229
575
22
267
406
576
742
163
943
282
546
293
792
384
95
927
203
685
227
186
929
838
818
38
188
747
415
543
235
240
506
173
610
701
188
496
94
529
479
966
235
722
785
695
688
317
866
620
162
595
746
856
742
549
880
602
730
166
63
340
425
793
231
21
303
872
452
212
811
814
387
975
570
903
997
737
546
253
488
319
304
974
613
145
906
716
936
260
317
612
553
326
182
360
30
40
409
118
639
709
653
115
59
980
498
559
690
196
212
573
533
553
79
912
406
770
260
63
780
669
221
780
774
803
727
937
835
730
936
391
344
854
671
203
695
713
480
817
611
693
279
681
238
998
791
691
267
14
860
81
340
693
33
491
125
439
290
70
187
266
8
32
728
618
191
547
219
905
31
988
865
420
88
739
37
860
856
714
108
7
509
541
480
874
518
487
624
217
322
802
884
298
600
38
246
285
759
226
958
230
844
243
61
408
728
460
502
494
68
570
197
716
21
507
786
755
497
162
530
220
19
254
858
946
64
798
921
240
664
755
699
307
193
675
903
530
503
789
191
256
605
446
307
678
902
268
450
819
701
778
930
106
590
986
707
535
605
352
70
444
682
730
367
751
734
236
124
759
997
485
68
444
964
978
305
540
723
197
656
288
710
38
3
639
726
163
758
336
336
872
845
959
128
770
345
593
971
594
27
381
744
65
495
828
549
395
355
520
485
632
256
796
749
513
905
888
71
657
737
617
425
709
159
688
478
724
686
128
320
12
209
520
821
545
827
116
616
646
391
410
461
726
500
975
362
162
677
294
342
415
299
325
951
79
495
580
276
521
900
64
516
145
96
137
258
15
289
24
801
271
441
639
144
655
101
668
742
392
867
344
411
883
35
616
105
383
161
952
756
56
371
848
939
97
886
302
98
801
567
940
589
205
564
412
304
561
439
658
455
210
583
157
961
525
465
378
197
144
500
960
429
306
473
128
553
98
335
125
336
510
279
460
580
95
917
40
192
195
556
199
922
539
499
896
622
97
301
443
119
280
418
67
22
209
716
765
498
238
32
352
772
778
710
181
285
655
890
674
12
275
224
18
413
697
852
829
41
112
398
381
938
626
854
376
277
789
807
822
969
57
864
37
161
259
71
851
268
312
236
566
513
804
350
48
843
918
648
61
347
369
332
172
40
674
577
763
416
294
381
100
332
960
220
75
4
370
512
478
4
93
741
280
921
73
37
900
238
563
721
277
413
427
83
327
460
776
655
477
143
530
746
79
14
793
379
935
286
341
637
16
83
473
753
219
418
605
53
448
745
386
468
260
864
867
826
242
814
205
451
605
178
792
662
709
349
743
859
453
2
634
661
361
680
521
918
891
994
264
365
983
356
324
851
104
537
822
400
577
628
891
161
278
719
930
297
675
785
440
267
511
631
732
51
673
878
494
919
108
57
619
604
793
711
174
335
275
551
922
845
198
13
149
483
791
448
550
748
342
885
643
987
360
134
199
679
260
345
302
530
58
830
316
861
847
296
656
479
280
505
79
596
651
464
957
738
690
60
549
306
544
61
501
224
827
749
37
815
168
132
454
823
972
479
234
364
846
718
877
405
261
215
969
821
480
849
411
485
418
732
580
933
588
110
83
750
573
401
857
457
914
668
171
641
709
925
802
539
701
957
337
3
405
513
551
817
910
360
799
378
464
123
318
516
724
938
113
635
575
559
969
3
955
966
536
920
180
832
207
6
0
847
457
258
2
973
811
82
632
628
264
104
685
169
464
142
670
832
177
719
438
908
765
49
487
949
757
891
131
347
927
788
596
601
45
187
448
654
754
44
78
340
875
445
247
230
268
300
620
931
780
196
81
143
868
854
646
860
759
559
945
898
192
365
19
812
38
844
917
98
146
61
358
561
350
684
423
737
212
407
707
751
82
300
996
654
450
610
776
853
58
285
780
594
526
889
7
656
293
901
747
124
40
159
48
266
274
199
55
72
63
607
800
661
636
294
775
894
445
441
693
666
834
197
901
356
945
908
768
957
586
744
790
503
513
823
202
487
679
136
94
102
408
181
183
409
383
272
591
8
72
664
152
417
913
991
678
262
277
963
983
651
288
908
533
281
927
674
75
163
456
737
800
706
531
76
405
120
186
625
982
891
309
0
179
604
45
921
789
726
117
466
538
261
694
906
774
196
875
797
605
350
420
274
267
244
533
229
426
507
32
307
0
443
157
367
679
573
845
544
15
318
547
292
999
219
280
342
410
55
31
204
255
422
774
319
966
823
805
449
473
928
566
309
129
790
169
609
822
53
842
449
715
685
202
980
930
541
855
383
654
825
299
312
374
459
848
274
669
299
228
742
450
852
84
446
100
327
128
506
459
621
693
318
82
626
744
264
103
154
944
968
81
541
604
997
843
66
155
574
730
746
711
307
203
603
278
571
279
408
369
502
705
233
505
868
154
751
854
282
234
39
665
125
848
664
691
801
687
23
338
950
867
776
445
278
580
616
491
363
872
661
248
238
822
963
719
849
67
886
236
896
508
353
59
919
414
196
529
934
199
960
957
965
107
428
649
922
369
237
724
270
655
666
617
285
809
995
484
368
742
603
90
839
583
837
86
977
877
358
381
327
615
883
431
478
322
547
561
234
568
868
837
834
719
548
409
351
872
897
288
303
995
961
699
837
792
345
568
960
376
116
793
525
846
389
369
385
482
930
180
874
642
349
877
364
787
116
787
399
953
86
63
566
954
24
304
220
471
381
244
358
157
921
805
322
69
716
767
407
869
385
57
433
266
46
280
531
889
725
669
0
671
358
134
424
318
81
969
841
635
293
984
960
304
496
276
387
141
482
12
565
868
940
235
169
58
295
138
241
898
944
58
715
382
358
688
916
160
164
248
893
295
548
837
851
475
259
29
114
124
626
884
178
704
899
782
536
634
221
670
496
257
826
185
976
856
114
624
643
329
582
986
294
881
726
983
682
432
164
968
33
815
733
815
867
176
782
580
654
289
330
276
596
519
435
304
939
653
31
173
505
837
334
312
160
817
521
990
403
247
386
488
136
954
28
158
340
659
858
744
838
53
300
958
138
70
586
221
165
958
364
754
966
949
694
853
744
475
275
345
261
96
845
13
78
754
62
130
816
159
144
408
69
637
339
898
285
609
41
235
676
745
484
171
788
90
419
783
756
431
176
665
333
995
946
986
450
632
27
866
70
463
139
262
527
483
354
935
762
203
845
934
625
877
877
625
31
734
14
509
310
468
0
482
727
532
367
400
771
951
967
153
243
462
352
753
791
508
311
33
63
494
785
929
632
742
671
496
851
189
467
518
982
369
697
458
853
135
479
218
489
69
567
175
446
417
247
613
635
40
820
816
512
432
868
851
244
145
584
500
904
607
511
792
11
598
535
437
683
74
927
746
989
29
100
237
411
366
830
807
31
940
868
292
259
602
114
624
413
361
974
330
413
976
892
69
572
557
428
126
15
454
102
255
581
340
220
96
379
249
322
113
352
212
767
658
960
633
24
395
548
399
786
746
693
859
309
377
499
651
407
623
157
693
617
302
246
719
694
840
947
519
429
337
165
602
999
706
96
994
583
399
991
950
610
222
563
924
475
294
829
227
614
737
770
104
356
264
158
619
933
270
948
526
605
38
706
588
368
412
982
787
521
94
220
171
150
94
198
677
848
630
525
102
43
81
285
253
162
216
158
171
669
787
313
669
47
538
670
798
589
145
697
628
846
229
705
961
697
354
17
670
632
480
484
37
68
516
698
870
621
315
283
714
278
972
800
712
970
972
889
389
694
664
150
769
255
842
785
626
447
912
59
353
253
963
4
264
444
226
301
461
861
209
973
850
519
535
670
730
801
707
656
198
628
115
285
300
986
458
526
742
451
540
602
955
145
750
844
222
772
589
483
169
701
840
389
330
731
105
12
637
452
659
193
0
918
834
874
620
964
427
397
30
873
932
546
74
492
742
426
84
772
101
868
917
705
165
835
643
636
439
481
451
850
241
128
576
737
750
455
969
657
59
60
746
255
698
297
619
694
124
373
440
805
919
707
523
448
906
805
747
334
946
763
765
398
948
282
643
108
243
928
687
486
748
581
286
728
47
826
867
899
641
706
876
819
852
751
854
255
334
727
544
43
692
374
745
517
970
670
866
435
820
695
694
412
377
750
319
62
376
662
668
530
258
642
188
143
366
318
613
668
213
960
405
563
133
864
662
843
318
977
641
705
108
987
480
87
592
758
925
148
730
905
182
967
499
596
113
220
788
553
610
975
599
794
911
604
383
345
627
494
291
552
841
814
929
597
905
437
855
729
180
989
21
681
206
598
642
117
126
871
628
634
961
740
299
920
112
727
944
228
793
130
149
675
11
245
485
355
139
872
120
450
846
966
343
686
313
296
520
482
112
768
55
39
888
219
946
754
1
872
972
755
478
367
501
88
437
126
110
652
192
547
366
438
412
783
919
440
976
416
193
633
223
964
96
339
718
677
128
380
309
299
281
934
252
563
920
199
608
434
58
177
647
840
594
78
582
316
887
971
446
589
276
913
818
359
699
873
820
656
257
17
441
443
811
600
580
562
530
553
692
524
237
450
720
134
356
484
732
30
514
395
81
398
404
125
667
503
467
279
935
652
236
140
805
324
155
156
975
483
479
948
387
340
415
759
408
832
701
167
769
766
990
867
342
706
973
6
543
525
129
289
110
907
521
831
219
607
829
508
314
401
674
790
275
467
812
218
813
281
432
838
486
480
358
631
528
591
664
694
425
467
336
138
764
412
324
897
773
276
737
180
55
664
307
476
468
872
241
244
404
111
438
872
940
981
120
174
719
880
182
519
499
426
392
421
359
904
884
811
963
491
646
472
226
576
597
541
225
105
970
813
430
906
570
840
128
718
367
604
158
410
257
275
157
673
462
499
992
867
193
714
23
730
771
713
695
980
783
978
72
99
122
202
510
786
230
715
258
259
910
797
603
708
374
364
0
328
898
33
537
3
66
205
397
854
189
592
433
407
862
917
213
163
480
724
367
562
847
195
742
493
621
930
710
106
573
705
362
362
174
779
770
28
809
287
997
364
162
566
723
935
119
480
55
725
480
779
502
588
603
382
729
743
90
5
181
156
120
561
257
391
690
259
244
402
218
893
413
351
78
126
214
588
866
660
11
793
949
807
317
169
973
40
308
920
770
798
822
891
102
183
433
616
702
826
148
805
441
416
236
282
450
387
603
405
432
910
167
23
633
279
256
889
715
132
779
522
29
173
9
825
362
493
848
146
917
129
450
928
588
387
0
743
241
703
217
438
172
615
820
716
408
759
606
545
820
817
910
955
630
296
701
14
500
811
397
413
903
589
15
945
56
797
447
164
275
254
166
161
465
561
998
963
801
846
754
687
92
387
678
472
989
365
482
943
935
916
453
490
886
982
756
41
531
303
786
891
32
788
192
384
711
524
411
556
730
966
662
345
834
864
264
711
647
143
985
894
785
522
856
569
742
118
687
622
456
759
172
850
913
345
613
77
67
624
769
347
35
50
134
825
896
669
60
421
804
220
682
108
780
743
652
953
743
375
131
836
563
153
495
84
911
537
317
14
246
498
457
831
683
388
812
650
358
419
455
938
841
691
148
573
348
889
98
326
78
895
784
582
340
203
588
282
738
472
36
660
718
392
599
351
291
36
645
565
650
398
724
772
738
743
269
288
734
729
656
959
800
649
913
506
300
554
17
715
965
151
76
754
239
277
258
898
136
882
483
852
632
822
935
487
924
864
298
469
208
641
993
501
877
704
623
736
244
989
31
35
554
813
374
784
796
527
710
43
622
845
691
13
514
835
569
559
157
102
799
345
267
257
513
245
936
98
333
146
996
752
346
276
387
788
647
190
456
709
223
744
596
673
2
32
734
779
315
577
179
279
438
363
225
348
564
336
259
495
92
359
134
17
150
319
738
177
719
955
516
588
220
597
244
149
989
905
15
663
862
981
795
570
459
982
422
613
700
503
726
591
995
215
531
892
840
426
534
912
515
12
826
800
387
522
197
619
61
110
372
159
312
324
790
391
676
406
951
213
944
649
927
380
240
832
812
882
16
708
829
483
536
46
993
235
87
82
213
