989
401
165
367
894
816
438
959
656
380
712
441
262
177
100
107
673
481
746
645
574
211
218
892
663
330
673
175
88
456
652
853
996
153
601
904
861
308
691
712
63
833
882
225
943
582
292
794
812
935
848
998
300
594
431
742
110
889
63
624
729
440
729
596
141
261
47
123
156
937
195
21
692
382
701
398
274
200
159
505
787
743
890
541
28
247
808
770
367
602
387
500
631
163
365
12
430
830
162
563
358
476
134
111
43
435
657
739
425
834
540
907
988
329
904
956
904
387
824
797
483
563
871
829
427
501
853
935
698
807
25
516
711
908
11
131
450
977
984
522
433
696
125
321
427
898
609
944
267
967
801
500
542
910
962
660
623
329
336
908
76
447
526
357
859
893
971
823
278
828
606
573
63
1
247
460
888
286
266
229
128
410
446
748
192
148
383
333
182
937
810
339
528
639
31
162
172
355
276
378
191
178
251
477
480
437
619
957
716
640
89
561
159
349
313
263
644
361
811
942
738
348
647
294
782
789
130
352
424
368
774
853
947
1
338
842
47
102
11
304
555
946
303
711
498
357
335
961
141
201
935
607
379
60
601
959
396
463
157
313
53
5
221
220
541
636
826
296
526
95
632
916
613
29
882
738
678
214
562
610
23
430
453
733
337
248
274
238
229
9
459
248
223
813
488
109
595
996
360
759
141
459
743
860
397
289
751
458
168
967
422
168
867
644
20
222
301
820
651
101
701
144
599
588
235
749
767
11
496
363
397
172
47
973
783
332
977
495
643
448
897
543
930
720
871
753
567
791
360
894
299
968
0
894
419
846
584
35
422
336
933
802
812
704
801
825
510
448
720
723
979
99
192
404
743
2
5
31
240
384
67
792
226
913
676
652
715
500
699
575
672
680
154
7
288
873
154
474
327
713
295
627
455
34
52
420
634
144
538
804
935
767
641
46
966
608
44
859
289
846
939
741
315
970
240
988
198
156
791
52
751
20
933
492
722
427
197
200
227
195
829
23
293
666
963
924
223
438
721
323
699
405
592
110
800
581
774
585
190
591
589
167
150
926
161
118
972
208
485
561
527
329
744
690
706
154
114
101
87
120
413
691
714
785
615
472
948
16
697
750
394
230
565
365
271
898
75
207
349
598
235
257
648
112
240
438
309
536
371
527
702
88
600
390
116
819
159
81
437
171
719
742
425
624
461
930
977
4
65
767
747
576
167
49
90
294
310
416
193
871
146
822
380
368
321
277
703
628
43
670
57
120
378
186
642
139
419
616
243
765
557
380
332
140
197
107
937
752
774
936
990
37
312
79
292
908
181
456
221
357
17
377
978
541
984
758
683
637
514
592
692
557
333
264
229
583
438
602
442
752
221
88
281
672
673
336
454
46
84
668
167
175
26
878
954
554
199
495
608
263
750
26
1
944
683
151
305
213
137
384
656
480
69
70
195
905
434
629
261
307
231
224
48
273
680
991
916
147
195
751
21
926
592
295
21
615
721
672
707
101
269
303
800
250
35
182
281
948
263
407
756
546
652
280
118
864
522
802
846
224
971
508
6
81
643
981
719
650
863
767
3
341
209
622
946
29
398
31
895
711
492
386
299
67
146
562
586
184
25
545
641
80
85
265
397
419
702
607
380
785
820
213
100
578
265
869
279
707
736
332
78
453
385
430
898
566
341
636
200
494
331
720
309
403
135
687
241
443
232
435
200
675
871
101
796
685
674
985
369
30
926
107
685
395
136
666
406
864
162
171
664
341
38
768
179
534
280
685
866
150
425
669
227
836
856
419
961
353
134
647
365
671
409
750
986
577
607
901
327
966
100
150
691
30
414
602
20
469
976
600
817
91
605
245
885
970
647
667
418
34
216
740
329
953
660
223
797
795
118
678
745
740
942
921
477
627
126
548
922
862
510
288
384
47
31
783
449
903
684
247
739
669
480
354
908
590
245
70
151
605
395
215
390
709
510
612
233
11
305
463
86
224
936
975
609
877
158
897
841
117
968
339
976
19
358
789
390
689
768
935
830
115
355
736
844
579
721
514
119
293
745
879
362
256
402
458
10
407
103
884
300
754
796
494
458
603
9
811
655
12
862
769
358
662
584
135
800
919
257
435
840
135
701
536
183
46
90
377
123
543
184
243
241
809
504
364
733
696
257
397
956
975
255
162
748
663
598
50
600
953
632
551
50
693
567
383
894
73
216
210
698
158
648
480
401
996
518
382
566
864
592
997
193
120
711
217
21
768
110
792
167
560
921
877
419
204
931
837
154
472
89
7
234
940
140
773
893
360
299
617
264
959
436
997
324
910
290
199
416
173
500
937
808
274
705
267
97
606
311
789
538
770
51
190
241
333
508
773
476
397
606
709
352
60
671
996
7
198
882
153
922
576
74
209
941
492
186
620
249
653
425
69
204
880
744
225
713
811
790
73
496
461
761
874
100
333
315
325
428
493
144
231
536
955
812
338
365
58
72
734
989
387
123
985
424
906
902
680
860
862
693
534
676
92
386
166
265
167
114
524
211
693
564
687
740
313
412
255
465
679
635
449
708
814
984
779
381
71
763
965
434
3
324
897
857
695
930
746
81
243
684
75
303
354
455
817
233
209
450
836
536
980
972
714
19
286
250
699
576
733
394
61
612
39
782
434
255
587
612
816
328
262
630
667
25
419
637
289
993
163
958
692
455
714
951
518
74
120
567
669
420
160
162
56
639
266
300
832
412
484
215
479
207
951
431
988
350
226
758
611
476
512
903
640
747
83
799
14
182
186
307
820
383
547
260
613
186
531
782
511
305
16
614
616
726
56
557
404
831
28
27
598
360
351
914
176
255
356
981
875
991
110
976
283
370
948
651
966
466
444
116
100
969
678
187
213
847
615
612
490
135
475
692
171
597
331
84
798
998
516
319
871
304
73
807
339
342
336
391
719
908
634
803
701
79
883
879
362
276
421
133
555
579
601
822
88
358
62
378
944
579
671
407
409
734
748
169
798
436
76
39
522
688
19
330
87
697
700
725
460
736
26
853
851
325
834
791
685
827
975
749
522
981
586
401
147
581
831
630
882
108
925
252
393
465
541
323
776
465
323
265
748
899
802
433
101
653
787
269
131
403
521
288
652
772
150
284
906
685
571
683
285
460
555
979
925
912
368
868
749
669
869
133
831
980
79
469
971
220
198
960
177
765
912
282
655
695
440
75
549
105
710
758
175
441
770
736
548
917
19
717
671
714
841
262
98
881
541
958
861
535
932
661
201
541
381
213
799
547
656
90
782
384
543
213
923
383
290
808
269
646
974
288
939
587
136
87
836
313
565
89
381
221
772
468
101
641
716
231
613
302
388
209
678
339
593
337
107
468
227
572
198
483
999
461
159
184
571
933
107
673
615
517
816
548
422
247
671
187
665
886
779
251
149
876
88
477
201
87
517
519
554
441
756
29
416
252
409
990
87
626
350
635
643
30
718
895
449
956
749
53
326
452
240
332
576
833
236
109
466
616
407
211
224
389
728
692
40
402
177
865
18
295
837
562
629
349
49
968
337
850
278
122
760
873
355
597
226
856
448
974
245
739
509
337
254
425
214
567
708
318
484
51
881
895
886
151
574
919
778
378
964
221
777
233
845
492
217
948
47
549
357
612
949
472
228
64
115
917
150
27
808
545
762
907
318
679
714
733
30
57
279
117
595
923
130
498
688
113
392
665
379
81
440
520
743
231
443
150
399
469
844
399
960
883
915
371
629
464
318
232
782
543
196
499
417
638
270
514
948
473
387
411
215
389
744
204
555
891
767
522
623
782
643
18
334
1
583
32
238
837
329
738
427
84
852
745
8
819
967
360
571
972
181
434
940
502
688
657
863
995
22
429
896
854
740
502
125
34
555
592
490
211
158
878
794
322
772
662
336
8
623
863
735
677
696
888
122
485
999
83
903
15
443
238
307
981
692
150
549
249
414
130
385
832
848
497
262
564
956
701
760
256
159
860
432
117
588
248
664
699
242
499
937
359
528
222
15
22
102
279
845
905
627
314
48
709
16
456
502
782
874
165
292
704
391
406
148
224
458
639
916
337
825
341
245
94
719
975
892
139
944
951
11
661
191
188
792
683
859
829
410
675
203
470
133
793
181
306
659
387
375
558
618
622
255
589
399
491
664
735
402
788
762
973
335
581
250
180
257
364
404
439
700
342
564
677
814
261
762
110
761
663
883
93
904
343
88
173
463
744
484
121
200
724
678
639
123
451
951
829
65
719
526
387
580
550
47
167
577
412
406
587
272
511
201
974
559
587
512
305
789
719
239
73
328
61
181
722
709
460
381
790
435
218
197
461
545
260
479
231
264
583
25
310
39
850
286
779
498
4
23
674
279
475
464
173
220
891
542
8
445
994
365
303
238
428
440
725
114
632
835
11
638
938
573
12
662
529
299
206
554
278
430
189
68
739
164
650
701
657
928
32
711
101
138
50
4
681
907
993
565
223
886
26
114
940
105
235
294
331
612
329
479
452
437
36
841
168
550
788
513
105
551
280
641
766
470
500
917
403
294
292
725
525
283
118
501
352
787
469
848
438
64
74
359
543
795
886
40
351
777
307
792
16
465
779
925
164
9
33
815
56
407
667
917
489
949
567
994
499
823
484
258
228
439
274
257
189
93
621
398
71
468
722
800
732
88
510
8
142
938
879
134
134
886
375
753
202
476
973
713
743
789
266
218
542
257
84
570
64
760
141
404
251
988
986
980
423
888
468
361
475
582
910
289
489
946
956
128
478
936
49
901
3
835
287
710
88
980
38
877
876
63
357
571
801
107
369
170
293
433
391
475
867
804
853
762
477
907
160
173
267
866
158
456
299
685
556
265
42
274
52
149
159
109
131
698
503
870
527
66
583
397
237
868
692
609
15
11
284
663
493
94
715
12
775
936
885
432
243
648
769
281
889
14
749
581
339
343
868
461
489
818
888
232
243
74
518
742
884
567
393
683
200
594
162
63
691
281
373
479
855
908
774
612
692
959
777
262
602
620
803
335
873
430
44
557
595
925
845
415
524
404
852
805
14
869
618
445
879
95
148
68
584
381
551
821
721
183
204
247
291
865
152
888
206
832
511
502
493
0
103
51
121
156
739
909
148
196
757
523
156
369
420
14
107
901
202
666
349
224
498
737
728
237
951
721
866
342
986
832
149
645
390
750
238
317
230
246
359
347
713
135
192
749
699
768
642
113
821
645
330
61
480
768
776
386
903
644
812
936
525
888
729
18
734
140
290
564
4
644
88
115
23
327
36
535
791
294
95
633
899
196
1
807
8
953
254
985
642
202
181
711
218
318
673
510
91
469
598
436
95
499
57
55
155
616
117
891
805
455
384
417
862
231
347
692
503
7
256
995
734
354
166
954
189
141
640
324
885
44
541
394
781
582
940
534
36
458
449
694
676
425
703
125
63
335
730
404
889
694
92
665
676
59
397
809
655
214
303
632
405
58
407
818
223
439
685
152
997
785
690
889
636
214
937
498
57
628
833
222
978
671
558
737
159
747
559
608
867
440
550
949
668
437
599
682
559
519
990
59
32
999
612
397
690
146
244
768
531
109
248
878
87
378
989
976
279
260
719
278
373
87
17
756
358
843
368
413
285
577
505
429
865
176
841
740
198
175
267
191
163
45
418
961
833
625
673
701
58
445
853
460
553
267
618
821
90
883
349
298
931
678
424
930
616
399
642
90
24
831
867
314
769
382
901
718
923
527
381
987
720
350
990
656
551
664
484
465
143
839
22
543
589
523
890
516
812
425
869
545
393
421
709
439
93
799
634
318
568
572
899
402
415
706
69
496
344
537
698
238
996
258
516
9
386
856
794
695
230
747
20
323
30
686
619
156
80
918
667
522
76
557
754
865
225
504
149
320
736
512
415
506
789
634
71
157
277
789
307
468
994
328
444
302
758
877
492
77
337
97
640
810
52
115
961
724
637
153
603
541
767
528
479
128
863
397
515
424
252
745
285
123
479
284
601
13
162
350
649
577
933
374
363
253
132
989
14
679
329
796
511
544
104
94
480
991
221
452
55
578
391
250
128
444
199
522
599
378
930
568
216
312
72
520
968
376
49
489
687
653
444
516
477
317
183
358
20
525
65
174
542
574
282
671
186
764
599
833
130
975
508
563
6
701
159
249
966
34
304
504
440
862
994
400
280
499
735
243
920
399
998
412
677
491
605
418
352
441
318
538
2
770
444
946
110
450
525
748
513
533
694
27
539
807
716
682
552
385
322
307
10
357
81
423
11
330
336
63
945
857
665
107
931
388
786
164
103
285
699
673
86
566
377
625
675
748
16
861
35
928
540
420
608
845
781
734
741
217
223
432
821
148
140
276
218
578
940
37
775
961
874
360
806
220
14
702
344
701
229
378
854
468
548
288
774
655
20
282
913
197
106
983
585
744
915
457
15
539
818
425
459
247
913
408
909
707
832
768
732
504
358
147
982
2
332
193
52
809
128
273
686
707
125
9
61
91
85
269
384
66
688
29
175
681
608
566
744
953
616
377
563
219
336
494
37
920
384
786
1000
614
626
56
602
310
982
386
556
400
422
68
235
139
588
186
752
79
475
849
42
951
719
453
518
198
556
274
696
732
288
25
390
403
967
516
51
16
882
821
651
164
413
417
329
599
856
480
173
286
641
681
120
407
791
758
288
818
548
22
333
668
929
977
10
265
271
415
334
437
656
335
410
904
689
821
73
207
920
923
499
168
220
492
202
626
252
363
47
1
568
212
384
22
221
13
865
844
590
316
806
363
902
582
117
895
808
989
457
646
714
309
737
880
728
651
833
361
880
445
717
173
745
56
398
68
913
612
233
538
905
397
730
449
516
524
804
230
525
635
116
456
531
536
380
802
613
998
467
227
484
755
965
509
195
239
95
146
309
825
879
773
659
897
222
535
224
698
37
704
528
147
802
101
902
810
198
400
518
52
410
493
441
409
941
743
174
384
254
578
226
73
519
730
431
671
42
850
522
747
817
721
168
389
378
170
244
971
443
367
489
599
81
84
629
573
544
627
133
60
299
747
99
86
410
142
732
109
270
15
260
150
412
120
995
426
295
435
217
168
318
420
766
98
15
582
815
250
420
674
453
100
30
21
867
906
28
504
797
276
894
40
532
228
106
87
222
535
178
530
43
127
572
356
785
955
861
691
2
811
432
685
446
485
573
96
33
467
862
329
1000
708
489
593
50
345
873
302
996
461
238
10
772
676
166
409
384
837
648
37
293
938
720
218
91
195
486
121
932
756
349
157
643
883
273
259
770
500
224
938
394
893
533
86
752
216
814
423
334
827
784
640
554
415
905
119
565
422
122
102
925
327
475
814
227
281
581
487
266
263
893
512
423
519
31
92
629
255
708
941
864
478
999
170
482
338
828
994
972
560
10
968
679
109
172
619
182
794
66
643
92
783
356
244
23
707
290
285
86
875
318
588
605
81
931
161
336
640
341
732
820
947
261
36
686
602
389
444
605
49
87
750
686
44
104
907
64
29
241
46
163
728
335
954
119
602
67
862
675
890
44
986
76
921
365
754
473
144
555
185
788
148
527
958
725
875
318
823
348
797
670
412
402
310
663
975
165
744
279
114
827
169
284
958
641
498
930
277
129
386
846
231
691
133
444
70
246
936
716
544
340
260
269
339
910
486
485
550
903
153
17
420
475
460
359
343
814
167
941
834
308
610
187
257
203
516
748
812
525
468
501
176
707
143
789
912
621
161
467
869
217
946
911
197
77
788
112
126
92
621
234
362
697
143
985
493
146
754
724
297
459
813
623
317
775
112
151
868
770
350
756
406
866
711
642
257
649
17
336
50
904
25
761
665
547
153
657
660
273
301
245
502
717
889
251
118
807
302
129
70
360
903
778
395
595
713
803
801
37
384
102
410
606
755
852
198
937
175
576
504
266
29
96
588
528
186
299
489
523
852
348
835
753
508
644
357
24
956
573
418
593
164
699
993
490
386
954
809
450
55
390
57
740
543
643
370
157
566
695
625
517
783
544
334
340
904
9
839
500
647
37
357
23
6
899
875
511
708
360
793
26
476
965
848
976
918
633
792
964
932
112
482
108
380
99
400
288
722
747
875
768
467
605
48
808
868
12
155
821
976
276
515
378
697
708
483
713
174
193
450
71
824
179
302
546
139
514
252
117
906
210
58
768
303
592
256
250
810
779
956
238
921
229
789
779
346
452
270
833
538
772
597
439
560
800
822
216
495
870
32
119
708
766
266
110
719
636
192
426
731
738
420
512
683
122
81
63
359
302
865
936
971
254
611
52
92
359
596
968
353
157
7
677
14
529
340
599
281
282
196
769
843
385
718
587
672
507
989
370
249
116
884
499
376
317
57
996
948
993
670
105
830
691
98
678
492
830
735
705
497
194
527
214
458
966
304
75
236
516
495
133
160
496
499
252
866
77
623
854
698
51
378
548
509
692
884
839
705
748
338
828
611
617
303
793
994
732
863
519
933
664
505
349
281
260
904
534
21
707
390
41
75
164
815
933
919
968
595
705
263
374
855
303
277
177
830
304
914
423
896
391
524
582
579
581
908
978
315
670
634
286
357
803
331
913
95
833
322
969
592
589
614
546
277
657
419
145
539
375
48
728
927
96
981
13
139
423
642
492
443
862
962
747
650
884
348
418
888
750
926
263
888
633
310
792
94
556
371
379
514
196
68
408
975
707
273
81
793
771
456
71
345
34
208
133
580
125
320
23
353
589
141
1
152
749
215
442
78
655
470
112
499
993
689
383
345
753
521
761
270
875
161
54
513
514
314
874
790
930
12
20
679
448
854
981
711
204
558
784
26
481
992
433
359
288
258
646
896
904
108
405
225
962
614
467
519
87
629
241
900
206
563
775
599
625
153
111
277
37
881
850
760
288
157
334
411
434
435
609
713
287
363
483
435
881
38
350
431
679
36
157
128
957
945
73
612
817
604
419
693
851
561
949
856
730
451
396
304
81
717
965
172
964
287
577
334
516
234
488
132
938
565
862
613
743
179
248
705
180
973
46
985
543
84
816
181
391
243
51
136
914
705
151
937
659
416
386
276
519
104
885
472
651
247
506
618
901
390
580
684
10
236
512
569
578
508
253
891
54
431
638
866
708
45
90
425
31
168
990
475
165
126
558
851
65
791
353
61
856
69
99
379
592
314
923
988
719
198
755
895
902
858
347
637
10
755
184
82
934
755
48
801
968
88
270
955
92
168
255
48
805
489
378
584
818
859
28
704
25
423
560
865
841
40
217
719
933
950
586
640
355
8
871
574
535
409
266
233
843
504
970
544
506
822
411
702
834
998
960
836
652
227
185
758
917
499
934
37
146
530
456
851
277
554
145
181
509
556
275
154
826
655
576
903
812
753
470
838
394
533
165
96
256
496
100
85
371
960
765
908
889
294
176
963
815
167
143
988
358
96
37
947
749
215
330
401
814
867
573
647
243
3
6
179
61
748
786
57
375
826
156
36
166
554
875
41
283
623
784
691
850
706
776
389
513
457
540
970
227
793
222
74
263
893
694
110
381
281
206
494
32
502
341
314
77
784
425
646
659
903
567
173
789
100
194
286
157
859
691
666
5
265
667
822
60
417
815
99
35
765
338
180
376
335
464
760
19
977
452
356
118
666
640
707
538
369
277
669
181
900
585
466
461
855
638
350
847
737
809
746
936
703
110
190
106
143
313
513
160
20
58
778
502
573
266
955
28
437
958
917
281
738
672
474
674
974
614
673
357
954
232
777
292
648
993
885
855
422
733
168
494
849
97
331
848
962
557
766
752
275
919
107
288
735
249
447
553
343
555
560
932
435
282
103
85
49
410
381
449
934
476
650
108
236
904
403
858
170
2
320
971
488
855
135
496
992
262
65
306
54
700
807
372
697
744
496
654
138
797
823
647
585
145
860
331
59
559
931
431
215
475
511
38
989
942
919
862
551
237
866
176
505
240
494
144
785
781
179
839
246
336
374
873
818
990
769
319
770
156
611
604
584
431
830
609
533
841
870
277
189
348
574
497
936
111
198
178
629
937
705
840
77
429
486
218
482
577
61
320
658
8
693
403
971
972
215
105
976
486
217
829
99
353
40
372
952
531
46
804
422
870
341
362
113
223
637
234
904
120
282
824
854
175
918
991
542
46
205
41
219
503
418
1
471
655
770
735
943
666
926
15
567
823
952
938
469
142
794
874
611
212
897
674
62
461
581
725
669
252
521
233
800
793
483
746
970
34
924
549
193
430
9
535
143
951
586
662
572
300
479
551
608
29
233
489
826
154
205
632
667
506
273
529
562
3
445
145
670
332
789
612
770
16
965
485
229
254
418
665
421
616
236
345
102
396
65
445
527
558
132
196
853
631
965
869
927
265
94
276
383
823
571
749
370
570
275
656
849
587
14
641
650
432
369
738
509
247
33
816
654
188
460
305
217
567
754
698
945
193
245
820
660
369
868
353
741
983
921
31
964
183
389
846
672
633
467
937
717
105
427
111
736
312
46
778
227
577
189
555
450
146
265
713
725
684
933
379
729
157
637
793
541
920
154
836
534
320
880
548
819
669
197
937
939
207
301
362
553
358
474
278
646
233
14
766
10
122
144
81
21
483
977
522
487
257
312
199
593
607
507
379
851
689
210
725
473
634
391
3
337
403
468
738
306
308
110
246
686
158
330
747
881
827
252
999
650
775
578
884
44
826
215
633
850
90
931
147
652
835
243
314
929
639
156
633
313
711
254
93
126
111
651
756
938
70
269
932
882
429
0
75
659
320
481
978
265
857
8
970
892
534
335
836
621
315
443
962
591
524
374
907
650
684
450
258
866
313
384
430
444
292
812
320
575
917
214
9
549
143
484
785
657
735
905
41
706
63
624
21
963
317
423
15
310
957
729
233
445
931
978
67
601
815
371
931
241
188
409
463
91
692
316
692
778
922
210
71
889
892
386
673
766
668
906
884
840
330
878
957
29
250
454
610
823
300
692
785
947
455
551
799
758
622
798
146
660
532
536
792
876
393
336
808
975
373
554
436
969
382
412
3
342
349
976
697
257
899
709
586
816
256
680
141
90
907
463
842
283
545
186
674
315
808
470
150
399
244
183
471
372
271
298
514
148
845
726
694
53
937
481
811
817
142
327
283
895
424
651
833
997
422
756
181
328
754
647
721
896
307
574
304
403
539
836
660
321
778
708
631
303
796
726
762
753
411
314
478
656
111
678
470
458
577
331
176
710
435
173
104
689
865
322
595
942
576
33
707
834
466
888
471
302
501
546
38
270
107
484
114
66
78
456
876
165
967
816
721
789
169
749
653
844
704
782
994
284
152
238
426
708
239
782
105
821
460
970
808
56
228
702
42
288
756
819
526
455
765
343
541
777
185
933
815
997
564
66
285
196
418
770
945
596
379
935
96
100
927
884
267
436
49
857
44
955
482
255
406
503
893
598
293
884
32
733
335
96
990
577
982
650
107
20
424
196
181
173
461
793
537
94
180
305
329
862
302
379
448
115
592
60
17
24
831
530
637
755
993
990
216
0
997
827
601
92
797
311
688
557
358
819
512
330
607
400
570
652
459
874
694
197
191
715
292
88
143
604
836
54
129
568
488
784
909
907
393
686
349
581
158
695
668
37
717
444
701
767
23
921
90
693
639
427
615
426
613
810
211
940
524
548
917
295
63
132
493
218
93
687
407
223
864
751
412
519
395
414
121
820
161
176
907
298
82
590
99
931
361
436
152
839
237
806
295
743
153
804
721
356
896
106
589
822
89
851
332
537
643
404
353
548
463
161
344
358
673
452
914
337
930
767
14
814
630
320
32
582
245
47
966
592
170
875
817
742
806
940
46
102
406
234
183
515
158
901
241
277
441
846
894
590
192
360
304
581
732
444
195
533
44
933
59
669
605
49
838
980
262
719
160
373
272
320
225
123
694
709
898
402
264
51
172
211
244
329
934
64
690
979
886
947
2
755
974
537
534
343
699
844
720
650
153
305
946
526
596
880
528
396
12
21
667
743
709
560
983
10
7
925
238
57
560
218
850
364
136
883
141
386
482
481
391
10
493
264
983
844
506
866
867
320
218
690
22
717
235
834
466
299
34
764
753
530
184
851
739
103
913
806
991
675
95
408
239
41
785
824
315
920
465
1000
397
868
340
110
554
693
44
808
559
108
982
391
989
105
282
918
894
867
592
669
759
886
483
919
235
66
565
293
994
789
547
512
26
913
874
985
131
43
524
358
342
376
483
87
288
147
946
863
962
572
606
250
977
824
414
943
100
905
832
926
181
146
858
267
202
888
243
223
736
4
564
937
647
64
369
340
638
677
827
174
866
633
638
64
815
683
696
720
508
129
718
177
157
338
67
171
590
243
67
945
466
995
884
834
47
628
873
845
609
103
879
445
13
275
715
830
562
578
697
592
408
869
83
244
580
839
411
503
337
926
635
205
5
560
501
915
339
602
420
765
681
229
85
371
88
960
384
740
826
16
347
210
232
274
923
264
957
776
155
583
73
434
899
803
210
431
999
149
328
488
370
474
921
776
529
695
197
693
799
928
655
157
615
333
162
990
694
579
442
464
396
631
973
290
5
738
525
934
255
79
568
603
13
553
39
589
54
524
989
246
573
733
415
287
28
555
859
212
520
740
773
813
264
116
157
773
37
218
240
315
451
88
94
759
305
786
66
436
75
544
858
939
517
499
590
614
947
310
732
162
453
299
802
653
451
940
501
185
269
662
294
6
326
664
425
53
132
432
942
476
831
279
417
54
579
980
306
1000
495
342
939
552
480
485
293
734
481
513
622
382
850
690
3
772
924
335
356
875
844
955
457
257
329
826
764
226
165
665
541
166
629
766
853
913
252
467
594
403
377
354
889
448
916
396
741
87
848
4
371
102
187
26
45
983
674
651
535
314
616
252
386
22
337
267
127
2
144
684
165
457
260
614
884
283
271
611
581
764
735
144
760
168
579
790
464
247
735
267
56
200
935
646
577
869
173
845
895
399
407
719
851
817
547
694
469
284
122
47
393
324
318
335
500
999
896
594
110
301
947
289
665
56
57
221
171
126
517
126
507
171
749
687
607
60
954
423
724
866
872
479
952
152
363
198
846
809
679
731
499
48
573
435
977
75
116
561
871
408
519
789
328
413
546
586
506
155
761
883
474
1000
380
562
148
23
402
993
5
97
402
227
261
520
644
471
27
210
646
189
491
447
156
611
468
505
369
944
469
726
281
48
293
149
383
690
459
900
594
283
729
863
470
321
405
933
287
529
398
701
374
368
493
369
706
477
787
850
456
969
329
520
658
945
501
330
73
990
271
599
334
211
983
650
955
451
789
628
129
581
150
73
963
563
392
221
478
313
93
610
240
70
501
473
64
228
902
523
109
268
819
601
643
286
216
765
121
266
387
72
424
909
92
84
265
184
616
440
142
417
6
499
558
134
517
909
242
334
781
318
751
540
189
565
513
592
626
537
434
622
819
920
662
633
253
44
277
644
703
116
341
396
302
461
704
516
288
13
759
69
436
7
517
81
111
13
561
522
422
583
225
109
22
211
428
243
935
812
717
498
309
204
605
224
92
255
376
248
840
423
949
76
913
434
797
56
430
861
437
839
29
11
822
998
846
382
605
539
659
214
437
838
205
841
970
185
647
136
466
366
314
898
979
576
207
728
175
891
578
204
827
879
888
750
950
292
988
521
109
894
430
627
756
163
10
84
31
670
44
646
64
579
230
325
47
625
862
514
699
956
629
2
506
553
652
956
529
939
527
842
687
50
529
718
919
447
255
324
956
375
48
612
397
336
695
41
916
856
366
704
816
91
772
664
757
142
993
335
621
357
390
8
382
59
453
644
840
135
526
400
199
633
967
92
413
290
723
981
911
3
226
497
640
81
577
931
955
970
323
355
274
436
885
18
537
813
715
852
97
879
845
807
789
289
323
228
202
775
179
996
656
381
694
589
479
445
199
991
772
465
278
506
673
745
170
317
57
306
776
77
732
800
291
369
45
91
124
123
313
385
514
859
75
137
237
959
105
379
172
159
180
424
503
829
200
115
783
740
149
107
377
811
450
699
857
158
327
94
126
699
223
398
87
469
919
526
604
875
160
80
677
674
717
161
125
596
169
529
641
985
580
362
5
569
888
112
113
45
82
455
93
632
80
294
110
853
709
111
494
365
748
162
210
365
950
886
20
893
557
967
245
463
151
316
368
626
351
48
282
147
530
378
275
628
696
26
170
484
792
29
882
480
164
763
918
45
276
119
810
37
805
619
7
918
495
794
916
72
337
192
430
381
982
701
403
410
343
19
707
698
81
317
225
291
849
907
322
593
129
957
335
900
223
881
662
276
274
720
850
226
13
230
6
645
519
570
690
727
696
640
541
486
994
261
203
896
694
619
533
334
32
861
712
635
380
89
849
859
717
65
380
698
5
526
309
696
50
237
893
615
889
726
340
494
567
312
767
676
264
396
38
989
750
869
540
630
447
319
58
639
879
700
672
645
76
916
18
684
254
997
188
604
458
322
419
24
611
698
88
775
582
678
971
399
669
330
636
87
591
115
634
716
586
7
904
457
186
704
926
678
432
778
298
510
137
946
942
505
967
18
349
356
807
107
784
596
679
961
831
438
109
437
296
640
226
271
998
74
489
141
940
872
859
85
425
704
324
54
922
282
834
445
214
874
295
68
576
469
767
786
699
931
501
506
411
26
17
83
362
932
70
211
83
646
432
997
519
519
349
314
282
831
918
256
834
537
333
618
825
92
948
201
300
574
192
224
399
737
945
346
149
282
154
578
760
976
556
162
482
635
0
392
531
808
14
772
101
581
403
553
328
137
275
645
441
130
542
701
386
433
557
860
526
870
688
903
485
287
460
606
496
431
207
630
293
734
956
419
924
792
125
610
57
991
158
926
410
921
841
778
24
756
497
940
345
462
20
263
364
132
939
657
751
105
357
580
835
783
136
256
426
183
108
261
307
634
511
691
242
488
308
243
137
207
648
801
4
116
964
0
672
451
821
14
127
613
237
262
274
50
985
593
481
324
834
660
277
233
341
899
988
464
567
353
400
682
513
435
380
912
728
869
6
844
231
158
46
460
99
437
844
21
492
637
708
539
243
957
491
818
424
343
645
704
701
839
870
993
101
737
569
419
456
623
345
561
658
201
149
384
595
274
893
43
744
170
472
707
211
981
114
335
364
927
228
87
723
840
449
77
251
111
944
28
487
696
43
247
557
831
821
673
569
945
146
177
595
815
625
199
11
32
696
388
330
121
763
313
48
766
160
61
833
867
94
890
827
992
310
936
12
308
667
639
802
299
183
79
933
236
496
410
645
620
365
971
258
243
490
42
820
966
666
930
810
616
624
641
675
150
730
581
875
1000
96
351
1
923
225
328
739
735
695
21
247
987
164
733
178
444
137
17
47
731
215
321
917
286
86
744
635
225
740
527
823
845
679
904
280
607
79
891
291
184
46
740
416
53
190
185
155
450
970
211
738
354
440
532
449
700
845
148
769
270
686
245
306
358
56
677
473
351
932
656
906
34
862
293
150
214
714
287
551
830
678
883
763
541
83
779
267
460
684
359
806
281
969
656
866
424
292
338
818
361
615
107
724
571
194
167
911
331
856
125
291
517
494
315
460
998
533
138
265
273
931
110
141
727
901
9
813
233
255
786
218
314
14
445
185
186
379
137
557
476
586
440
130
963
132
79
360
372
499
607
696
688
129
953
633
279
906
7
549
820
505
468
305
94
457
463
29
583
435
0
146
928
256
99
328
780
524
503
396
785
335
308
785
88
571
193
272
822
260
478
249
788
877
859
579
793
324
878
29
564
661
576
668
168
597
890
235
627
143
938
433
33
510
549
382
701
295
901
778
705
885
904
179
379
423
452
267
443
906
59
316
511
100
707
510
156
453
254
503
737
152
23
265
179
606
764
105
57
88
428
270
961
19
421
107
612
473
503
526
342
344
769
791
907
18
260
52
788
991
762
79
711
254
894
149
964
587
777
136
327
219
419
64
147
815
295
899
141
45
817
652
202
894
158
652
543
688
861
283
699
813
635
212
461
841
232
476
334
2
331
220
458
439
8
878
446
534
710
979
400
701
694
400
207
926
299
925
319
602
684
178
465
581
754
978
265
845
749
836
708
43
297
137
767
245
621
888
94
28
503
279
455
479
722
455
745
190
125
407
971
265
666
852
399
129
652
221
184
416
910
748
977
17
466
494
145
415
968
940
950
793
375
88
948
640
775
171
207
553
19
252
543
930
764
614
225
613
991
616
442
189
203
926
706
84
18
196
852
410
252
809
399
701
212
464
93
457
958
833
132
993
960
384
451
328
695
969
937
566
349
398
510
74
142
223
466
44
525
450
928
972
232
199
243
948
290
292
948
948
190
181
58
341
845
759
949
945
727
90
465
903
700
840
26
935
793
217
767
287
213
493
44
322
425
15
283
636
9
494
669
615
418
100
734
71
495
691
69
476
152
550
421
386
139
774
406
910
713
152
325
107
701
922
923
431
101
30
262
986
958
817
726
441
814
666
110
244
856
529
10
164
757
648
417
426
213
68
171
356
483
938
330
858
524
573
913
753
355
273
130
536
581
43
956
422
631
887
613
92
261
392
485
939
877
348
269
16
65
951
210
645
238
414
176
66
81
905
676
220
504
911
44
265
248
783
976
38
353
966
78
908
704
755
837
739
344
17
474
266
758
148
192
98
340
620
204
109
222
144
182
311
155
38
633
207
983
152
567
514
17
243
875
622
93
126
987
785
542
749
57
457
274
959
155
581
705
256
485
212
391
289
303
926
205
951
997
39
196
887
759
294
153
786
46
285
468
51
695
981
878
770
665
665
458
500
711
174
270
960
300
247
952
224
687
769
572
339
175
822
429
494
747
362
842
61
846
326
255
165
764
775
515
34
734
871
74
195
577
707
997
560
137
671
189
72
86
237
401
626
685
195
407
514
768
392
924
733
732
494
802
609
162
38
378
370
118
438
12
969
780
492
603
23
691
849
514
522
359
0
187
367
979
184
978
580
902
333
261
129
898
977
111
146
371
978
207
327
140
50
613
633
712
587
97
307
391
466
463
87
672
213
652
48
250
455
914
624
63
620
6
778
216
281
783
780
243
960
235
388
597
299
547
503
814
63
775
505
82
119
22
583
296
777
276
885
632
262
580
348
11
430
68
604
297
769
129
870
468
890
984
173
223
629
935
196
894
946
157
908
342
726
38
857
75
810
92
225
996
972
322
812
340
162
378
261
218
970
328
282
309
894
469
26
966
860
23
892
334
533
852
205
488
373
13
851
960
442
157
614
152
331
819
841
219
756
420
537
739
738
207
710
873
844
521
694
32
665
450
860
358
610
427
79
511
207
371
745
944
818
285
1000
857
468
401
829
658
573
645
153
85
570
252
674
836
624
468
118
517
832
37
877
760
178
3
84
878
815
395
607
653
298
842
318
599
94
854
465
769
47
580
555
961
551
75
465
981
70
656
908
778
527
468
282
441
779
994
969
258
569
553
746
291
460
422
115
340
832
552
269
710
35
252
60
5
671
473
939
193
564
989
866
380
296
81
245
875
642
563
942
530
21
175
561
368
688
176
925
988
621
533
263
537
672
706
712
127
508
101
511
876
434
859
463
302
273
872
967
376
542
904
85
309
305
777
222
766
56
8
682
649
49
748
92
822
838
543
689
855
19
803
164
858
761
684
102
788
968
487
947
833
202
964
208
151
199
261
994
673
384
642
990
908
819
544
907
33
632
855
898
508
12
17
648
217
635
171
380
287
536
968
779
500
362
245
783
820
70
660
170
382
769
500
176
553
745
655
685
687
165
757
644
822
202
161
805
198
629
46
296
664
454
745
827
417
239
7
950
549
662
660
613
28
260
351
441
581
23
206
173
136
30
655
165
266
893
454
512
559
536
63
779
47
845
169
15
783
66
534
573
516
361
132
216
789
185
194
709
725
435
245
742
102
570
708
896
254
233
95
211
957
687
994
485
242
206
453
306
312
292
394
125
634
879
544
701
3
88
50
572
392
142
208
0
354
870
632
671
935
21
144
376
826
103
372
207
792
627
255
15
825
380
388
334
23
568
548
826
264
996
227
287
465
213
922
386
761
236
900
521
870
433
317
574
238
348
282
667
181
570
101
230
508
743
662
535
745
162
922
437
60
212
322
308
32
775
133
900
299
987
477
673
149
228
455
407
573
201
302
785
101
881
903
336
860
602
324
316
332
715
364
155
927
523
689
756
182
597
451
842
988
187
146
756
14
815
848
510
783
660
34
411
979
521
758
283
952
131
774
876
792
454
699
161
30
933
176
680
886
564
669
810
481
649
184
858
442
181
383
346
457
529
898
796
920
35
890
318
225
723
695
133
68
194
407
936
321
456
714
592
912
942
705
966
477
137
421
205
878
965
132
943
963
36
538
653
765
878
913
518
429
573
532
945
847
597
886
523
113
594
461
141
174
846
134
506
42
960
444
483
713
650
294
626
300
952
156
360
561
353
628
255
889
570
15
563
223
499
397
265
829
855
865
171
590
769
923
718
554
375
333
575
71
367
722
755
516
261
180
493
565
882
693
676
563
610
371
440
824
796
387
333
669
968
658
457
751
55
218
927
227
656
252
234
494
831
187
253
760
700
121
762
502
998
161
752
453
339
641
221
421
22
161
668
466
673
69
970
253
432
768
486
117
820
592
206
48
137
60
872
285
748
719
868
511
614
532
281
668
886
359
690
57
98
212
772
366
193
879
82
103
736
504
583
648
104
32
371
687
760
897
395
656
105
263
649
526
496
166
836
151
123
350
90
920
789
422
241
881
233
625
363
310
187
482
965
287
23
275
70
891
759
170
908
274
13
540
876
364
788
818
813
161
677
930
862
461
976
797
914
566
247
604
47
822
589
679
148
78
308
311
313
822
102
952
57
647
666
152
512
109
748
158
642
56
384
232
315
813
187
2
982
85
963
931
565
796
390
198
10
963
172
624
36
581
82
497
54
590
738
667
455
520
750
250
585
300
363
149
17
842
270
621
673
203
798
947
277
390
418
798
930
397
105
248
849
536
896
452
144
289
449
731
265
564
282
813
935
666
949
67
408
357
715
627
515
995
182
548
212
911
824
421
114
735
818
715
548
202
592
855
398
237
704
487
703
209
212
689
284
501
222
188
120
640
393
119
596
638
558
653
330
665
398
343
334
848
763
369
869
362
70
397
189
505
951
99
928
102
259
909
318
51
277
474
721
177
26
119
837
357
848
407
520
164
580
287
131
767
144
788
208
472
139
161
924
57
590
21
559
93
256
627
756
814
162
379
970
929
451
36
392
539
194
305
603
131
863
104
138
572
382
833
161
463
928
886
833
114
770
464
884
37
946
123
85
447
199
439
765
531
617
938
44
85
16
539
597
491
914
299
288
914
175
656
990
473
207
966
451
791
649
660
855
935
125
128
419
391
931
155
995
355
120
278
607
267
951
649
184
644
985
33
281
550
702
430
884
108
869
182
609
511
871
867
886
315
502
499
106
454
173
845
420
512
143
172
663
931
380
873
450
194
445
593
912
340
625
559
231
921
913
714
437
542
561
893
57
861
900
953
857
18
701
319
526
521
244
119
154
758
700
797
205
690
570
450
538
189
89
792
823
197
193
388
157
516
854
40
852
515
724
184
145
42
294
677
199
377
363
544
791
538
260
706
925
413
693
938
21
106
517
841
907
166
472
691
497
582
371
903
473
636
27
694
15
850
485
305
995
72
27
465
110
370
950
230
754
592
55
307
317
469
282
973
134
262
834
499
12
787
950
561
797
582
977
959
71
813
757
84
453
751
405
615
687
189
347
967
764
452
749
203
944
170
35
210
619
394
3
344
556
752
967
917
832
389
119
316
214
669
664
446
729
83
783
589
390
774
573
797
226
368
246
659
189
266
912
867
608
940
825
883
812
143
755
365
579
94
321
761
913
734
920
51
695
891
293
371
449
266
964
422
76
981
132
629
905
593
998
11
75
484
990
957
231
526
658
589
703
147
889
943
666
895
513
646
631
729
716
868
68
329
605
506
182
608
845
722
34
355
186
1
398
290
835
536
93
509
502
292
9
999
654
372
539
142
447
463
539
890
417
374
73
785
801
266
340
37
199
880
25
67
324
217
881
356
281
241
977
542
596
940
289
776
417
273
423
310
943
501
560
80
405
841
324
501
393
206
281
531
392
287
156
349
739
799
764
420
162
825
758
175
524
546
209
608
505
203
980
273
964
305
764
7
273
610
451
656
180
60
931
556
468
460
267
656
301
172
743
892
363
218
879
272
826
357
159
567
682
167
699
806
963
181
682
317
791
413
440
590
706
114
348
258
589
570
231
21
570
522
655
391
210
482
77
64
51
699
196
399
770
33
102
727
665
459
983
866
517
639
312
895
793
941
58
311
295
975
751
50
115
586
530
274
350
332
392
91
234
863
44
120
764
853
545
695
484
755
60
980
450
594
122
59
684
607
780
275
978
892
297
720
520
594
330
103
808
875
690
997
684
956
357
420
244
539
409
472
112
177
445
457
908
448
19
884
696
732
365
708
671
458
435
312
584
801
685
119
461
134
870
736
397
580
249
463
642
190
911
130
253
655
127
775
855
289
920
5
568
164
132
907
260
939
764
218
589
277
682
561
93
1000
130
366
651
890
974
883
295
765
561
847
298
342
766
407
838
598
568
903
581
835
63
579
745
517
180
135
360
57
76
613
812
806
500
48
200
531
241
990
395
142
642
369
179
684
212
510
50
509
9
628
497
900
334
169
240
31
408
395
410
729
26
928
366
222
302
256
286
705
166
98
246
857
529
818
785
675
722
707
64
812
586
335
33
809
791
63
241
182
473
845
263
168
413
368
622
897
900
34
424
368
588
463
3
569
159
357
540
541
746
96
775
158
204
756
713
29
943
386
357
120
167
494
190
742
255
736
558
542
477
62
85
238
483
280
731
859
240
253
297
324
665
982
717
914
803
460
746
320
497
201
47
592
643
869
212
373
33
837
6
587
258
64
750
584
758
748
548
433
43
615
714
294
56
607
810
776
416
856
355
195
355
45
150
262
82
392
564
475
157
887
705
322
292
604
382
431
45
741
12
183
932
122
399
274
371
221
819
626
110
660
511
930
821
927
150
719
443
533
760
750
174
103
714
428
928
613
694
830
585
871
4
861
508
295
242
111
312
483
892
738
988
491
930
83
393
530
587
673
298
599
531
188
623
912
472
33
548
805
408
118
606
691
518
873
735
760
817
675
191
52
760
39
976
480
812
36
239
13
173
228
466
266
91
538
175
148
65
866
363
788
937
128
4
227
456
549
341
449
505
327
575
267
66
584
567
127
575
602
720
533
208
408
119
257
931
307
440
446
161
570
619
218
496
242
344
445
777
340
150
401
377
246
903
201
301
346
289
36
178
939
863
395
369
360
201
395
758
817
745
55
74
184
651
592
258
868
117
48
615
623
19
964
779
108
808
400
807
690
967
859
534
700
628
172
451
153
219
346
764
357
294
22
704
666
303
505
406
640
749
949
422
630
841
382
276
873
857
823
834
636
517
346
565
828
169
111
95
249
978
347
416
295
486
541
328
832
246
868
75
540
860
996
827
781
597
153
709
524
809
426
689
859
628
621
944
757
308
935
120
495
374
743
400
497
179
541
871
685
977
219
944
779
471
780
512
151
42
672
872
68
829
642
852
631
816
586
295
473
533
832
133
664
548
714
148
582
371
425
574
91
764
884
169
326
65
830
805
413
22
642
571
271
10
49
655
202
364
510
47
252
791
674
654
384
994
221
575
989
782
535
593
362
174
285
868
704
528
885
414
686
152
872
95
187
172
20
277
421
652
239
322
333
696
330
577
475
505
657
608
385
4
953
664
410
130
218
691
455
938
417
160
953
876
745
746
891
5
77
280
525
824
723
985
35
265
612
121
877
646
660
657
256
359
168
906
328
62
521
512
884
305
843
187
644
936
216
304
745
397
214
338
936
386
220
441
173
239
540
679
186
809
504
614
314
94
678
815
337
962
138
685
579
573
47
76
789
107
348
773
343
695
424
773
467
348
92
524
585
25
604
697
659
213
302
117
826
597
445
741
314
649
587
843
155
85
863
730
334
996
41
694
94
384
112
958
793
545
543
606
660
434
501
61
935
847
212
85
78
980
847
409
791
712
488
833
719
912
588
428
620
769
504
298
432
410
159
444
37
850
81
277
280
733
400
449
314
263
761
856
856
755
528
133
688
571
38
723
194
255
996
305
904
628
316
93
17
647
178
365
185
226
590
875
618
860
147
977
487
578
313
575
756
632
544
400
583
204
6
386
264
520
801
400
572
73
630
333
328
109
461
501
407
141
522
750
601
682
325
817
798
941
810
77
873
251
687
16
446
629
797
384
103
567
452
340
397
435
908
226
602
535
300
480
469
423
906
203
447
526
989
47
715
595
30
2
587
921
956
168
898
422
328
25
971
130
78
601
341
339
980
522
362
64
401
784
321
401
611
80
396
327
131
338
897
817
592
416
36
877
85
424
955
726
154
895
86
671
544
835
225
712
253
923
628
562
470
534
571
500
609
914
710
275
958
263
387
