652
423
186
649
289
960
198
284
452
665
796
491
313
921
10
54
513
237
142
970
500
891
971
950
441
446
776
409
698
407
983
94
770
822
608
873
522
727
23
947
604
298
15
451
850
484
216
432
61
486
377
715
606
47
182
846
716
243
431
804
852
359
508
109
342
657
45
917
341
743
75
923
484
387
584
317
269
986
445
675
914
923
838
951
480
2
903
301
173
961
446
490
455
639
24
180
105
906
22
540
974
306
114
53
695
784
814
668
225
850
12
430
250
44
949
848
917
555
449
15
433
927
343
557
629
333
773
915
625
587
132
733
48
655
548
364
871
234
702
368
568
506
881
796
754
454
885
6
907
178
522
547
676
516
126
383
158
946
166
371
498
88
395
565
654
560
365
7
4
269
787
307
815
322
859
262
675
60
566
645
373
86
197
641
383
940
76
369
820
448
677
939
622
375
368
73
15
411
202
790
330
314
297
399
677
141
400
912
822
615
663
203
639
961
669
432
862
780
691
938
998
284
214
457
723
248
830
107
821
655
74
174
437
576
267
576
533
746
811
75
836
236
324
887
223
163
714
445
456
929
953
535
799
107
477
421
559
349
569
279
686
360
52
13
685
365
419
799
429
390
245
617
595
825
715
447
578
525
21
862
808
379
117
632
1
775
604
921
453
894
327
958
159
859
645
552
526
361
486
45
870
801
238
914
601
911
949
927
348
881
127
517
384
173
927
986
44
616
792
496
291
937
390
62
928
689
684
689
919
23
951
323
762
911
968
140
390
603
418
332
317
210
421
374
691
983
72
846
832
903
142
816
995
637
257
9
930
599
642
242
912
180
42
922
473
330
198
188
266
582
0
16
995
496
197
314
530
792
792
16
931
378
877
934
45
728
914
501
713
11
580
158
590
499
471
626
774
671
75
75
892
367
51
295
289
927
810
611
795
687
535
794
312
257
532
830
227
252
355
791
550
616
466
507
128
957
165
776
628
15
590
209
433
320
943
774
42
632
48
663
151
328
769
292
670
698
823
605
413
888
795
97
116
779
857
810
946
900
598
464
668
595
383
652
416
639
259
873
291
481
27
582
827
954
909
855
367
61
311
282
720
353
725
458
546
338
684
712
551
246
455
77
454
171
943
122
134
361
867
714
740
18
236
549
613
902
649
110
903
979
413
11
885
740
587
932
376
339
734
987
281
492
910
490
11
181
871
729
443
99
581
765
21
52
17
192
334
351
433
978
764
698
184
126
883
713
367
805
338
298
698
326
243
972
878
134
235
272
151
972
500
305
969
456
968
807
357
268
644
55
654
399
105
260
269
556
50
244
739
448
831
410
325
77
107
120
25
196
8
824
618
5
759
269
133
36
808
976
91
716
494
342
985
807
219
388
691
681
757
679
387
724
448
868
806
243
578
688
29
151
355
632
483
905
768
121
606
249
972
460
435
72
872
908
577
455
123
742
852
741
667
197
273
519
717
73
116
425
718
524
522
499
758
19
339
870
577
566
192
124
818
899
721
794
855
22
68
822
234
722
533
633
749
290
49
7
298
107
677
934
93
318
143
967
834
461
628
493
598
146
711
714
634
869
127
522
557
268
371
943
699
932
575
172
61
290
376
120
845
783
959
682
97
72
19
892
194
164
644
21
480
511
667
94
378
158
216
230
123
327
88
607
530
185
252
567
166
896
193
548
146
388
610
27
425
154
552
784
320
544
587
356
228
615
375
100
202
23
927
75
796
989
96
158
942
766
163
149
457
851
864
64
717
886
333
927
332
242
95
762
154
754
981
320
887
520
835
117
923
931
786
872
583
351
21
170
870
634
550
171
152
268
555
138
678
507
272
256
110
383
15
175
304
622
520
331
56
127
59
290
555
550
226
86
585
350
707
32
860
16
503
12
978
306
655
326
407
364
358
813
878
404
899
661
839
449
960
994
642
646
74
523
515
23
5
786
675
293
7
362
180
818
231
500
12
20
33
673
152
99
699
252
51
295
339
347
964
7
959
301
846
388
857
271
942
438
786
748
552
265
526
596
32
884
584
59
847
983
40
513
888
35
251
152
83
297
947
181
81
747
29
638
433
774
398
748
850
349
818
349
948
985
817
927
283
61
734
770
156
662
570
941
989
964
823
483
254
815
282
870
789
383
799
44
466
264
699
926
977
49
995
150
690
482
978
42
467
140
26
632
657
574
467
336
27
618
864
129
141
29
919
876
350
42
537
480
574
690
980
593
993
244
62
837
844
890
58
448
577
853
864
35
624
70
327
102
977
734
943
844
887
495
914
950
694
590
836
767
947
458
943
504
437
640
879
15
98
650
386
405
9
193
820
27
633
875
224
401
270
459
945
293
667
339
598
867
948
833
194
380
280
813
567
494
109
885
683
153
911
574
505
670
619
308
56
515
88
755
512
419
7
943
461
803
220
526
994
158
168
311
700
718
156
838
48
626
940
835
564
168
301
47
706
347
665
609
114
589
898
845
496
155
219
276
609
88
850
598
398
911
343
511
347
301
868
191
332
781
794
815
255
573
590
766
764
972
336
652
384
998
326
592
759
314
868
756
678
992
893
197
591
967
390
389
452
574
594
106
581
805
731
624
74
66
396
57
730
165
15
528
636
348
410
545
835
942
847
151
811
537
778
280
101
927
368
843
710
104
20
450
760
360
477
739
722
472
165
31
873
569
20
2
755
700
276
91
537
314
980
175
261
142
704
168
938
681
585
505
459
380
924
131
528
396
691
369
538
800
644
695
679
53
332
518
4
442
292
667
161
998
757
538
666
349
434
758
122
405
225
219
891
752
586
902
23
828
960
935
923
655
344
836
176
573
600
50
501
678
448
867
483
579
866
366
510
886
28
257
631
770
933
503
780
282
380
616
190
650
67
326
712
827
140
873
610
43
196
986
739
107
504
538
26
403
658
784
924
74
376
506
244
735
750
876
75
368
982
701
133
353
201
375
801
497
674
8
709
466
632
446
798
882
782
426
65
369
417
861
356
690
665
389
166
544
920
63
47
589
362
425
27
450
742
119
990
236
147
340
213
801
349
232
932
747
904
321
352
132
889
871
169
631
853
160
881
201
878
735
875
917
791
632
0
4
1
336
933
272
66
13
346
94
513
145
714
633
318
647
920
373
953
295
571
186
989
118
614
735
463
765
55
713
368
1
663
46
961
742
395
486
763
9
812
886
165
664
364
863
980
607
220
528
686
351
151
567
422
932
814
930
708
29
1000
994
963
583
371
951
792
260
525
887
600
152
329
471
67
2
422
883
199
38
515
588
96
465
84
372
535
104
203
387
314
818
701
166
533
473
761
322
604
552
318
667
509
632
832
963
387
318
130
326
324
825
284
301
389
473
456
329
803
454
723
940
178
154
798
826
76
870
154
523
902
219
889
615
452
419
797
441
956
240
258
687
998
479
488
703
904
7
934
348
205
901
798
970
126
272
513
893
621
811
416
999
920
807
991
971
486
854
124
64
595
867
483
642
162
298
98
58
707
319
833
467
81
204
126
620
387
873
982
8
554
644
628
156
26
124
231
97
435
379
991
487
736
240
865
996
856
212
307
714
265
455
315
378
272
697
363
54
650
602
655
671
30
85
354
223
788
130
332
16
688
219
851
384
532
876
309
208
352
458
582
510
242
342
395
163
978
553
438
727
271
313
632
299
240
426
435
919
701
48
394
873
461
231
580
720
69
226
841
130
815
380
608
44
232
706
733
561
903
784
498
111
537
858
390
175
996
796
401
984
457
516
102
733
742
582
333
218
837
221
596
531
382
630
552
734
232
889
99
702
579
239
440
914
930
503
727
765
84
634
323
979
151
168
54
317
608
807
276
623
516
523
94
42
549
227
860
487
698
29
385
897
838
82
169
184
69
250
881
923
651
13
755
426
807
322
429
474
644
751
528
967
457
736
967
481
580
505
194
235
752
677
326
794
338
106
812
202
299
572
613
631
138
318
731
403
911
291
52
706
790
835
483
41
736
144
961
788
98
897
698
934
449
855
306
485
510
150
504
6
368
356
391
323
25
238
507
272
85
806
334
434
491
845
491
191
33
561
674
825
701
146
530
826
774
791
292
459
344
157
336
716
215
18
2
25
617
366
141
892
677
858
331
208
816
880
443
988
287
682
348
581
872
367
594
913
642
184
163
590
662
910
940
150
451
123
349
951
252
806
118
406
171
591
947
967
808
878
180
555
41
734
340
435
335
982
10
482
637
945
115
409
316
764
162
476
879
236
977
909
836
563
463
247
513
412
467
834
867
143
558
43
832
621
591
214
910
781
915
582
801
184
256
576
725
916
602
557
970
129
18
687
568
685
417
342
579
671
290
529
427
762
651
621
593
454
953
344
710
601
187
547
578
224
278
665
604
400
337
870
124
252
249
141
479
326
973
904
381
659
667
223
752
719
807
219
193
816
863
904
887
382
663
734
609
120
253
912
705
827
194
326
941
55
561
577
634
478
865
434
658
403
490
948
874
513
859
789
429
230
134
894
681
169
717
994
937
609
367
937
134
173
10
655
417
933
430
423
394
441
314
928
815
876
506
652
918
806
592
98
768
489
967
970
842
314
942
996
327
896
188
492
771
464
579
871
750
481
241
31
686
888
288
933
921
47
572
679
511
777
598
618
396
263
404
382
474
275
680
166
686
656
396
510
523
88
230
749
63
37
231
142
1000
326
500
18
509
35
928
24
643
236
156
427
378
493
342
834
185
85
753
690
376
39
258
50
662
750
987
557
415
881
487
359
121
46
413
986
248
961
662
77
68
305
823
39
235
60
852
415
680
349
997
775
164
873
686
565
490
251
410
644
794
228
737
734
141
236
440
715
531
149
508
615
373
473
638
52
421
316
58
344
959
43
198
180
277
453
233
689
77
975
752
323
588
38
562
708
442
658
803
315
152
400
784
336
173
275
121
820
56
557
998
761
54
717
690
161
344
816
249
918
591
137
67
727
913
737
657
585
504
119
145
715
574
454
454
329
653
83
278
985
456
813
553
927
833
227
281
524
188
670
782
669
493
61
103
744
285
430
363
119
44
59
919
804
984
992
330
810
822
170
653
417
602
55
462
290
190
540
474
567
565
465
938
749
547
381
882
285
888
959
339
661
404
229
526
821
704
963
341
913
193
794
481
807
407
467
367
162
586
986
840
879
897
589
467
91
342
567
642
22
628
370
420
743
429
484
853
967
254
726
794
427
375
640
6
600
982
698
499
773
310
676
638
804
800
905
971
343
974
459
636
442
551
920
761
556
56
250
327
997
351
115
112
535
8
172
223
0
835
871
201
741
155
91
140
505
823
478
692
219
630
678
598
997
899
803
160
887
994
533
65
158
110
964
833
807
829
227
872
295
674
50
465
342
8
287
365
111
652
851
463
884
796
477
744
954
842
484
2
499
512
437
460
516
580
250
344
205
73
682
910
207
400
774
864
245
52
157
550
565
225
503
492
890
523
420
568
606
749
574
582
961
975
911
386
893
268
960
942
141
810
50
307
802
52
519
350
504
774
700
944
568
93
388
634
448
631
439
252
739
123
682
779
83
985
737
200
607
86
14
508
94
403
154
781
378
395
501
524
98
216
958
277
847
526
931
327
364
30
246
255
424
931
97
114
10
504
748
8
525
139
75
39
257
48
654
266
48
595
141
304
129
463
343
294
414
199
497
864
689
668
188
47
288
802
375
698
804
792
141
928
807
936
745
650
948
709
787
976
891
12
68
518
620
422
105
219
511
247
661
440
8
317
183
787
184
830
482
19
918
877
485
292
836
442
567
358
140
173
156
73
65
412
854
316
985
301
806
498
461
472
732
372
420
523
728
174
255
242
858
946
990
616
597
184
550
558
352
242
935
534
412
737
962
280
802
755
27
343
109
849
83
74
226
292
822
391
418
864
930
729
145
460
255
696
723
432
912
584
59
288
616
178
837
153
784
244
428
743
207
882
253
475
951
721
603
8
560
121
164
49
396
646
994
131
133
305
624
614
905
17
646
597
64
59
758
466
968
125
451
303
375
285
582
797
458
2
527
917
638
419
241
615
866
279
194
702
435
728
695
522
535
285
278
118
877
426
342
829
764
939
800
103
35
693
276
248
225
182
666
523
185
80
502
454
100
582
545
234
832
279
640
964
569
11
330
921
243
831
126
407
389
104
606
866
350
128
562
272
426
716
96
718
987
672
106
740
92
969
46
170
973
104
2
756
58
955
114
712
542
913
689
55
405
502
742
754
870
592
36
532
994
461
636
502
216
589
318
68
653
253
642
69
311
382
166
407
80
602
948
789
746
556
244
433
74
145
754
984
802
441
398
172
147
738
569
995
968
788
773
839
552
712
278
867
543
591
351
964
733
576
559
90
541
1000
788
891
5
778
926
948
214
804
126
350
600
265
126
692
199
263
883
408
913
758
577
615
432
35
355
692
403
222
677
144
212
782
680
51
770
541
748
93
889
634
599
970
147
224
743
679
315
303
695
142
816
263
367
480
190
320
341
870
707
27
972
383
227
211
124
24
493
510
918
306
204
922
238
151
283
198
589
681
582
293
301
890
165
32
950
216
893
84
521
993
75
936
588
829
917
423
896
400
322
954
74
265
459
483
41
30
320
699
516
806
659
120
162
247
354
271
361
748
62
58
206
303
700
559
610
879
794
116
611
780
429
808
859
820
343
434
904
488
857
968
108
481
385
766
48
559
800
912
51
587
819
478
552
55
795
439
859
784
765
555
723
986
477
940
588
672
936
925
500
358
722
848
894
43
731
245
99
386
209
756
206
360
467
673
284
459
862
49
97
437
596
504
527
848
949
148
51
638
502
934
346
16
296
177
400
679
319
401
497
567
573
597
748
73
437
268
234
526
631
530
296
585
767
91
626
682
82
427
245
384
167
737
323
791
983
929
304
691
164
111
59
892
380
366
747
583
816
193
807
694
913
747
161
349
90
473
992
550
142
907
903
485
449
910
626
552
208
536
548
759
935
285
385
694
137
924
802
123
78
405
984
944
15
171
76
440
828
108
170
996
885
709
431
838
313
327
284
595
157
362
15
680
425
458
968
259
645
592
928
311
623
223
112
206
266
532
426
476
102
17
548
312
146
561
979
983
321
956
436
16
303
911
533
836
882
138
84
621
986
92
607
347
235
734
587
690
753
162
272
661
221
521
820
802
731
446
366
575
221
266
260
873
876
673
664
781
410
455
113
824
2
346
798
76
94
58
170
822
378
652
414
842
354
500
314
987
521
485
420
385
621
560
573
227
659
11
175
393
506
45
805
129
33
939
926
459
504
674
197
40
540
197
60
454
589
139
670
871
366
463
905
298
314
434
497
362
194
15
44
927
587
373
951
550
497
384
833
39
481
565
580
2
661
987
955
839
671
917
100
735
931
892
530
313
484
315
995
838
781
440
455
17
459
198
183
370
39
662
624
538
111
808
598
640
181
342
248
395
470
142
656
76
639
685
269
811
441
400
870
431
5
443
59
151
586
849
504
301
597
620
346
730
458
246
577
841
836
784
834
960
511
158
758
142
673
156
244
20
150
447
763
667
480
641
456
193
555
212
958
123
391
834
992
564
918
819
208
766
111
27
276
692
240
606
873
662
30
876
578
552
761
308
890
817
838
582
977
387
140
684
696
308
139
543
285
45
69
497
497
532
50
189
146
127
228
691
568
637
941
19
70
865
284
75
570
899
734
481
895
300
977
277
972
335
846
184
160
618
886
553
548
797
660
317
689
921
703
180
519
28
653
491
788
326
121
199
433
150
849
750
959
670
617
516
349
905
801
66
227
780
728
84
309
169
27
920
886
837
15
141
443
806
501
328
208
362
860
162
477
821
885
936
856
822
7
746
494
257
54
754
627
676
612
960
35
274
999
908
926
23
970
941
426
420
516
561
282
571
210
12
10
641
566
574
275
930
12
616
384
322
416
210
384
565
210
875
615
214
914
386
939
212
964
506
131
72
283
825
431
872
277
829
178
354
906
341
319
79
359
71
100
570
511
539
522
821
587
826
454
843
193
864
794
311
580
65
58
710
939
10
283
92
83
522
497
921
411
106
826
203
693
887
829
423
457
830
803
931
195
371
384
494
960
307
300
545
794
410
282
762
849
882
410
646
41
35
999
314
141
407
840
87
51
606
61
53
397
843
136
765
409
631
223
250
415
616
737
521
439
366
246
670
667
398
381
592
956
138
875
991
648
238
878
158
392
600
134
644
230
738
696
304
461
233
217
204
785
90
327
961
66
586
174
828
598
714
446
307
286
638
366
888
301
0
663
430
797
539
218
124
940
133
335
118
38
426
863
669
258
228
295
700
821
758
188
909
77
385
326
610
884
903
549
691
699
23
862
828
739
658
327
378
206
53
376
685
685
963
83
703
374
721
277
954
504
396
190
64
91
695
948
107
517
863
607
362
728
832
874
858
878
223
310
299
793
981
881
330
602
425
790
112
895
397
912
319
101
315
716
197
386
531
443
584
819
751
766
286
827
352
780
410
468
331
860
61
957
797
319
499
645
428
320
186
610
77
511
446
461
363
610
690
994
302
950
670
605
831
149
656
662
237
923
221
478
377
975
523
977
584
903
747
60
681
791
961
125
187
393
425
821
953
293
675
706
760
749
584
81
196
665
616
189
277
797
940
209
789
759
822
420
353
310
11
753
659
424
482
10
408
284
931
867
322
817
764
602
646
389
718
581
503
320
588
916
191
158
2
147
823
420
311
615
44
429
345
11
405
282
17
651
29
916
755
884
481
751
583
783
368
831
48
357
176
964
946
578
425
180
819
432
34
211
360
437
3
88
385
52
524
734
315
927
594
958
801
74
532
825
976
845
734
37
403
318
736
547
77
729
296
298
319
65
279
18
80
994
33
589
942
948
917
520
135
271
252
552
355
299
345
552
797
199
14
913
517
232
467
332
380
151
849
95
347
765
974
773
541
945
135
703
148
691
51
953
250
876
882
786
816
542
620
546
383
18
145
833
714
54
753
420
942
179
527
424
124
313
835
509
613
237
915
144
780
197
164
186
384
688
23
479
433
974
90
263
86
966
258
113
693
128
743
752
390
171
705
811
458
943
876
101
593
46
500
99
198
242
847
212
10
210
151
130
365
360
52
732
943
523
888
810
270
190
414
104
837
243
220
254
799
277
942
1000
321
366
891
225
940
255
463
67
614
702
670
239
829
917
896
349
61
930
26
653
379
896
779
97
609
798
781
961
450
596
910
754
852
682
15
122
329
588
939
952
426
446
651
247
210
986
985
293
976
184
71
376
329
495
942
925
578
261
85
872
827
302
955
492
990
33
265
860
870
716
764
314
632
13
625
538
485
33
307
374
758
573
612
387
15
690
513
881
37
85
968
607
726
456
80
917
548
688
432
451
174
772
461
771
692
467
526
497
742
243
884
980
172
403
172
833
244
574
194
574
823
210
725
258
794
774
325
95
295
731
505
912
445
543
382
980
817
423
216
184
714
863
34
334
521
7
942
802
406
627
722
978
516
664
319
121
320
891
290
881
278
740
402
666
527
471
177
171
166
993
493
134
984
591
377
706
591
740
302
853
271
460
396
378
652
433
378
231
448
37
141
284
759
112
444
408
114
860
532
684
180
367
612
353
987
781
358
528
386
714
307
751
989
864
79
899
44
324
726
300
431
897
77
569
10
941
678
978
19
463
958
222
780
437
965
521
799
648
458
484
187
860
203
471
295
760
404
766
987
638
117
774
641
745
123
428
792
933
284
215
960
631
266
7
632
912
139
587
614
327
722
156
227
70
637
457
569
986
360
519
992
962
976
43
92
575
77
803
607
494
910
433
711
161
566
895
889
257
921
913
474
343
491
699
754
793
984
360
305
506
443
799
113
169
916
704
121
975
92
268
443
847
861
623
958
716
797
575
449
492
229
594
804
878
937
578
287
26
488
37
849
679
239
85
93
631
224
354
707
188
828
975
33
708
115
510
234
610
401
53
692
599
978
669
138
766
735
629
775
735
122
556
923
306
371
169
217
1
378
268
210
380
33
911
126
611
109
498
454
78
177
700
9
909
213
915
132
971
918
994
703
962
523
451
368
527
22
474
720
962
525
663
840
839
230
905
154
52
947
256
382
483
697
668
279
980
914
47
816
638
287
922
779
982
994
731
137
928
412
203
851
477
476
19
921
775
767
94
359
612
395
867
163
577
621
6
857
127
520
992
807
512
475
970
718
355
33
81
565
220
852
195
606
745
505
235
156
788
291
252
669
98
155
147
54
297
117
74
849
487
343
407
366
786
409
328
987
933
74
923
835
772
423
595
198
307
285
205
103
605
749
192
556
873
388
595
164
176
180
72
370
685
951
632
137
512
52
232
0
586
212
884
244
75
770
389
856
405
952
238
694
872
914
836
442
52
392
233
513
463
633
508
492
902
780
4
80
665
196
759
189
415
475
800
3
811
364
404
549
834
305
379
979
891
595
943
765
45
925
708
437
0
333
523
825
280
465
276
332
611
196
85
261
603
87
979
374
46
714
37
470
939
550
675
384
354
634
580
440
487
410
459
185
289
170
304
670
577
572
199
84
632
175
230
610
827
939
667
265
712
623
59
86
296
348
788
925
344
230
187
399
358
470
602
326
12
867
407
602
982
598
468
703
612
86
256
906
786
850
587
229
923
195
281
83
769
295
443
996
599
354
775
524
605
125
933
337
187
702
432
946
765
234
985
402
615
179
125
38
466
574
664
139
448
894
887
363
508
915
513
898
248
272
195
977
992
594
510
281
544
259
878
507
958
575
384
986
627
533
577
174
614
794
563
247
185
153
366
902
423
871
342
727
341
345
609
662
245
290
70
129
938
889
759
310
347
911
248
897
231
731
987
696
998
859
359
717
685
298
579
565
710
80
8
13
51
174
545
441
174
764
89
912
351
563
721
655
275
196
361
226
195
715
509
471
937
580
394
764
890
628
432
293
323
802
271
612
210
246
371
186
347
290
717
828
951
231
987
326
575
319
718
119
676
194
934
376
245
168
421
516
662
798
198
979
242
816
623
18
38
23
503
46
824
547
840
666
29
728
353
323
634
628
310
368
222
443
356
773
762
767
933
686
989
763
726
524
733
509
498
318
676
591
722
593
483
408
552
592
535
863
719
189
332
871
282
670
37
34
245
33
611
714
625
894
513
512
437
789
819
727
70
501
389
539
914
471
696
412
154
154
542
69
560
420
837
728
40
517
982
633
846
484
940
280
402
348
536
864
123
434
545
249
924
145
366
284
745
481
122
30
154
218
574
549
188
522
339
547
670
837
774
408
569
727
390
136
640
369
744
668
621
548
514
785
172
208
184
544
516
497
180
664
796
826
750
802
494
958
317
134
992
615
850
359
74
846
685
150
922
659
484
340
871
23
81
445
343
497
281
332
99
816
839
910
735
338
374
157
733
992
744
228
768
745
976
46
655
409
512
649
770
298
490
857
915
441
834
65
172
728
811
757
945
274
297
31
894
26
880
978
942
580
142
704
971
973
366
801
710
997
376
832
711
954
152
496
372
661
705
884
129
937
787
165
75
195
571
961
607
747
349
453
55
955
532
162
306
420
98
46
681
405
274
624
683
935
253
834
172
757
592
68
893
806
612
264
411
115
170
86
211
734
527
809
319
565
747
605
421
798
171
504
114
179
492
353
626
403
229
477
610
818
473
456
79
131
614
527
124
851
156
937
718
74
543
834
287
872
852
230
907
989
970
933
396
139
339
541
154
636
171
660
293
679
27
606
46
560
241
521
286
169
85
29
142
764
920
614
147
555
198
165
619
932
804
914
486
796
883
376
888
815
298
854
460
128
280
216
827
117
130
849
275
380
801
489
910
382
100
801
397
572
425
943
827
209
576
67
183
936
5
509
118
183
11
91
132
495
218
178
720
944
777
144
309
218
432
430
184
360
654
342
844
830
931
553
536
51
640
575
657
825
557
725
880
626
311
503
433
328
651
53
435
560
333
872
448
486
339
635
600
301
67
486
457
249
134
652
427
740
476
181
588
482
938
270
614
671
380
985
854
656
140
862
893
337
871
57
588
942
701
20
732
602
221
308
458
766
746
94
450
733
219
667
824
670
99
59
294
905
58
998
669
786
10
22
9
25
588
764
465
560
449
495
630
362
119
655
702
263
230
135
964
338
394
638
991
368
960
935
309
351
311
300
519
712
135
626
649
961
337
879
125
593
810
369
813
469
953
198
615
641
343
223
66
448
182
0
820
571
989
939
516
90
758
480
149
973
885
750
612
651
628
61
984
38
231
617
212
725
35
175
732
544
597
6
797
867
154
961
408
18
208
245
244
847
675
895
350
320
914
342
440
929
624
798
28
115
250
413
26
778
340
858
628
365
526
268
929
509
803
756
372
669
869
759
766
723
728
992
15
258
167
286
879
1
84
137
559
786
892
122
395
656
227
78
516
450
218
515
917
879
479
983
223
491
509
46
824
409
975
256
879
298
82
187
616
460
750
164
772
26
942
251
665
504
981
971
651
685
257
394
213
122
722
743
47
204
690
609
898
504
391
471
778
908
385
54
341
7
955
792
379
31
737
28
389
581
740
231
656
175
980
540
214
236
194
229
979
6
261
345
616
927
346
245
328
564
88
296
156
936
426
700
727
741
373
85
594
260
835
855
467
775
810
196
257
599
479
140
45
581
566
619
134
976
597
694
46
760
963
312
900
441
74
399
471
109
972
986
774
765
984
399
857
815
131
329
416
700
20
798
58
357
763
723
24
858
559
554
494
937
802
374
616
310
938
225
634
306
936
486
839
229
29
722
967
645
147
576
972
411
715
760
461
776
505
614
329
103
33
333
333
816
425
215
822
234
707
758
286
515
433
12
229
105
2
980
248
564
290
764
147
925
49
683
742
763
206
450
89
354
217
571
805
335
936
763
240
963
732
196
599
136
915
919
531
21
528
891
728
677
809
126
165
871
438
516
493
193
828
520
233
163
755
165
514
180
932
818
537
420
218
508
851
318
326
493
599
661
945
209
270
514
709
355
663
670
209
777
146
752
359
106
480
668
356
255
115
47
565
433
850
113
91
227
627
484
432
954
432
350
188
781
109
146
757
279
277
184
820
484
973
339
808
629
436
122
713
865
99
853
744
273
785
668
606
184
352
277
224
447
564
799
853
485
790
127
269
454
324
63
117
280
818
810
680
437
235
157
847
729
325
259
666
726
159
614
200
510
558
558
511
55
938
297
711
501
692
963
794
99
117
663
870
843
364
823
29
604
424
257
228
205
965
940
286
843
994
541
971
161
82
463
331
524
969
313
403
572
774
967
958
838
387
128
969
616
136
729
671
814
288
811
455
952
25
786
582
876
783
210
137
130
133
612
539
796
543
104
484
473
362
403
354
17
862
779
493
874
233
151
972
2
52
533
251
392
356
439
84
211
697
707
311
238
493
106
484
743
492
102
640
338
826
21
658
122
211
256
116
984
119
464
792
716
414
780
790
782
644
284
552
960
642
491
288
72
989
59
538
640
380
588
207
542
641
582
506
97
316
844
699
286
308
727
13
487
277
492
103
672
415
722
297
901
263
936
256
52
345
68
359
222
715
960
445
550
650
591
619
555
790
942
489
10
413
73
809
252
282
523
883
443
771
837
390
213
616
468
999
895
333
212
630
893
476
727
739
127
475
305
683
35
924
64
393
626
155
793
370
879
747
572
471
245
387
257
186
804
492
160
276
142
91
317
56
247
848
517
393
339
846
666
196
15
746
841
707
958
298
248
916
165
196
455
605
793
571
832
69
978
155
464
184
580
805
956
102
286
223
601
573
75
857
688
687
897
491
16
851
336
975
488
420
841
154
841
940
626
147
416
441
237
547
680
737
879
23
185
518
467
202
834
365
736
914
809
170
16
336
714
696
922
156
309
145
300
560
303
726
320
104
353
199
222
344
490
130
215
877
337
78
388
857
188
775
807
732
271
217
376
194
643
977
699
125
788
378
666
618
473
665
751
207
199
57
828
166
161
163
328
63
168
580
371
727
278
670
343
660
745
157
909
921
687
77
162
267
213
426
665
678
421
115
354
594
55
489
289
634
134
284
255
656
506
579
402
34
570
102
166
621
436
342
8
842
785
780
158
542
362
621
281
624
538
763
131
443
974
724
364
45
906
129
864
767
866
183
137
999
909
720
192
848
37
145
470
492
784
780
307
749
18
54
103
219
594
277
648
571
756
281
414
904
880
459
788
146
774
258
162
519
724
885
839
677
723
229
20
875
384
166
525
55
187
367
979
762
473
655
972
365
212
703
265
185
313
161
756
322
241
429
256
964
357
557
149
284
413
16
315
939
397
420
822
410
413
695
358
223
177
347
529
259
374
287
673
74
842
307
530
190
291
607
869
175
997
351
406
686
777
949
945
100
752
411
978
130
667
727
686
518
820
662
782
584
283
887
56
488
951
360
172
489
896
992
377
201
418
330
983
469
699
757
693
988
20
929
334
105
457
644
540
93
160
93
752
453
464
113
35
24
240
908
307
793
574
278
357
31
571
626
552
328
343
196
744
695
360
154
63
597
42
447
961
12
279
734
500
611
188
333
894
486
219
459
120
987
59
711
784
392
990
82
86
2
90
514
481
263
310
659
103
643
369
96
390
134
164
123
645
848
209
470
108
676
455
178
100
59
568
28
564
216
322
407
858
862
333
512
216
467
786
670
224
654
189
109
464
466
657
192
638
322
29
936
563
342
420
354
767
840
64
789
331
644
599
226
963
589
947
275
194
23
290
804
492
876
944
554
754
751
709
734
962
504
898
700
598
908
440
668
733
995
790
512
853
757
965
556
272
704
287
858
59
856
706
599
8
397
613
992
491
468
390
725
133
228
810
486
222
61
218
248
382
237
408
800
566
373
411
69
745
831
196
658
182
361
558
984
231
349
133
740
373
511
149
266
29
378
980
778
374
170
576
823
925
176
390
484
897
518
312
564
112
903
320
38
336
406
225
746
859
762
717
409
231
771
284
649
28
204
632
613
659
808
180
36
606
468
423
212
877
424
688
494
933
695
199
177
222
801
668
124
948
709
263
157
358
819
740
755
339
533
742
47
878
283
82
192
497
873
679
598
529
263
610
497
63
348
710
486
477
824
22
221
322
106
479
374
979
963
778
919
731
762
498
371
764
113
444
452
972
722
340
334
278
476
328
73
925
49
415
188
931
964
746
318
636
707
22
1000
452
714
837
334
10
396
104
218
980
492
809
429
435
190
72
345
481
651
939
112
971
89
364
268
814
650
674
564
576
368
36
733
394
530
940
852
282
512
245
923
591
615
572
862
384
288
759
370
158
375
389
690
219
333
143
205
554
313
286
287
659
255
204
563
28
866
960
979
741
28
885
634
386
617
505
878
824
604
823
645
57
914
9
6
518
280
560
556
510
327
651
680
433
640
162
969
37
592
678
138
89
966
406
261
29
108
233
262
849
91
909
158
534
800
505
653
216
678
372
111
973
4
947
855
276
367
29
512
35
312
729
618
386
654
738
267
438
638
22
189
855
751
875
722
460
712
170
141
23
704
412
680
161
398
264
579
336
121
466
456
569
105
328
360
460
262
554
77
134
229
727
755
534
686
123
903
55
329
205
108
415
786
932
628
699
764
750
745
587
427
820
880
113
725
869
963
702
802
747
463
370
374
578
179
143
839
8
761
524
541
133
377
434
515
728
75
669
568
457
166
568
645
717
148
812
926
327
942
802
384
956
897
796
510
455
338
975
994
634
175
741
175
650
365
685
260
282
167
349
216
558
782
850
714
0
122
738
405
530
676
13
432
566
931
259
543
554
763
880
241
111
253
715
533
509
677
333
763
620
543
626
115
70
716
570
408
526
687
162
803
215
466
155
472
713
613
538
851
718
641
279
308
38
918
712
651
105
571
318
335
250
187
905
617
395
688
163
610
895
9
20
759
703
999
813
871
12
277
341
756
904
20
151
963
759
586
868
979
481
166
405
600
632
784
464
11
46
604
891
508
664
287
180
326
695
886
931
36
829
17
45
785
448
398
513
79
569
965
250
703
998
768
921
80
33
835
777
327
653
24
50
396
193
470
703
824
743
331
957
279
7
214
957
201
8
869
942
107
572
782
653
479
661
808
229
813
408
599
248
534
961
635
973
406
269
62
54
984
307
991
167
953
406
5
577
211
415
710
314
335
823
788
6
908
327
634
256
732
989
360
213
338
91
777
346
718
218
799
631
536
168
911
403
250
102
83
75
227
85
857
72
152
125
493
436
59
496
461
492
818
223
689
409
123
20
449
628
406
584
494
552
627
753
263
539
202
182
367
553
398
816
840
955
262
766
695
734
213
519
684
724
890
311
648
563
275
101
772
574
592
660
927
811
668
602
139
276
211
217
595
304
551
252
903
999
203
306
212
889
116
862
89
38
871
194
589
275
589
803
55
769
235
483
694
125
480
839
758
86
191
524
261
762
511
686
152
336
887
262
889
819
197
104
592
822
523
830
417
605
128
442
467
96
400
841
885
352
154
766
255
535
223
169
356
84
519
992
349
337
529
160
591
374
147
943
289
288
919
126
265
14
369
985
360
473
726
737
142
541
662
2
161
483
165
434
950
95
817
691
381
465
926
12
944
808
806
715
404
685
233
270
818
689
789
506
951
645
688
187
602
468
769
813
394
301
245
614
342
286
585
890
584
12
973
839
387
831
545
347
551
87
218
399
519
218
274
671
638
654
339
219
953
252
392
312
794
241
1000
15
857
341
215
868
892
775
141
880
328
557
618
410
531
77
726
195
836
593
983
51
947
845
572
550
376
533
447
466
325
800
71
634
367
615
832
961
686
641
272
386
253
826
809
791
473
857
185
290
521
55
480
805
794
123
379
173
606
555
527
678
873
298
941
5
508
655
239
147
682
269
986
94
615
614
579
556
487
133
130
330
352
195
334
470
14
693
332
92
134
290
226
878
183
624
662
884
670
677
241
790
573
412
535
219
946
92
597
354
280
441
873
443
866
589
793
963
572
58
838
0
214
110
552
168
187
696
129
771
62
90
54
831
118
854
749
991
744
100
2
213
478
351
887
503
620
216
837
521
612
552
616
134
911
584
512
505
207
262
77
916
859
443
631
596
794
944
765
119
854
936
142
13
834
525
430
870
460
516
390
822
408
272
17
945
258
210
321
221
955
841
76
314
783
273
662
318
198
798
354
64
818
33
835
278
755
130
597
911
256
64
113
861
359
415
438
632
369
156
872
766
533
307
9
180
112
254
248
24
795
158
69
502
998
820
104
116
833
426
114
479
635
634
344
487
47
943
380
143
851
47
57
908
229
776
127
474
355
256
228
912
22
270
93
384
511
328
184
15
257
971
758
910
512
458
421
720
447
647
447
909
334
383
447
118
929
984
256
699
305
80
647
30
125
675
922
147
766
316
246
110
401
357
138
284
826
170
95
902
660
882
23
104
473
650
613
664
965
173
323
517
779
195
21
278
589
10
153
446
661
473
201
853
765
4
443
696
271
808
855
18
703
506
657
389
207
740
540
450
531
414
39
658
146
263
73
463
968
948
960
472
915
891
432
341
503
370
492
192
833
395
923
642
990
1
145
436
237
209
476
30
479
810
10
545
741
614
204
981
264
453
89
847
473
119
996
789
690
734
886
98
518
360
937
987
849
355
450
397
284
73
85
12
578
558
155
875
714
774
80
337
607
61
658
994
98
377
689
788
261
679
594
953
92
532
532
650
207
380
577
910
624
17
501
445
725
624
965
296
504
934
46
423
45
869
825
554
783
549
513
250
810
820
423
576
873
466
25
546
708
190
372
621
494
390
592
429
205
272
298
2
513
216
916
975
489
738
121
654
72
714
411
529
111
600
492
739
936
382
466
501
588
195
518
664
481
2
172
979
757
126
60
403
961
677
712
640
298
629
386
430
532
883
801
767
67
763
288
223
115
903
113
190
4
372
804
650
134
801
996
954
447
46
527
125
91
299
397
386
164
798
91
237
490
999
833
280
442
83
341
296
532
111
430
668
772
995
63
941
555
192
81
66
528
255
545
72
168
1000
203
563
757
536
490
176
292
403
336
236
713
166
817
235
598
286
89
576
563
633
762
644
869
517
598
941
644
474
537
633
954
626
507
160
77
962
939
627
843
168
877
651
217
180
926
536
950
578
969
197
768
955
412
615
958
42
714
516
357
787
294
203
20
691
687
492
49
227
898
922
534
497
432
923
950
326
245
706
308
863
417
933
105
129
894
455
994
178
805
381
829
43
654
607
177
904
328
780
250
314
402
137
49
57
511
90
30
369
663
734
887
684
255
296
747
889
395
722
169
318
188
500
932
394
819
1
44
906
693
95
647
238
62
365
829
181
34
252
29
374
908
93
658
514
248
181
723
60
212
245
438
998
654
424
137
82
569
969
738
1
311
361
128
577
325
916
600
132
661
944
376
703
810
269
881
759
365
805
719
239
477
606
303
209
463
351
837
119
995
365
663
432
123
407
443
207
8
107
116
842
723
755
893
546
775
228
103
753
48
818
341
585
367
601
499
614
817
61
74
346
80
268
979
363
808
386
526
571
976
746
149
699
557
924
584
128
312
420
896
233
474
666
589
554
223
39
576
274
655
980
758
635
330
501
872
426
246
94
172
671
190
379
499
762
442
63
318
239
712
305
57
928
969
232
582
167
637
212
842
977
595
912
509
425
145
163
344
857
531
443
96
280
195
306
719
487
861
376
882
229
426
830
470
436
388
456
631
9
97
895
364
174
252
719
16
453
706
308
627
411
224
458
935
266
633
41
652
60
771
707
718
220
423
683
242
818
737
184
903
700
404
137
762
724
659
701
947
546
560
736
708
189
567
544
182
528
724
114
430
67
68
14
395
690
569
39
302
799
285
382
221
154
931
945
148
204
844
742
564
775
363
257
658
544
62
428
992
529
525
798
413
22
390
111
136
621
775
556
805
37
979
331
862
649
685
332
924
333
782
844
52
565
548
904
778
966
896
10
171
768
934
850
41
640
576
450
822
825
792
164
194
386
237
755
164
696
187
62
777
289
652
119
456
113
181
717
655
877
189
41
447
98
420
510
251
32
144
807
720
677
207
17
466
99
685
166
183
905
124
118
154
916
635
800
534
708
639
957
899
894
336
857
142
616
297
30
735
40
880
866
21
850
982
747
846
629
420
782
100
917
698
491
996
988
59
759
908
406
668
423
879
300
873
700
296
508
979
144
474
374
978
161
777
315
851
999
375
355
481
346
221
199
740
922
588
947
520
720
323
830
57
343
780
577
605
668
278
262
188
335
473
205
373
872
222
80
188
164
324
856
642
39
38
258
661
368
917
961
288
995
711
164
703
481
753
604
13
233
907
398
19
565
287
902
470
498
720
508
409
121
517
581
622
365
168
160
442
64
786
803
107
329
393
157
600
351
764
723
51
192
126
795
611
546
437
498
86
182
285
466
565
962
799
234
344
470
885
269
908
465
756
503
928
264
81
592
793
155
804
943
143
779
275
568
202
472
526
429
303
184
327
652
485
318
39
392
204
615
851
516
983
503
677
226
170
513
144
548
958
901
91
200
391
281
607
932
140
813
120
592
882
141
172
59
632
780
601
356
69
914
649
392
903
126
891
805
729
373
340
199
817
550
927
104
898
635
503
392
81
994
132
812
53
14
275
512
45
681
399
301
749
120
253
160
7
294
293
796
910
260
817
224
193
810
840
453
708
154
531
760
783
183
175
584
523
199
744
337
337
367
636
125
258
313
501
174
476
653
803
159
17
230
908
660
17
401
647
245
809
1
853
405
844
566
943
333
669
151
78
957
694
670
273
660
351
7
939
558
797
128
830
785
833
457
810
45
264
998
719
349
453
190
817
734
909
71
358
678
139
967
963
353
936
634
501
399
720
510
715
793
827
125
339
493
809
434
635
14
275
814
653
889
41
381
426
245
518
582
898
377
992
858
678
16
399
113
119
243
531
35
629
601
733
328
52
773
875
93
627
235
967
281
336
596
241
346
544
206
257
259
58
443
22
154
690
791
581
120
365
80
893
181
667
60
50
844
981
836
427
158
209
937
96
52
942
191
865
973
220
713
289
479
98
228
969
297
854
559
25
208
820
670
650
862
412
285
95
585
155
767
73
525
404
651
259
52
402
798
258
1000
629
630
672
897
296
79
37
110
152
762
586
943
295
497
322
903
632
420
82
417
104
376
625
206
684
203
360
957
673
205
442
810
601
181
980
384
484
6
647
1000
752
614
14
576
890
449
434
980
748
443
268
955
171
877
100
535
380
252
937
657
260
663
382
370
622
93
155
296
725
688
683
282
210
420
841
375
726
344
449
146
780
154
16
87
192
411
991
753
12
487
574
792
902
822
777
560
302
187
982
999
630
996
239
860
946
785
967
883
949
933
37
45
460
864
530
659
28
316
993
215
957
162
223
485
885
795
535
575
703
316
815
342
571
469
617
280
562
612
129
329
725
424
79
224
119
706
319
259
91
864
275
131
513
94
618
398
257
830
34
523
953
633
851
186
738
580
588
409
318
367
380
486
245
899
188
819
271
645
263
491
23
724
685
85
636
870
651
619
619
901
331
96
423
118
389
346
18
993
602
553
333
286
870
80
726
430
656
78
557
885
554
438
282
28
804
515
140
903
734
776
797
649
482
367
552
789
775
913
382
777
109
809
912
963
592
583
400
962
510
161
7
517
484
669
821
312
686
501
290
437
175
714
171
850
486
522
964
221
986
458
558
461
503
447
485
495
848
744
531
163
721
814
102
873
186
233
142
833
327
710
211
749
65
293
147
273
549
126
936
559
310
776
31
975
648
589
404
339
307
530
399
370
995
628
389
373
367
723
983
722
196
716
686
884
860
588
887
350
83
598
138
976
609
196
578
708
613
940
881
453
215
126
840
849
715
844
395
213
45
417
889
569
701
416
415
511
591
687
102
653
974
733
632
212
114
271
994
453
413
380
574
892
391
258
653
267
266
79
508
943
135
872
171
899
989
352
961
538
396
160
739
741
575
442
866
572
365
504
99
199
531
376
745
741
758
607
455
20
446
274
241
352
597
127
633
164
145
176
70
230
720
61
820
46
186
487
475
654
743
468
738
600
189
243
834
121
813
862
620
638
318
275
557
588
230
439
421
484
733
662
617
889
110
719
335
994
575
272
959
360
730
163
512
240
549
942
675
513
893
197
811
110
356
47
14
834
407
340
120
175
780
428
129
110
429
682
827
876
453
790
730
153
118
863
838
167
717
810
226
427
173
534
712
361
774
873
624
835
135
849
661
220
732
3
526
793
167
714
122
713
269
940
599
61
72
59
835
562
533
509
632
146
141
807
238
713
988
474
991
104
202
462
465
265
562
239
647
397
863
387
280
663
676
943
762
880
62
788
232
806
44
610
163
43
178
900
650
685
625
630
168
515
500
425
450
686
657
895
722
210
421
697
442
607
271
193
71
232
134
505
458
470
508
794
743
794
185
447
172
994
781
26
73
708
286
732
616
727
610
49
841
28
528
178
974
564
387
877
37
572
968
474
759
798
384
68
689
369
428
624
318
755
496
674
544
889
868
122
455
625
280
693
809
1000
771
587
269
279
297
619
824
121
286
649
403
695
341
612
971
38
280
28
151
281
280
16
540
825
386
290
217
752
410
663
765
45
40
425
536
633
485
628
454
665
654
521
888
265
48
187
214
903
421
801
230
553
380
28
944
318
356
734
707
676
272
650
558
914
807
675
211
702
167
965
138
287
2
538
527
541
323
940
173
94
108
562
138
744
454
386
764
264
334
643
484
632
817
252
371
121
907
598
21
494
239
598
744
164
44
158
660
490
985
392
520
43
966
154
742
960
900
85
193
63
245
480
134
51
936
389
838
15
222
672
715
950
597
346
729
713
391
322
382
476
320
389
316
276
191
693
671
708
318
240
550
208
327
664
530
30
787
889
715
769
5
595
326
202
814
615
7
972
696
985
812
593
33
683
281
556
823
512
103
222
49
340
543
223
919
153
300
862
942
163
682
325
79
338
385
525
935
719
615
485
455
49
356
333
93
408
258
5
209
696
713
872
843
257
273
200
198
124
98
240
705
8
13
925
846
623
976
914
476
820
508
359
265
966
916
121
879
752
277
44
802
72
196
487
451
448
290
792
655
974
602
850
326
595
698
904
806
122
935
502
897
461
506
794
301
133
942
314
772
77
228
392
420
217
803
298
304
278
475
951
410
370
39
717
527
682
321
631
39
51
393
149
392
774
347
494
308
701
645
933
97
598
921
802
401
190
273
735
97
168
156
661
101
734
603
860
498
671
653
507
727
842
971
117
833
795
689
992
404
91
790
989
650
641
820
856
241
533
638
155
410
981
529
740
530
701
568
225
372
817
590
29
361
145
841
332
564
146
787
382
13
419
103
838
901
383
518
433
220
799
952
848
349
894
968
297
539
390
968
163
757
14
683
992
537
888
937
446
929
833
79
796
400
338
659
559
325
913
262
979
721
22
23
770
968
204
240
11
284
461
327
956
728
749
139
693
689
744
478
249
421
972
663
191
670
721
495
428
338
902
954
968
966
990
482
338
727
117
710
592
820
264
991
342
39
880
292
53
561
340
442
461
533
795
758
296
765
186
201
122
827
137
150
