214
184
51
794
978
260
617
917
199
988
989
786
5
223
283
658
868
819
66
903
666
503
15
814
16
124
585
72
839
118
383
41
753
530
261
355
303
847
432
542
788
455
655
137
957
778
545
564
107
217
392
883
346
781
220
939
571
502
357
185
865
230
841
972
974
713
571
298
406
189
499
425
500
684
41
367
691
592
418
863
90
830
884
817
750
71
366
816
550
364
818
831
902
329
917
364
774
963
747
922
777
473
189
902
629
43
906
857
184
241
561
168
893
672
209
414
729
531
176
580
732
557
997
168
333
862
724
0
612
80
831
814
367
85
253
641
234
799
16
807
551
509
544
279
360
864
519
140
538
518
163
491
989
443
873
174
534
213
758
640
514
443
347
319
529
890
291
24
941
731
361
174
100
915
51
857
430
37
712
486
894
661
16
731
697
280
440
788
13
242
627
372
802
531
833
601
546
952
547
297
407
254
674
942
74
919
353
216
545
257
168
493
647
998
271
399
327
640
174
30
744
278
793
738
97
664
511
788
634
813
853
358
648
93
170
111
909
456
362
328
771
98
546
431
375
773
317
194
382
399
563
155
832
858
358
405
584
206
679
86
201
954
681
761
185
606
80
712
177
667
844
83
411
244
190
388
322
706
449
262
929
808
311
698
375
724
11
428
748
421
791
670
328
327
357
716
103
400
851
57
178
631
207
971
864
478
723
683
134
514
550
877
597
216
135
487
344
827
87
51
633
616
107
529
19
358
320
28
578
512
469
956
877
167
445
662
90
426
514
181
446
63
616
436
52
756
972
105
170
588
34
847
322
674
843
677
952
413
391
485
290
759
347
768
374
301
931
219
556
757
151
43
501
957
761
523
788
193
767
160
214
371
150
366
724
108
486
354
258
65
767
466
485
58
437
877
293
529
419
362
83
508
499
653
266
532
3
848
62
868
215
548
240
12
115
495
45
481
748
885
477
625
969
9
766
908
175
896
332
761
512
198
265
557
109
948
376
541
422
38
498
428
229
657
735
81
456
302
530
457
817
87
73
608
688
808
709
903
215
783
445
169
929
493
788
355
75
154
396
1
2
116
953
157
997
427
325
564
611
246
511
538
161
800
979
473
939
943
249
954
752
462
989
874
767
135
840
929
976
728
88
76
846
962
644
118
395
824
97
443
338
443
92
539
201
623
519
886
116
417
622
70
403
144
248
931
504
201
440
672
602
674
880
197
902
170
85
7
108
568
537
913
40
132
207
906
636
235
958
513
257
361
829
371
858
327
177
402
939
627
699
289
26
288
600
738
238
934
565
96
773
406
329
840
970
211
85
864
378
16
485
432
987
559
495
280
229
532
455
760
777
532
967
324
537
623
802
10
564
364
457
964
36
370
353
832
760
760
992
275
356
164
489
460
570
185
487
797
909
40
366
741
843
900
422
425
907
225
443
67
440
965
175
559
500
517
623
965
156
191
18
309
980
899
760
882
597
68
496
556
765
152
451
233
807
631
338
282
446
723
676
432
11
156
429
407
308
396
882
993
22
633
824
710
876
196
546
928
564
962
782
971
685
461
123
388
722
549
225
223
893
709
316
38
865
224
21
604
820
373
271
936
335
336
96
855
213
59
764
32
350
209
897
823
770
577
255
34
224
71
953
882
789
593
380
822
638
371
261
88
143
309
131
962
450
416
827
166
378
776
732
367
887
873
697
734
868
139
651
738
392
803
159
734
630
807
282
927
618
722
548
164
870
86
201
239
576
435
831
907
976
393
756
783
546
346
334
635
576
276
781
5
826
737
311
91
924
11
164
437
202
996
316
184
335
141
682
880
297
83
224
441
151
510
18
599
756
469
54
90
974
935
783
817
832
522
173
109
394
687
303
174
642
98
565
601
892
402
440
465
51
705
157
710
740
956
157
137
853
211
609
181
151
557
518
92
507
935
811
779
781
334
908
637
830
591
324
445
104
86
540
49
920
35
609
493
116
375
481
868
22
196
575
884
683
869
986
490
122
669
849
401
566
684
912
324
512
894
987
849
289
433
180
364
833
465
590
142
874
642
491
525
834
173
95
486
358
624
381
610
799
812
952
646
452
546
122
678
811
614
178
519
243
176
551
878
836
776
205
117
353
448
357
257
436
340
344
381
511
594
565
521
506
103
871
760
420
229
806
346
436
748
624
2
39
131
980
527
355
404
330
448
379
978
177
949
627
227
327
3
162
314
860
503
596
677
131
296
401
60
160
184
6
419
608
420
972
606
723
931
667
441
136
272
519
704
985
955
582
80
82
425
875
868
251
303
799
53
820
708
868
392
314
519
726
670
922
261
547
403
234
174
161
105
890
33
93
857
5
839
797
5
209
759
428
833
131
615
430
677
852
964
718
598
798
885
441
199
976
796
82
141
900
349
138
269
626
18
166
485
603
839
944
498
610
755
84
76
350
334
980
115
645
663
655
340
602
284
588
95
425
191
317
199
504
690
954
992
943
615
284
336
601
196
11
711
12
941
856
753
687
362
727
592
979
983
600
41
385
667
507
309
277
927
532
712
559
436
135
926
266
785
478
503
19
95
637
980
648
478
762
243
326
274
127
251
664
673
956
142
1000
449
863
505
578
787
960
633
979
31
535
647
794
597
54
308
281
188
570
503
373
839
308
13
175
853
486
362
810
324
875
377
700
258
962
943
404
929
376
880
341
127
912
385
283
162
8
363
738
73
146
869
547
597
481
756
15
619
222
851
825
628
518
498
938
189
228
68
662
348
246
185
687
317
345
760
587
962
877
566
938
82
875
851
93
905
752
452
351
33
871
767
681
589
267
753
358
548
198
453
557
348
572
308
457
931
825
47
797
314
677
42
95
489
322
819
497
220
129
371
619
765
345
347
444
577
250
943
745
579
261
59
121
604
49
233
290
769
188
914
363
114
647
738
358
41
226
856
811
903
49
539
392
953
409
218
153
10
606
155
341
529
712
769
893
833
177
29
18
45
391
416
769
831
35
354
803
427
648
908
851
87
488
741
706
944
472
867
206
409
429
442
588
793
433
119
767
856
142
993
878
976
767
531
61
36
839
881
700
70
555
44
531
282
168
580
524
822
263
494
564
661
87
202
60
559
421
510
142
866
145
973
32
245
234
627
320
141
535
801
461
603
239
788
61
303
502
623
744
80
686
635
222
437
434
798
797
638
54
523
777
97
133
841
845
954
357
197
191
868
820
887
485
598
898
518
687
336
441
782
661
217
963
7
210
39
804
409
499
633
823
869
932
626
536
699
77
201
77
184
147
306
932
197
44
365
316
273
216
609
422
670
300
672
964
986
648
551
543
445
66
558
333
175
698
630
530
730
485
28
926
863
693
855
326
284
134
892
922
10
285
987
628
716
822
87
405
66
958
217
215
395
535
637
307
935
993
863
38
874
427
950
808
958
635
18
206
518
891
165
728
547
299
375
194
373
844
583
121
673
328
800
663
449
932
93
581
85
975
181
470
301
990
951
12
584
607
138
728
496
172
853
660
150
228
789
799
853
390
745
855
83
307
428
415
145
418
564
369
430
688
488
977
528
661
428
677
982
9
869
117
105
975
88
489
421
869
76
70
387
944
105
667
765
212
336
543
246
618
687
4
159
417
53
460
35
388
309
55
312
75
700
24
785
754
748
311
408
787
666
183
764
651
665
738
572
658
539
335
807
292
775
931
916
275
252
38
591
521
672
43
863
598
756
112
200
633
114
922
815
643
821
731
732
64
369
152
16
353
682
92
638
661
145
444
672
940
240
374
516
870
327
124
103
406
944
55
573
932
742
910
678
865
910
380
388
460
633
319
473
774
988
332
368
876
525
484
114
119
804
814
625
382
824
425
632
155
271
746
615
104
327
772
277
974
876
220
796
778
873
555
496
963
518
586
589
756
645
843
528
353
307
719
754
731
386
658
172
271
852
822
122
597
102
858
694
996
972
620
566
363
388
26
301
524
642
602
445
314
175
423
115
214
421
462
28
723
714
179
898
8
107
672
589
727
444
893
989
315
819
426
335
284
9
485
225
359
365
405
370
231
258
512
472
102
453
634
596
630
445
460
576
182
565
693
592
273
730
720
820
820
878
502
499
12
980
859
998
672
470
238
555
119
981
507
111
187
487
571
363
652
486
559
427
911
325
973
465
210
547
31
765
491
919
660
740
683
542
392
268
492
376
90
948
520
162
924
940
468
509
360
523
391
623
705
530
343
329
404
37
647
422
900
791
607
816
991
762
630
353
978
77
617
74
700
315
642
302
125
723
505
282
832
293
647
175
184
356
457
619
569
690
892
354
775
522
483
18
69
294
647
600
621
855
676
867
21
387
419
900
388
676
158
940
301
648
412
139
460
826
264
284
324
89
976
549
696
237
526
77
686
823
663
353
177
216
594
158
552
712
659
396
39
877
322
188
566
851
83
984
312
189
870
48
747
133
274
949
607
75
381
856
439
858
539
947
620
108
597
458
741
860
627
175
849
586
455
839
434
452
515
851
165
413
884
677
189
273
415
172
40
626
317
585
83
725
332
659
91
193
1
587
519
894
787
623
905
928
106
484
199
495
702
417
296
61
7
42
958
243
431
312
908
605
637
804
181
981
31
976
264
729
365
468
362
430
471
799
411
944
67
879
899
47
97
242
625
879
978
118
369
12
19
664
969
854
677
894
250
202
555
851
248
421
338
332
430
580
271
237
951
68
485
820
54
993
84
414
657
741
94
191
223
627
337
262
631
397
338
602
346
523
488
449
2
839
135
782
427
535
384
680
753
655
276
682
200
179
981
168
276
909
956
649
599
98
944
820
148
653
84
191
684
564
348
139
74
206
3
993
9
185
731
601
99
654
186
943
352
273
238
9
750
834
988
924
995
993
329
782
893
898
205
90
816
504
581
498
917
403
755
450
580
240
164
155
449
730
525
920
478
432
563
852
926
824
386
614
983
897
446
540
879
124
234
770
982
278
833
572
835
698
497
274
555
431
204
970
844
142
369
502
620
632
536
611
564
108
912
566
823
685
645
689
442
656
59
275
168
844
410
883
248
16
906
627
834
982
772
139
708
73
360
686
239
814
667
409
274
310
150
525
786
727
212
828
562
531
605
286
109
918
556
626
427
940
217
778
59
934
779
703
577
358
233
41
77
735
192
784
250
702
725
546
628
678
360
230
600
855
621
527
288
769
176
735
814
172
171
96
95
824
8
437
105
960
226
711
356
910
955
800
863
952
554
523
849
483
501
113
764
975
628
826
667
423
640
349
644
341
398
1
83
475
968
58
323
759
671
679
783
142
316
936
534
116
386
189
698
314
711
959
644
42
239
320
958
931
715
816
592
464
500
12
379
203
568
491
849
294
669
31
72
729
983
407
128
173
268
854
171
427
999
663
149
452
574
783
883
630
101
953
385
949
439
753
354
143
650
395
943
700
413
695
427
254
650
104
300
489
282
926
747
570
37
121
631
666
106
27
856
617
961
786
662
857
945
423
594
186
516
108
248
823
131
639
792
856
414
186
141
822
71
392
122
248
963
643
20
329
346
711
92
745
591
15
177
908
840
531
434
719
339
705
726
372
350
470
331
898
568
959
803
321
108
79
799
257
310
272
840
745
838
122
766
686
14
876
3
209
983
218
485
943
283
465
512
715
160
101
754
33
807
994
75
321
901
385
438
943
549
792
515
605
952
64
792
605
126
483
654
527
262
937
313
555
649
877
799
132
950
286
188
470
284
803
133
15
988
79
773
881
606
658
590
727
358
977
837
424
813
482
962
750
401
712
964
805
934
634
216
244
936
882
835
642
822
579
1000
255
267
238
488
198
812
802
460
378
292
604
577
884
94
669
875
954
679
674
290
168
564
904
185
909
103
791
583
270
172
777
76
545
143
516
751
518
425
360
632
424
285
64
380
218
454
367
986
339
679
527
305
942
163
792
303
317
2
547
805
631
18
532
351
46
110
933
7
13
905
678
260
914
168
783
151
685
512
48
736
497
751
345
91
912
493
144
13
318
275
997
677
227
710
449
723
310
433
553
654
881
108
833
81
20
72
23
16
562
877
924
685
940
603
980
154
420
37
481
613
679
69
824
538
379
57
340
937
544
205
343
100
74
88
584
214
311
955
890
377
948
29
407
768
303
979
918
544
565
419
591
40
291
359
553
794
636
272
488
591
80
818
782
504
574
96
424
155
536
807
326
323
637
913
651
773
146
653
221
524
940
987
407
88
234
683
280
806
365
762
856
928
171
225
982
768
645
48
788
990
570
184
114
485
244
400
219
601
416
495
259
108
218
223
132
925
446
349
209
152
162
335
669
302
460
417
630
15
311
525
584
707
680
943
346
449
670
30
943
65
452
880
773
322
303
74
379
306
522
758
379
954
439
528
567
659
512
211
989
379
883
41
190
886
53
498
482
810
44
275
63
296
248
802
73
878
651
152
497
160
976
608
878
547
367
10
661
582
484
458
158
476
432
836
928
483
3
833
558
912
315
800
561
806
453
497
316
296
209
263
307
473
183
369
688
16
610
916
799
38
989
573
345
405
315
755
322
306
762
696
181
846
922
672
356
485
842
295
963
48
216
351
307
137
706
867
838
931
650
776
768
580
23
532
61
806
913
369
640
71
688
931
331
655
593
420
636
340
111
558
108
620
195
85
263
900
493
696
933
604
462
850
565
402
450
614
191
744
364
446
350
79
796
149
767
662
79
976
205
963
610
476
159
713
430
538
823
882
622
16
208
363
573
268
658
285
580
129
664
558
832
625
337
483
17
323
142
933
892
728
931
852
552
274
831
306
961
239
426
794
91
284
947
488
739
624
457
921
320
480
774
602
293
536
12
78
416
661
160
18
826
469
558
624
332
742
736
331
646
123
665
519
286
788
268
534
799
438
106
320
291
105
394
181
428
680
468
41
440
465
627
688
968
924
839
215
473
965
268
733
573
52
866
997
252
579
663
541
555
164
961
401
182
477
233
349
261
549
1
133
726
603
656
985
896
274
462
736
683
594
190
468
380
88
562
809
421
543
665
31
626
924
47
937
660
422
578
699
780
505
383
759
504
709
995
438
210
842
858
881
0
313
574
444
466
693
495
185
882
861
178
271
390
766
665
546
724
11
551
250
57
639
322
910
457
511
438
792
330
673
129
724
443
164
595
847
515
50
139
408
114
277
414
279
984
938
520
493
822
936
644
296
863
706
533
221
391
772
883
333
905
950
382
191
361
164
268
81
707
752
386
936
254
838
955
553
93
353
56
894
264
391
131
144
578
861
138
179
505
288
800
302
866
50
401
854
23
954
449
297
772
787
388
75
826
884
426
602
902
119
192
242
546
136
919
789
18
723
1
914
651
213
765
686
174
286
175
127
886
940
34
658
465
133
980
720
746
56
560
155
408
485
255
884
757
759
221
32
348
105
453
138
338
206
928
482
809
425
696
285
733
359
824
279
299
911
198
938
379
827
188
689
576
683
104
807
438
616
94
98
222
692
34
951
466
17
12
910
40
848
631
505
802
484
657
819
73
431
819
850
159
697
457
690
184
823
482
850
255
155
697
19
56
895
697
558
588
432
112
931
630
183
856
550
718
147
217
887
346
937
560
754
232
999
613
863
37
737
661
703
531
863
232
778
552
54
187
551
650
269
365
257
628
939
982
565
235
482
24
840
701
74
345
532
872
569
477
927
431
926
591
700
977
520
804
105
435
916
136
633
987
707
277
613
636
607
827
544
23
185
702
313
268
214
570
180
741
866
978
79
951
288
430
24
696
472
26
745
984
416
440
95
855
690
930
673
485
290
152
125
883
251
185
631
679
129
101
342
422
852
84
740
468
453
805
240
711
628
417
659
438
426
672
135
900
464
979
392
296
817
188
797
796
238
512
389
581
521
749
978
360
319
402
131
878
183
551
289
437
931
537
554
858
747
141
539
159
836
181
940
208
944
374
163
871
3
559
938
177
26
793
223
186
356
845
901
568
701
241
437
941
888
313
151
61
847
836
998
325
443
138
234
919
96
621
206
343
439
248
840
901
208
722
271
918
89
430
974
482
163
593
855
153
568
722
389
888
388
478
260
482
957
756
206
348
629
43
24
898
793
400
406
264
830
964
752
703
998
486
755
316
860
858
566
190
605
839
217
729
967
263
252
630
78
47
739
973
94
968
831
78
819
880
226
480
52
950
85
871
804
444
664
796
72
961
237
821
402
112
803
943
576
64
480
635
608
128
255
291
181
922
422
351
833
391
577
373
235
52
870
878
586
310
337
192
221
37
594
942
189
33
326
702
675
753
834
546
375
158
134
296
301
910
37
44
715
8
276
201
669
588
548
572
457
460
158
277
921
958
531
104
496
932
716
204
121
616
49
537
776
404
766
531
536
139
703
667
173
318
94
571
308
870
682
721
830
311
522
575
714
2
62
515
415
243
114
405
497
939
776
704
502
498
21
564
631
291
621
388
687
337
817
315
305
628
682
216
413
123
779
694
550
723
518
241
604
241
679
546
789
952
715
2
281
854
521
720
794
722
579
969
30
598
972
292
744
591
867
873
746
525
552
943
365
608
142
66
222
244
315
364
383
354
746
838
199
989
366
613
102
792
479
153
338
734
308
176
107
429
879
893
666
716
951
711
970
826
291
634
54
469
143
412
125
52
329
211
108
53
670
880
626
801
131
485
985
486
852
605
76
22
0
872
43
209
564
145
367
810
435
712
652
913
34
738
325
898
43
311
899
450
765
914
99
992
405
752
435
903
844
298
793
985
633
58
578
619
261
153
759
936
368
255
601
676
868
676
897
739
110
450
816
7
259
397
396
874
339
810
455
400
11
943
532
607
290
359
268
401
331
928
11
256
584
873
846
229
271
52
746
368
602
124
874
806
715
772
377
101
296
228
109
708
355
301
771
918
601
805
410
849
873
421
925
562
369
771
836
85
564
516
914
255
440
429
386
824
439
30
307
333
282
172
23
656
95
372
646
151
311
610
599
830
463
138
226
641
922
870
111
599
131
468
167
135
190
378
495
82
284
394
850
433
417
994
126
120
199
436
24
485
543
852
259
316
900
812
577
167
286
420
248
228
522
71
676
421
270
168
642
240
522
167
662
208
939
167
640
876
115
63
378
832
271
264
847
325
464
257
304
81
623
388
121
3
351
510
10
997
741
333
830
732
969
617
271
935
195
91
619
476
572
584
169
46
585
762
385
507
240
253
194
262
738
603
167
62
926
522
996
953
984
115
567
364
392
829
929
363
654
288
885
109
246
349
528
456
482
861
191
86
740
661
437
64
757
279
387
584
562
337
64
588
554
357
986
44
102
646
290
183
895
935
353
8
566
733
248
595
15
257
150
863
482
307
886
516
715
293
81
649
327
475
373
935
62
819
985
199
361
669
206
560
877
864
442
775
970
397
793
466
886
40
443
209
266
568
387
179
761
700
112
851
502
477
218
705
30
918
763
680
915
788
927
125
412
300
195
54
378
765
346
18
433
426
550
869
578
108
658
497
367
156
112
682
647
642
885
82
93
460
347
853
315
178
165
193
954
123
895
393
460
277
234
669
587
814
781
629
182
88
612
913
176
500
808
679
274
86
527
985
737
910
64
721
270
776
300
340
542
602
914
849
365
931
977
44
390
728
212
173
323
483
92
344
419
696
956
220
173
629
500
9
561
854
274
64
299
275
907
26
862
927
926
115
728
686
286
240
264
350
752
705
995
970
139
384
705
365
146
50
616
694
617
960
74
802
898
563
871
656
960
508
182
147
903
727
458
584
282
297
749
251
602
791
672
832
195
362
757
519
999
224
620
411
90
903
845
653
688
941
730
186
631
453
682
501
116
258
419
427
11
990
759
659
798
106
843
57
896
550
151
352
434
371
158
457
804
793
344
225
429
761
577
895
24
472
861
349
399
658
751
506
248
770
798
189
876
633
948
715
812
220
370
923
936
490
9
802
833
847
163
200
205
956
388
831
172
706
393
443
151
710
810
934
372
355
748
381
467
459
968
100
440
794
954
678
815
887
640
168
716
489
476
913
930
768
622
331
512
443
742
721
66
509
702
314
489
349
134
898
500
716
839
797
949
693
880
248
889
709
528
40
862
86
103
884
282
11
955
228
469
444
810
980
877
253
279
275
902
883
336
56
938
433
508
944
433
73
917
395
330
207
899
456
405
212
242
494
38
343
338
905
340
206
87
939
139
718
406
995
46
766
313
832
837
420
405
640
186
978
274
530
83
208
727
471
883
176
679
782
740
52
945
503
619
431
176
706
713
43
635
884
295
277
202
325
286
122
972
69
433
242
744
458
918
109
466
640
27
495
840
438
289
206
692
187
995
235
61
46
16
417
794
431
7
641
460
819
410
27
601
643
798
850
705
638
375
416
791
803
237
362
739
812
563
715
510
411
824
531
574
114
505
394
726
827
885
80
187
461
425
994
230
589
101
787
710
920
354
469
915
87
107
974
36
641
322
117
812
649
127
111
191
456
196
575
488
609
884
232
334
581
318
921
484
367
362
979
897
75
991
658
7
379
897
464
504
53
837
738
226
872
653
771
714
537
673
930
358
540
98
470
969
370
167
610
793
986
262
561
782
1000
46
267
512
852
63
444
767
570
672
265
398
598
20
513
111
212
78
264
153
676
820
901
63
942
821
377
10
477
887
402
735
243
786
628
827
438
466
462
826
894
753
229
715
374
308
546
944
465
63
963
912
825
2
783
651
798
691
436
533
634
311
51
501
750
37
909
361
829
421
542
64
856
242
469
314
503
795
284
145
461
898
982
414
618
799
637
671
360
16
46
237
270
482
792
208
381
722
385
272
795
651
175
715
677
662
927
285
574
890
352
240
494
359
383
664
381
27
665
177
178
808
304
485
752
807
113
569
124
264
640
464
809
335
800
862
232
303
121
261
937
733
843
659
246
317
801
201
53
702
66
548
190
900
678
119
674
359
449
939
888
919
625
793
423
57
321
760
318
283
939
89
227
598
321
420
587
143
976
522
274
237
454
860
256
695
677
996
451
410
703
526
442
503
337
658
686
595
117
458
328
758
45
367
840
957
295
183
245
571
220
606
499
775
179
719
625
363
183
450
722
895
780
916
3
603
408
676
931
392
246
178
104
705
4
173
721
739
744
461
870
100
422
971
676
593
62
905
202
901
386
835
212
946
468
74
390
899
246
210
251
355
28
257
614
877
161
599
312
12
324
144
235
58
310
90
307
900
867
45
19
871
579
450
608
94
822
289
865
367
161
372
28
525
934
352
481
115
494
953
342
41
221
710
304
810
980
448
652
630
562
888
26
868
629
877
148
808
102
756
553
285
507
489
665
139
167
293
984
298
26
289
296
21
506
543
630
279
571
747
994
589
855
553
300
316
245
912
97
275
246
784
237
964
742
904
58
897
937
763
262
131
884
943
950
77
779
879
486
958
329
700
903
43
393
16
369
408
238
628
741
823
458
535
354
542
631
967
187
633
596
763
642
824
298
934
364
1
53
804
473
632
338
506
442
456
769
632
88
429
464
54
386
973
620
286
995
457
47
720
996
378
237
999
101
943
544
560
830
47
813
313
643
389
992
372
228
162
836
868
769
434
412
228
101
649
553
690
642
975
965
9
242
94
421
702
748
90
532
867
719
604
14
458
174
615
316
726
372
751
864
41
577
572
882
672
505
502
819
519
904
866
669
108
182
411
182
542
76
902
214
115
369
786
821
463
901
524
384
5
65
419
593
383
602
759
512
919
976
582
712
923
839
992
283
356
91
681
704
776
770
104
916
318
199
846
600
402
780
363
371
603
198
352
236
174
854
5
514
985
648
135
675
635
836
517
35
519
64
130
961
774
104
462
267
495
591
495
931
937
691
944
293
715
480
876
210
138
673
825
470
102
947
811
419
36
264
635
727
374
424
179
344
286
809
299
741
887
745
112
124
902
435
641
473
229
377
509
407
789
378
90
7
784
583
453
330
357
560
636
471
976
515
712
449
649
1000
976
912
479
618
7
436
449
406
598
870
307
643
966
393
76
357
179
119
758
25
101
531
471
872
577
12
65
236
10
345
635
392
679
930
538
192
422
62
381
449
317
222
65
54
99
736
541
975
559
112
763
502
463
86
838
947
345
671
662
979
291
571
547
415
632
784
13
471
527
937
81
6
67
902
897
148
752
683
303
193
1000
658
286
795
174
268
295
980
860
811
532
952
699
873
122
622
148
37
135
482
161
463
107
969
420
588
675
483
638
215
661
630
303
5
771
439
274
349
799
764
604
431
395
328
310
202
687
694
784
623
615
540
623
724
74
88
772
804
24
168
932
522
496
558
98
447
667
1000
527
14
417
275
890
102
512
97
134
457
679
230
978
252
646
717
612
537
241
38
84
908
784
545
739
469
805
906
51
172
705
323
364
421
864
883
534
708
96
743
374
532
184
488
148
272
434
109
760
663
982
881
823
97
70
504
832
453
230
991
654
419
567
753
617
728
172
343
710
763
373
566
635
0
606
848
70
601
667
571
159
599
47
334
545
413
484
962
650
754
998
522
168
526
418
449
844
238
285
71
95
564
316
96
453
172
259
347
550
734
516
38
774
517
44
242
374
466
577
856
356
917
714
131
213
672
965
536
737
260
998
872
728
303
117
415
827
35
41
943
696
5
430
146
557
858
954
370
464
443
707
882
517
164
100
571
913
345
600
483
453
308
951
202
411
692
977
98
153
311
761
718
708
116
542
348
866
945
344
137
537
164
922
23
98
721
523
519
218
138
998
461
549
100
433
179
514
335
582
538
498
195
813
411
23
551
267
119
721
629
959
88
343
495
811
289
57
223
402
510
647
748
309
721
304
566
582
42
440
152
630
91
917
560
704
415
707
159
765
958
605
178
860
424
466
876
383
709
488
307
600
265
482
915
172
8
875
102
917
954
949
899
34
462
335
14
324
986
59
631
676
590
403
859
754
1
49
377
725
69
681
289
30
162
102
14
234
91
874
49
67
463
39
905
459
51
612
107
675
826
3
968
126
92
194
613
670
67
272
383
871
713
591
218
520
439
182
465
363
291
112
751
519
779
336
339
578
344
331
392
610
31
705
802
989
500
254
388
74
788
878
852
73
473
370
354
744
252
169
791
435
893
537
695
396
233
699
478
18
55
212
831
891
294
949
547
146
671
732
276
755
191
641
577
129
470
838
159
756
151
602
620
76
526
555
637
676
343
85
433
949
713
907
861
867
283
497
250
436
686
27
636
613
226
166
725
787
116
6
307
198
604
580
358
395
52
771
9
452
223
11
97
492
78
792
653
734
736
998
3
237
449
419
32
194
495
623
771
806
48
557
675
354
941
712
313
717
354
658
246
194
701
767
527
516
726
115
586
865
104
73
2
618
88
374
709
633
992
211
763
694
252
100
612
624
675
697
835
643
338
685
193
226
201
201
824
903
463
587
451
687
702
235
812
184
552
561
909
703
101
697
853
440
146
916
939
787
713
531
641
996
727
451
698
512
333
259
661
15
911
583
304
272
495
970
512
498
544
311
288
31
865
880
770
783
498
4
420
942
821
513
763
134
944
21
19
338
303
125
83
701
184
938
411
337
373
118
344
399
528
889
771
625
976
916
609
677
566
508
25
364
478
767
67
581
757
860
950
432
767
605
446
816
690
362
712
653
84
824
67
942
257
489
954
338
521
937
246
354
369
496
197
647
497
923
527
927
165
626
424
44
769
274
940
437
586
817
885
166
299
262
339
931
238
973
909
674
977
226
191
529
477
500
111
294
877
702
423
716
455
177
118
129
481
5
126
918
324
609
812
674
342
908
594
915
536
662
650
716
740
780
528
132
484
188
94
130
531
390
141
239
669
506
179
964
997
238
614
298
377
563
585
557
928
592
904
192
969
13
925
195
67
948
915
640
477
956
738
153
712
42
642
272
404
330
428
938
533
709
847
161
976
111
767
106
898
388
646
278
114
213
956
693
668
381
849
211
830
596
840
416
115
543
253
866
14
506
956
86
227
980
638
307
902
148
863
462
542
725
41
702
841
847
109
167
109
293
667
286
470
571
877
884
95
72
84
23
349
613
997
29
609
651
849
547
432
762
847
145
748
536
147
471
36
693
552
166
880
667
545
521
553
68
58
632
132
377
879
497
337
368
55
33
862
884
971
176
132
177
904
262
324
850
596
874
878
937
594
407
329
313
234
112
788
411
806
325
832
499
951
578
403
215
46
476
294
139
276
708
590
347
951
828
997
991
387
885
35
956
283
931
256
608
587
419
375
383
742
536
247
518
928
720
729
468
886
323
401
912
671
931
414
623
321
177
88
583
569
756
467
590
875
892
322
223
33
131
600
171
966
421
296
605
806
443
783
166
431
184
274
52
372
851
239
23
346
555
374
285
555
220
419
550
93
354
106
867
575
366
710
156
515
785
814
698
152
224
323
752
748
47
719
919
434
754
456
559
567
322
753
850
69
497
631
272
610
967
316
339
585
250
239
651
164
12
27
567
113
21
865
392
637
754
871
696
752
610
274
845
464
157
778
60
941
77
393
595
298
760
578
945
743
926
12
635
633
873
289
544
199
68
947
125
312
991
582
131
321
198
866
222
991
651
394
267
572
409
756
818
35
611
172
345
306
749
875
547
844
512
402
463
970
555
129
452
253
828
34
8
451
986
221
436
571
772
940
115
468
686
793
375
108
515
979
974
163
824
696
699
192
191
29
785
349
944
999
802
617
243
862
407
288
449
354
688
307
809
403
289
711
112
865
164
808
374
588
824
247
3
838
657
546
24
224
471
574
182
425
6
767
5
822
501
820
817
770
851
302
962
961
560
957
644
825
10
836
679
720
719
333
623
481
861
449
766
961
49
719
436
776
889
68
59
592
969
869
59
263
458
336
15
120
2
963
184
80
409
426
766
953
987
32
27
298
208
712
758
605
138
492
881
233
879
297
196
447
847
365
369
916
244
190
132
839
458
63
918
796
49
693
885
316
48
326
48
251
737
293
722
439
597
117
707
473
866
969
325
113
675
284
684
303
872
323
856
199
862
433
509
424
756
284
602
965
623
240
260
324
470
150
759
347
642
187
319
195
200
801
469
703
86
232
483
818
405
400
846
205
183
347
370
176
611
993
660
444
994
641
193
258
573
450
83
923
525
398
608
121
371
988
30
724
485
596
404
81
371
88
345
720
219
126
398
285
38
880
859
485
210
495
919
349
669
300
499
92
795
756
474
998
60
661
262
70
629
663
158
267
225
200
506
793
536
728
969
538
450
682
168
413
421
347
990
384
517
281
714
234
830
370
301
120
618
163
796
29
786
233
141
308
826
82
67
333
528
150
737
949
192
872
884
741
802
845
442
440
338
707
554
115
775
397
484
282
854
571
114
73
781
271
764
424
492
490
412
702
890
498
310
84
746
337
940
104
96
946
794
880
284
307
165
363
873
888
637
562
981
167
610
799
272
785
182
592
944
919
507
119
877
979
573
273
53
494
124
327
610
444
576
296
438
811
867
792
394
941
856
531
406
178
995
195
214
94
35
814
361
66
231
461
781
109
626
391
988
171
869
827
417
507
802
99
285
888
300
869
178
494
778
580
938
36
624
168
332
151
712
377
593
313
781
994
720
247
320
545
87
405
191
472
687
342
231
456
771
418
13
925
95
588
729
591
111
175
442
489
442
483
343
595
887
301
263
640
111
588
515
660
89
232
487
993
620
530
106
292
769
15
878
473
580
837
311
736
598
706
298
376
660
188
282
272
952
86
371
507
407
166
25
153
864
367
533
772
982
692
419
353
294
972
937
891
895
432
344
207
529
946
895
910
135
208
157
30
694
726
176
768
152
121
678
465
539
996
956
379
100
86
905
608
84
49
554
2
337
667
926
959
704
684
783
824
112
57
78
986
153
218
866
841
395
372
574
854
850
245
761
717
75
14
784
584
545
13
741
229
768
409
841
228
851
446
158
774
602
885
376
542
836
505
4
209
543
1
242
275
254
511
805
400
362
146
288
32
10
511
89
913
78
630
681
281
366
171
66
12
444
351
389
126
907
528
275
544
34
605
13
34
349
332
322
906
919
727
603
53
483
985
840
315
994
878
726
135
840
532
934
506
249
19
206
923
468
171
945
434
81
150
174
663
986
989
665
363
800
840
453
447
896
760
610
560
533
272
531
631
60
941
36
80
984
497
398
404
815
261
924
64
516
706
22
982
93
227
563
563
827
879
520
830
908
693
339
955
17
774
873
305
953
218
763
955
118
493
282
801
379
361
503
70
408
388
72
568
120
6
597
416
915
606
758
840
784
789
875
402
63
447
535
41
899
662
150
265
955
556
923
897
320
974
823
951
189
415
118
555
652
222
462
21
749
358
812
611
515
315
181
256
384
193
787
954
216
565
348
807
619
812
604
233
461
605
139
118
793
373
904
829
205
246
232
602
841
311
131
828
760
221
806
262
195
962
381
707
888
638
826
968
744
222
619
845
292
910
559
119
511
367
716
38
226
183
98
772
2
216
122
199
370
924
677
25
275
333
345
459
559
324
228
117
791
590
746
848
501
805
361
679
139
397
530
649
361
551
366
332
342
926
934
191
601
49
367
600
761
936
659
657
606
275
786
692
46
556
38
590
704
889
882
385
832
38
598
823
652
871
452
676
535
605
464
294
904
694
298
902
764
26
316
771
538
614
107
840
307
600
238
702
920
493
364
748
982
912
918
336
606
868
629
386
553
785
359
20
924
898
745
504
755
648
793
823
62
876
653
572
721
515
365
578
629
627
641
666
341
535
443
929
129
946
339
697
665
309
482
434
444
435
357
897
766
471
576
533
816
126
525
557
209
457
922
425
241
303
920
958
695
207
666
626
326
509
81
705
972
122
237
93
975
759
168
697
334
481
105
235
366
109
679
114
255
160
154
681
304
474
55
38
392
596
33
478
228
640
0
428
606
482
717
582
424
321
60
914
826
764
365
225
949
510
448
957
906
933
60
71
355
299
223
776
79
943
740
824
804
422
90
804
998
276
292
766
634
255
294
740
700
980
553
88
995
750
752
187
507
921
588
610
334
881
506
157
703
594
254
494
681
614
254
364
408
174
549
540
906
162
984
493
655
366
87
432
600
457
153
93
438
376
229
537
581
586
309
833
772
939
267
136
424
448
715
93
130
213
86
553
414
382
618
618
745
262
928
415
57
733
595
560
437
122
956
441
162
460
948
837
95
2
683
629
791
364
342
99
287
537
989
743
322
664
69
9
797
582
985
161
327
352
342
921
479
826
959
612
545
490
583
126
44
117
685
136
205
270
853
883
769
66
348
807
932
761
795
158
198
608
184
878
563
830
831
369
901
458
441
151
392
399
759
521
289
193
203
375
24
284
345
598
294
92
211
994
1
367
895
740
167
403
932
263
56
151
84
21
70
629
88
190
298
118
606
759
64
770
121
291
534
731
768
319
146
10
638
44
432
384
584
818
953
399
646
39
90
243
976
117
389
989
597
348
260
47
161
232
637
906
598
384
952
875
713
983
643
523
964
990
111
185
931
587
842
132
699
217
82
974
288
83
354
295
619
799
734
532
47
727
838
820
541
175
427
246
887
445
663
174
948
884
62
878
378
422
474
181
739
565
647
479
653
941
494
408
344
475
842
120
268
416
61
511
811
679
39
792
318
954
651
347
890
801
243
720
223
827
999
231
160
137
65
306
289
161
903
968
919
597
904
101
942
396
267
85
279
728
800
661
209
674
82
264
840
575
806
968
671
958
389
71
314
13
78
474
587
343
706
512
498
141
374
967
299
888
447
220
95
382
120
270
612
635
265
985
532
859
566
617
245
363
184
798
559
767
564
737
258
473
859
890
724
375
699
889
956
766
890
963
832
786
876
184
163
49
539
145
510
1
540
809
118
985
958
349
533
522
125
264
662
195
615
523
716
321
196
774
636
562
716
669
866
780
133
969
674
255
805
219
534
703
408
950
308
944
844
765
296
691
769
754
267
808
528
939
139
292
909
264
654
199
342
535
795
289
836
866
277
982
531
522
316
150
515
126
480
225
277
662
718
180
164
788
133
265
448
502
79
92
15
418
231
255
485
597
433
997
913
384
483
879
217
941
643
560
935
895
619
736
257
494
616
919
445
947
224
647
320
624
900
610
687
762
440
432
160
462
872
341
432
180
183
251
193
996
720
904
875
547
883
770
343
24
825
123
408
550
622
689
326
613
978
431
701
824
467
619
946
845
949
52
658
647
384
529
821
461
768
705
741
524
17
15
133
653
657
299
783
329
727
45
10
824
906
488
559
810
613
93
984
32
189
881
50
178
676
534
290
536
283
512
602
797
616
76
48
85
910
178
494
753
116
235
210
447
494
944
696
868
295
997
448
418
928
336
470
49
826
271
828
936
186
101
993
13
918
422
283
869
659
46
340
228
685
692
537
782
361
717
210
146
575
653
345
701
449
480
974
804
918
609
956
744
467
595
578
30
541
970
858
859
931
478
372
903
238
509
957
697
548
811
869
738
98
41
713
423
51
869
285
191
418
598
290
884
541
550
754
172
690
232
357
810
763
805
779
129
167
905
941
640
637
455
898
202
156
3
886
492
515
345
323
166
172
152
953
853
364
137
314
709
682
907
398
992
943
115
681
201
242
280
789
158
692
169
927
781
359
567
295
599
366
775
938
364
875
105
157
723
110
752
986
910
747
84
430
572
474
789
393
151
347
636
365
643
997
229
43
980
493
616
139
330
616
311
646
683
602
945
151
936
436
552
426
988
431
243
931
500
637
225
898
687
749
685
567
791
847
201
474
980
929
490
446
318
758
339
630
433
277
285
10
239
9
243
223
830
929
519
681
355
667
848
373
252
560
206
117
669
16
935
170
908
151
120
10
34
823
320
798
930
471
396
581
489
510
295
161
328
547
436
552
29
337
367
397
498
11
960
778
654
563
777
219
888
26
625
722
53
536
951
195
426
603
468
800
850
42
725
427
579
443
175
921
254
112
990
748
549
713
566
605
226
227
361
434
990
533
513
504
262
631
209
326
119
207
551
374
587
782
780
401
620
421
310
257
862
733
472
128
469
387
772
751
176
27
343
766
752
768
419
106
179
853
100
100
207
933
882
576
74
856
261
396
228
867
65
64
733
421
64
443
530
140
772
134
928
201
668
624
656
939
632
788
837
902
917
353
565
74
822
768
727
610
728
657
856
813
323
674
114
147
571
995
475
395
359
239
949
527
773
85
389
636
891
423
167
489
708
650
804
245
387
818
331
195
24
91
956
877
357
187
92
98
287
18
785
751
510
848
547
471
382
158
643
299
3
132
413
73
281
160
477
970
986
158
982
188
21
544
659
849
830
798
65
4
328
208
84
391
858
571
134
512
244
518
783
747
488
390
390
861
262
45
611
620
947
313
141
971
610
48
833
578
61
468
62
548
301
398
798
879
631
52
963
875
396
298
382
649
729
441
284
273
507
133
170
687
721
311
849
612
176
310
21
819
23
990
629
158
571
881
966
629
507
500
325
269
632
36
15
320
761
94
853
12
684
652
860
772
685
275
185
459
659
227
771
914
818
453
208
12
55
878
425
698
555
421
153
149
768
464
406
658
541
721
902
732
431
291
590
124
71
359
399
75
282
100
568
584
729
246
554
769
698
752
158
730
972
620
949
984
645
244
540
470
153
255
131
96
199
140
211
311
300
284
251
39
30
427
107
195
167
322
994
99
930
118
152
12
869
465
526
927
125
442
83
623
71
403
556
519
729
17
314
545
182
68
870
408
382
899
291
433
197
931
488
423
5
934
67
949
490
890
65
943
626
584
703
418
688
696
495
894
990
610
427
685
919
27
224
253
367
345
490
630
13
886
514
847
403
677
569
526
994
123
325
945
526
125
478
213
52
229
906
129
238
332
289
643
99
306
594
598
567
584
550
229
726
300
446
548
423
168
997
641
934
696
635
596
286
189
222
277
74
134
51
84
283
999
373
240
502
819
891
480
264
308
255
57
102
587
970
128
590
481
427
777
515
436
429
306
863
566
960
728
850
368
772
897
428
885
94
150
498
838
72
946
87
405
866
260
35
455
341
730
247
299
614
60
335
734
452
968
232
239
181
532
863
923
274
184
998
404
340
690
646
874
934
998
157
220
579
156
338
708
926
449
969
559
314
469
383
812
81
749
396
390
325
569
726
88
76
316
871
694
940
760
893
796
376
176
89
505
333
653
216
919
658
394
879
335
960
93
567
126
475
771
910
867
562
299
971
250
535
875
890
28
193
379
843
243
873
713
582
939
5
768
262
958
846
420
389
367
454
407
655
26
159
904
818
917
476
301
518
295
846
722
242
143
609
472
224
947
739
116
561
869
210
902
726
524
838
864
407
120
438
730
131
362
500
28
190
514
182
532
947
205
573
937
346
441
695
286
424
141
126
375
504
366
238
834
513
617
826
812
596
933
230
764
547
283
437
244
386
34
678
328
488
258
797
345
908
253
843
448
8
422
497
228
384
640
119
928
654
532
102
94
703
132
618
325
900
504
750
927
786
50
758
612
237
770
496
521
390
845
975
228
881
886
213
894
460
831
823
194
101
129
801
763
703
183
863
610
848
830
528
403
262
534
97
949
737
882
692
784
544
408
690
483
921
723
150
339
280
802
55
226
459
568
628
143
858
746
903
663
906
572
757
16
772
184
640
756
392
32
41
673
144
71
60
182
74
158
553
278
150
27
199
528
196
306
866
515
189
677
678
381
776
868
941
853
236
571
2
94
528
434
983
3
988
892
362
207
740
246
505
174
663
235
640
188
966
364
164
701
5
704
332
571
19
156
478
483
125
990
277
346
594
183
583
809
630
590
346
494
704
808
930
440
905
759
174
676
810
62
484
208
903
810
691
886
385
173
552
960
202
667
291
537
696
85
960
604
444
823
437
417
143
494
59
297
251
187
601
573
160
283
624
89
973
851
576
831
745
219
975
614
454
232
285
336
126
307
595
445
501
705
64
142
892
253
496
390
365
983
926
845
845
473
222
83
591
406
491
558
628
892
607
727
687
244
498
471
770
577
546
79
485
751
597
744
910
598
416
169
931
803
93
37
340
848
757
736
158
193
673
65
217
617
941
594
466
723
113
842
436
655
447
262
778
145
610
943
603
339
303
37
392
235
260
80
312
452
545
544
99
126
565
469
88
857
248
257
114
826
522
669
586
339
33
764
315
796
418
247
715
588
277
147
215
64
579
811
756
893
476
491
124
313
556
999
206
104
436
241
241
434
584
347
72
518
881
305
319
483
10
607
432
752
503
395
891
477
619
120
116
811
281
568
440
529
503
528
190
948
720
553
746
832
631
326
405
380
874
623
507
977
113
558
73
67
246
162
460
854
948
814
968
677
531
781
536
216
0
517
316
7
419
210
18
970
940
703
483
146
1
461
411
919
395
13
873
807
881
842
193
507
810
276
534
994
633
557
930
275
55
68
252
470
899
716
740
521
991
214
595
602
92
521
530
677
996
472
927
67
556
307
915
681
189
276
433
828
569
663
689
11
676
873
317
818
686
53
876
301
1
657
686
95
549
777
178
286
261
343
518
718
589
919
469
286
9
490
203
281
428
19
846
925
812
263
491
834
559
484
888
580
132
1000
623
275
614
422
693
181
10
886
54
455
544
43
462
163
666
119
507
812
871
829
248
444
886
424
610
126
930
221
789
33
750
796
394
351
631
665
170
524
269
208
598
537
414
270
785
350
25
337
665
382
396
565
504
402
524
183
697
342
49
225
349
266
692
245
384
568
256
191
464
140
2
63
603
260
443
198
353
549
898
103
648
784
81
128
774
91
298
689
431
424
477
735
99
610
3
869
893
735
250
174
982
995
650
56
442
214
508
174
575
659
298
25
558
843
104
698
181
737
516
0
87
142
879
942
385
265
201
357
347
487
945
530
151
40
387
433
881
351
590
497
942
981
981
89
415
211
218
460
667
227
689
24
654
302
756
45
783
899
744
725
361
230
249
188
162
370
64
498
809
595
185
8
172
11
372
131
894
578
751
824
460
119
274
785
982
537
453
735
419
837
561
897
143
199
704
299
224
534
272
994
300
494
954
504
8
443
169
366
796
722
399
676
753
431
727
419
310
249
356
706
917
607
791
851
351
661
897
21
838
750
274
247
26
98
334
788
746
370
951
862
843
928
432
183
821
845
918
709
66
936
488
608
714
135
304
3
770
446
988
732
521
902
74
436
374
820
135
678
171
816
826
61
616
308
431
464
431
710
716
22
271
861
443
369
742
74
389
94
308
480
771
821
26
70
145
383
590
307
475
948
97
267
579
527
412
276
345
651
641
838
933
844
662
380
391
399
691
214
65
506
327
926
84
160
716
267
903
761
310
832
105
113
151
612
470
198
597
335
434
885
264
173
324
562
306
623
341
855
69
804
93
205
782
39
874
370
119
432
703
621
829
169
556
972
191
666
698
600
245
229
323
998
137
392
645
625
456
543
141
375
879
229
907
542
814
377
920
816
646
175
171
130
357
189
464
5
362
445
197
639
299
797
687
627
650
300
592
921
20
130
744
346
406
604
149
506
690
794
314
83
137
35
78
570
235
266
567
505
566
629
113
127
880
437
829
98
687
434
69
124
32
200
145
638
435
439
199
676
596
706
783
297
517
484
726
338
457
