418
771
217
613
563
392
500
55
156
850
891
816
123
693
510
171
816
712
622
616
956
463
699
807
547
353
20
18
197
374
150
873
185
915
143
839
922
472
997
939
271
254
247
235
576
947
545
491
367
669
47
431
397
2
149
549
846
705
718
226
93
561
120
846
921
268
389
696
851
835
179
948
238
619
685
33
794
741
87
357
268
463
580
551
111
873
136
760
696
334
798
913
497
626
51
835
526
926
532
521
459
876
47
746
515
869
198
57
679
233
852
874
598
239
697
459
509
439
684
430
778
850
672
645
775
592
847
905
262
87
952
474
516
197
977
653
64
503
941
179
592
52
871
63
532
249
626
190
459
540
254
206
867
643
292
806
284
692
730
506
952
55
718
203
462
609
457
643
679
599
871
501
562
299
89
74
749
319
338
539
28
220
898
124
33
474
96
538
989
99
568
15
923
913
915
382
460
391
361
815
182
334
165
205
811
749
299
711
17
111
761
59
419
998
248
141
122
940
736
270
578
991
80
665
595
640
635
237
811
31
145
454
228
462
483
968
966
180
409
698
410
602
626
118
559
328
114
76
804
214
405
191
406
215
365
406
423
999
454
488
11
490
646
706
504
575
232
488
377
50
442
886
295
396
354
582
513
143
154
668
574
43
990
777
26
364
635
253
955
648
903
140
489
401
342
637
526
105
830
753
266
815
536
779
73
148
377
69
808
581
611
573
703
280
383
995
391
967
953
673
507
27
51
960
603
668
301
969
107
57
648
773
583
76
472
274
242
879
611
755
899
512
374
312
21
614
757
631
650
759
289
520
695
947
454
265
641
341
705
547
97
542
599
50
942
973
355
188
330
917
248
836
644
959
710
59
923
309
707
702
617
216
674
306
963
786
881
131
561
470
641
875
906
979
551
643
621
49
195
197
166
434
432
267
98
738
471
646
101
204
635
39
568
754
574
406
50
503
116
392
515
579
255
376
774
156
380
629
99
325
856
428
406
439
319
26
511
548
157
821
814
774
160
970
446
729
509
639
1
160
955
170
319
866
605
332
976
436
183
109
519
557
313
605
740
44
551
380
533
353
115
196
351
4
119
839
329
29
649
691
420
656
880
875
990
3
858
950
81
492
598
680
484
441
659
636
157
938
512
616
277
62
807
304
566
783
892
551
551
162
274
163
207
201
917
145
941
870
35
349
494
628
950
755
469
352
366
554
739
115
73
517
992
524
339
65
408
305
545
234
317
164
45
50
302
374
42
965
49
343
801
254
383
932
576
237
940
195
19
314
72
208
114
417
650
588
405
58
797
340
686
836
30
14
210
473
1000
61
779
754
858
451
138
833
745
121
826
324
498
289
56
260
838
893
734
940
628
517
812
986
543
27
140
798
287
369
660
0
96
522
596
279
839
486
945
115
142
490
267
230
208
421
558
864
747
946
309
936
233
840
274
0
960
551
219
581
87
150
135
798
958
792
715
801
398
153
963
54
435
643
215
931
799
588
189
515
76
987
168
808
703
497
96
852
924
729
241
469
889
223
21
216
37
806
102
599
605
159
315
992
518
816
467
954
665
257
263
524
667
474
651
984
736
902
428
945
877
156
276
704
554
127
291
732
297
279
208
718
728
152
978
923
112
25
96
320
664
104
203
798
128
438
581
912
901
467
596
869
557
330
343
350
140
141
28
742
524
826
22
13
229
252
568
972
975
923
394
73
788
8
21
430
162
487
58
801
496
755
717
338
532
527
5
697
369
280
494
769
69
574
696
573
443
521
25
445
954
202
135
811
755
324
903
901
770
329
136
145
746
592
345
194
610
125
778
116
426
233
739
990
319
551
184
37
694
493
933
513
404
458
842
150
421
344
823
85
987
781
349
465
15
219
624
199
484
873
454
211
632
165
723
973
488
829
662
802
708
171
518
529
507
535
311
677
631
101
461
776
410
700
775
301
393
140
542
34
353
299
42
871
766
445
520
737
558
583
314
289
143
769
331
707
273
438
30
584
572
303
552
891
467
314
444
953
369
275
0
977
981
831
36
5
542
648
56
367
605
830
280
470
588
440
298
181
480
956
762
767
953
659
211
5
618
160
396
271
366
276
220
18
426
409
205
552
809
824
166
397
740
156
975
284
826
809
992
745
472
509
753
937
351
554
934
84
358
146
158
604
265
6
66
484
579
875
536
732
406
226
740
17
635
993
561
749
43
238
836
575
155
562
995
297
543
113
328
14
274
487
472
849
350
267
783
145
362
112
762
998
574
582
576
279
999
607
155
376
622
502
837
246
733
951
964
872
234
136
854
804
253
973
885
396
572
865
200
637
263
376
101
882
219
559
588
417
629
840
886
968
609
375
178
718
975
552
883
910
63
424
616
385
950
26
634
191
604
279
795
514
66
229
46
147
445
297
542
528
362
639
156
81
513
574
361
139
683
881
721
686
333
720
567
816
376
854
704
672
261
464
624
987
857
74
44
109
21
408
580
895
65
789
59
563
245
289
532
252
486
757
197
555
544
975
512
808
50
289
90
562
284
579
657
389
544
153
554
840
442
180
697
189
436
384
701
17
646
916
955
514
315
844
245
308
125
343
429
993
584
481
537
875
143
255
450
714
76
77
250
435
545
640
796
209
733
623
197
336
753
55
740
715
132
641
548
346
439
720
87
864
355
415
739
382
443
66
936
872
964
971
353
278
951
16
99
674
249
545
619
435
268
518
643
93
995
488
64
35
248
940
694
836
101
182
936
879
986
322
899
634
12
858
31
247
623
279
213
691
844
762
577
988
91
319
742
749
726
34
706
294
778
781
778
978
801
916
316
180
972
9
32
958
595
338
204
35
987
545
118
25
935
460
370
954
258
477
287
967
715
298
398
533
917
19
248
748
787
120
820
128
597
381
86
927
381
318
537
302
928
458
914
832
980
460
842
317
796
419
115
627
914
136
546
982
486
378
126
733
163
402
660
114
659
839
248
14
75
812
176
52
467
79
812
656
994
627
48
822
866
577
176
326
839
451
304
96
239
782
815
967
599
150
6
496
214
782
496
879
5
669
549
254
558
938
875
964
825
666
533
762
562
530
802
256
38
778
574
153
859
631
568
81
853
120
37
447
925
555
249
39
208
314
766
429
879
301
812
345
823
118
848
925
705
650
438
263
627
698
739
655
223
265
281
628
925
172
151
163
913
975
980
671
606
14
482
594
981
113
443
313
696
633
30
652
720
460
379
379
13
158
664
658
85
496
438
814
173
475
287
601
763
325
334
133
364
137
305
843
875
790
913
769
923
431
863
513
288
481
830
498
175
949
493
241
449
609
636
501
724
775
337
1
194
308
18
382
268
361
119
239
501
482
802
5
808
45
612
894
700
650
317
433
651
638
588
241
195
93
646
412
269
448
676
366
123
152
173
294
345
468
25
395
735
18
12
706
426
639
289
939
497
901
745
858
746
956
789
784
925
647
30
455
590
653
218
721
398
499
731
666
713
815
875
947
850
437
826
739
211
423
655
81
566
378
664
161
863
150
218
15
379
909
260
666
711
180
305
375
265
729
799
153
524
862
526
24
582
774
640
569
99
976
218
984
313
431
207
64
701
366
684
844
759
254
923
996
11
868
347
664
967
632
334
335
760
114
795
841
331
744
229
374
856
183
703
122
15
616
890
471
992
527
799
196
667
531
719
792
642
918
178
681
610
795
409
443
436
978
772
570
433
531
957
665
810
776
848
736
146
696
342
942
33
458
867
821
429
264
200
523
846
110
910
542
769
422
945
572
395
633
29
205
413
529
827
138
588
848
135
347
846
641
308
899
686
497
467
161
247
448
828
580
369
535
133
915
680
514
509
264
249
369
891
235
203
602
963
142
852
275
534
976
715
422
911
684
108
616
397
11
46
816
381
274
318
179
192
961
778
218
782
190
440
579
627
167
929
822
863
892
826
833
492
191
755
158
389
823
22
361
731
392
417
778
23
513
300
809
437
131
896
419
560
145
706
226
319
328
381
199
350
781
564
74
473
322
164
234
568
910
184
118
494
346
617
213
558
387
19
31
645
632
66
207
225
844
349
589
736
9
815
486
153
597
152
924
154
720
807
713
180
516
914
583
728
736
835
477
111
645
212
85
927
961
517
411
67
656
973
574
921
318
883
371
117
519
242
142
493
760
742
390
809
812
359
348
952
385
720
862
983
894
441
993
820
899
139
3
229
344
740
402
403
857
170
284
940
115
517
538
398
104
431
7
152
150
437
258
699
673
59
400
794
663
41
140
870
458
228
756
229
325
585
866
927
514
460
593
693
874
754
816
55
173
62
248
25
481
894
585
723
264
365
329
543
135
439
492
372
734
804
322
174
140
536
125
779
466
198
876
304
409
499
462
868
411
959
58
619
468
506
852
786
581
18
563
612
887
566
849
369
519
288
355
815
253
182
390
935
649
764
179
341
255
864
64
252
814
639
65
240
373
148
212
868
808
395
755
228
146
975
589
120
217
298
983
280
517
619
234
911
755
466
494
960
338
520
582
841
605
820
99
49
642
197
664
227
677
4
26
1
269
458
457
162
934
117
6
20
439
33
72
176
30
812
811
222
973
705
18
279
297
351
201
582
580
121
509
340
682
554
443
658
797
167
979
984
588
225
966
396
654
914
364
948
215
442
798
251
130
425
951
696
957
78
145
757
680
158
158
429
337
945
541
34
129
759
842
351
596
504
343
883
246
43
202
719
865
726
595
603
437
779
853
229
877
448
914
74
559
172
858
198
182
215
63
352
855
980
987
514
659
295
356
273
367
508
991
201
499
696
284
893
647
899
983
975
432
166
165
682
489
732
431
632
42
130
225
148
419
878
513
203
32
340
164
802
410
483
969
324
722
52
949
644
164
482
699
299
699
809
296
843
133
297
539
398
974
857
920
137
191
533
304
162
936
845
870
760
838
650
483
557
629
427
348
230
584
523
199
56
568
413
438
668
76
831
947
710
377
490
37
882
193
855
346
822
403
678
840
344
296
518
925
325
73
913
716
876
94
315
259
846
220
682
135
648
27
124
199
997
618
324
150
61
576
50
730
685
495
112
590
340
350
897
318
62
463
737
753
712
68
981
19
484
328
249
669
655
615
2
4
169
349
316
831
939
405
363
853
944
498
408
166
176
165
156
731
688
227
324
842
458
6
411
402
800
854
681
261
145
330
383
854
684
513
623
325
216
878
126
220
798
47
436
499
867
87
968
602
867
552
561
362
212
63
855
963
370
516
474
401
220
848
955
336
415
73
801
91
123
373
444
909
936
476
320
781
334
120
300
943
11
651
203
640
658
313
801
831
520
321
320
461
94
234
701
885
783
222
600
584
592
867
985
837
53
936
791
414
822
127
951
603
281
20
469
468
917
427
829
712
524
565
313
812
570
211
968
770
423
500
971
939
874
785
241
760
536
600
569
479
484
158
485
746
790
919
37
321
901
793
86
147
936
770
479
563
623
95
338
572
985
675
261
760
338
414
747
8
841
135
513
53
322
122
298
900
191
624
193
937
169
389
750
786
57
277
37
237
282
183
223
506
332
272
754
594
996
961
326
281
112
26
943
161
189
380
349
433
358
970
477
199
187
121
298
585
406
185
405
90
488
369
127
564
611
636
188
727
444
286
373
324
508
252
577
765
320
887
364
760
910
280
302
528
212
544
36
604
513
352
872
589
297
201
59
374
915
869
708
648
926
115
106
985
401
549
332
831
591
48
429
927
948
641
805
486
678
343
569
479
126
452
715
403
348
883
593
610
352
566
387
54
531
356
987
950
445
469
320
265
463
603
868
25
585
216
998
639
865
856
535
686
271
858
615
676
192
273
863
575
778
875
494
851
469
306
94
746
772
325
55
917
515
265
362
517
154
402
142
494
904
605
400
802
190
555
184
491
963
358
833
887
531
231
968
147
589
391
546
475
734
923
983
372
704
84
364
701
735
351
113
30
837
447
665
449
873
227
700
937
173
777
972
469
430
299
672
792
63
219
491
75
960
618
475
688
366
27
419
657
682
297
507
435
290
952
923
151
56
377
164
245
456
354
106
881
574
561
407
308
238
262
909
327
295
56
636
333
158
984
104
628
304
705
852
834
741
548
272
945
697
263
453
181
554
778
303
989
275
992
902
959
779
175
74
849
333
113
172
779
178
701
769
638
922
59
814
356
838
58
169
499
290
169
167
657
855
860
513
502
331
853
80
944
998
739
564
834
415
215
253
967
576
379
645
812
73
136
783
810
289
223
307
59
21
400
308
585
804
125
931
967
288
430
6
203
789
389
252
312
364
546
509
251
884
283
680
117
310
997
816
735
709
440
741
445
617
550
810
822
284
964
311
768
702
33
201
355
959
956
105
422
280
108
705
990
277
925
706
93
930
196
372
352
563
496
556
579
755
971
63
957
500
887
505
866
610
995
118
14
162
918
330
342
952
869
804
477
782
141
57
651
712
314
900
619
432
38
669
959
863
35
867
259
769
594
128
325
800
402
143
213
906
151
757
153
443
343
432
484
275
697
372
742
183
745
454
962
276
430
762
921
644
143
946
736
319
439
365
518
10
635
326
982
73
447
718
714
301
341
682
988
276
7
907
426
355
112
82
484
169
631
84
641
490
979
692
331
701
371
696
187
522
358
649
291
930
462
375
987
822
896
305
433
156
880
630
600
986
65
231
29
37
255
713
871
333
986
223
731
104
790
163
120
99
995
290
854
590
298
190
774
46
860
461
948
666
512
131
1000
577
804
14
645
185
366
490
462
591
630
59
293
573
486
375
3
722
726
829
525
284
921
185
981
500
843
765
655
670
758
35
671
116
285
7
320
297
95
356
846
630
932
121
117
796
376
973
771
648
287
304
958
887
686
686
560
924
479
768
625
883
124
531
28
605
754
715
782
643
552
283
22
96
138
321
505
43
30
426
523
88
907
158
216
856
134
310
566
868
159
682
131
665
511
573
797
257
687
779
963
400
914
540
366
383
49
442
704
235
677
974
667
266
628
29
308
297
667
981
423
302
829
655
921
963
473
478
804
38
639
567
738
70
336
963
291
364
488
991
960
872
462
947
923
416
461
750
241
634
606
444
333
742
188
763
945
363
956
65
717
925
395
850
719
60
571
684
585
399
773
614
932
99
128
712
641
725
496
290
230
730
929
748
870
918
700
279
365
571
558
511
778
374
295
326
459
630
26
398
871
856
34
682
280
182
604
196
953
923
53
344
432
239
736
974
444
307
641
613
813
142
272
496
68
799
432
423
984
888
765
367
817
57
168
968
608
496
473
631
890
162
5
747
476
255
53
765
43
138
517
163
861
9
745
530
242
680
192
171
525
586
770
884
463
133
558
173
724
266
445
804
261
403
982
788
195
926
28
595
226
853
122
202
819
222
10
422
59
660
185
331
520
330
620
806
686
635
406
934
909
100
884
277
246
822
635
693
898
310
731
969
923
436
276
463
675
945
765
543
119
186
373
592
615
837
610
288
937
923
675
814
650
720
810
233
863
76
909
351
568
315
354
693
637
562
346
608
680
455
88
828
328
660
677
42
192
469
364
786
506
777
83
576
643
490
368
95
438
575
499
319
454
965
278
136
917
445
666
968
971
412
986
982
700
493
572
972
574
175
959
110
259
51
373
382
51
96
891
377
404
736
396
350
220
395
481
229
207
252
652
65
479
323
584
536
349
845
293
126
292
547
594
786
431
759
840
326
249
871
834
631
32
195
77
656
529
126
386
940
267
901
948
95
282
343
404
587
172
94
97
860
83
764
861
485
33
717
535
228
817
524
43
967
166
602
844
56
455
789
545
796
161
315
751
916
196
208
149
530
227
630
528
783
420
646
271
123
980
962
271
514
538
85
287
62
226
557
484
627
77
130
901
156
589
171
281
107
244
36
386
792
90
324
418
376
985
867
727
441
963
275
411
865
673
495
724
628
266
467
77
315
414
13
786
147
558
832
516
128
654
62
599
367
969
531
563
583
869
213
521
481
571
925
813
570
684
810
637
201
117
164
197
793
220
150
982
459
654
729
192
424
389
898
930
338
114
148
842
540
696
382
601
583
913
923
621
908
244
668
759
356
247
21
498
870
664
162
602
610
828
722
127
310
830
3
380
296
414
229
625
257
767
124
306
177
990
29
267
558
496
621
420
227
168
894
332
815
178
255
212
153
77
207
104
832
618
223
136
393
63
165
839
1000
324
839
631
203
853
488
678
133
789
802
871
514
495
117
401
564
610
752
499
940
31
538
457
167
810
514
777
875
833
771
633
375
612
564
223
426
388
552
68
175
414
725
14
951
681
250
368
249
70
618
545
384
631
342
279
223
197
683
3
492
597
872
715
510
816
663
123
172
119
695
938
893
399
286
883
96
21
652
716
405
555
405
613
464
125
465
952
305
43
445
706
823
803
41
77
139
64
140
499
542
818
136
283
219
982
965
692
550
384
373
419
760
855
309
299
191
664
237
877
651
557
840
161
9
3
600
206
721
220
119
227
990
683
108
651
963
600
883
519
467
476
476
740
239
906
375
180
671
172
527
482
429
147
281
511
491
592
86
612
383
355
569
258
476
430
60
611
388
904
15
360
572
108
769
964
168
648
766
163
513
949
158
687
5
700
832
78
744
2
316
355
651
748
106
987
789
408
453
964
695
748
717
604
885
137
280
136
807
964
755
604
154
865
437
229
145
570
137
845
70
42
322
257
43
145
195
199
544
10
968
590
745
724
455
292
461
52
312
852
873
939
528
456
861
365
681
604
76
791
488
386
335
89
885
897
950
241
416
811
598
1000
558
599
600
100
77
860
448
388
122
202
219
134
326
121
668
263
218
330
425
397
497
257
175
894
530
138
219
932
466
183
430
712
134
918
722
619
754
395
27
47
244
828
429
316
298
129
172
420
334
420
17
98
948
81
54
983
535
137
369
117
684
10
552
323
617
704
295
754
828
112
415
509
694
131
218
721
445
398
539
798
321
967
609
344
947
194
733
518
390
540
112
109
994
171
981
585
941
664
911
926
225
411
185
558
969
5
766
530
883
238
225
728
958
27
619
787
509
265
803
971
601
281
563
220
701
467
886
84
990
264
558
228
254
818
150
616
316
426
650
394
103
409
257
56
32
744
667
760
500
942
623
653
154
586
293
440
225
291
145
517
663
260
215
290
74
513
746
414
728
865
175
171
717
0
692
796
552
219
301
859
369
201
117
714
313
168
281
495
365
489
997
148
606
163
1
885
221
332
648
520
680
546
520
927
449
554
416
471
537
640
205
360
477
944
771
407
766
32
963
52
772
768
711
558
947
511
965
51
614
974
889
815
659
517
319
461
608
470
614
504
222
153
56
745
34
724
371
32
6
736
441
255
472
488
386
955
825
388
611
978
753
584
535
73
372
787
674
253
944
71
504
364
387
730
931
966
629
752
529
255
745
799
219
712
346
668
155
861
332
113
853
118
49
435
689
856
5
181
286
518
258
334
398
359
233
92
572
447
965
362
364
583
439
558
795
712
653
244
716
635
841
821
530
604
503
190
543
822
555
548
589
412
737
627
378
901
238
990
448
556
68
547
351
832
768
375
266
545
30
14
797
476
936
872
681
566
224
169
60
737
171
232
207
829
942
442
87
240
159
458
635
130
667
952
1000
187
417
368
728
443
703
433
957
892
482
447
6
284
704
346
32
411
814
127
905
74
818
194
999
672
438
27
463
215
280
614
854
878
89
415
672
581
537
873
318
25
561
485
409
569
814
820
550
23
131
152
641
719
627
953
619
390
266
779
136
327
72
491
284
503
701
209
523
131
517
834
771
328
474
681
922
379
10
140
265
592
576
718
835
277
808
175
488
370
376
288
582
660
852
665
962
234
917
940
638
949
211
471
301
90
60
754
572
937
660
924
867
444
291
788
778
203
118
714
504
954
924
949
866
673
747
610
120
85
622
551
302
619
362
859
660
178
645
978
522
879
447
766
604
11
694
351
753
691
697
72
806
792
605
380
776
239
265
984
27
641
240
808
999
410
32
933
695
559
504
114
130
844
704
123
291
565
156
887
913
872
324
148
417
908
602
757
241
701
827
41
779
858
413
967
612
588
929
550
20
512
191
485
688
409
877
843
41
214
326
692
872
353
635
22
73
896
575
11
385
404
903
752
770
735
266
571
957
95
80
222
816
950
6
633
149
628
789
426
267
115
71
559
441
211
845
105
398
661
935
364
524
575
877
416
693
376
407
925
573
615
953
321
824
830
205
189
402
226
586
297
943
54
798
302
832
936
81
262
516
742
572
792
380
238
981
519
275
725
985
352
609
768
333
935
349
947
581
9
795
936
590
4
341
396
337
22
451
811
587
744
120
457
658
296
134
564
564
938
337
563
99
468
203
648
123
481
997
202
147
238
75
690
704
486
301
340
62
845
108
740
187
194
462
759
783
430
367
458
352
468
999
247
603
173
630
821
607
298
140
334
665
780
660
104
950
867
958
135
564
654
74
156
621
912
360
173
612
712
859
566
924
767
146
709
825
332
890
529
443
645
776
128
110
354
425
793
990
867
745
189
179
353
549
171
943
586
665
537
760
4
52
678
500
412
27
512
374
156
383
752
144
171
874
1
741
910
912
46
809
655
927
164
257
669
400
102
119
296
55
54
325
137
590
851
889
371
390
266
812
87
178
675
337
653
293
680
26
419
596
158
833
527
269
618
101
286
160
268
968
43
982
505
421
756
41
83
275
268
79
421
978
589
539
957
27
519
131
997
453
936
880
834
10
906
898
683
291
445
824
135
417
954
719
243
375
733
380
582
493
116
973
262
661
411
926
194
71
386
314
356
252
949
836
779
995
662
235
801
624
409
786
702
516
336
373
725
56
761
39
23
692
851
244
918
932
594
198
195
969
465
596
739
609
293
995
642
495
262
211
520
173
199
904
110
423
98
287
984
289
288
120
292
404
265
899
619
603
670
414
503
806
889
236
228
984
297
24
278
866
625
375
225
966
653
434
774
945
333
695
889
379
259
653
214
70
76
974
905
179
458
562
865
48
708
586
748
321
577
320
280
575
998
783
878
40
308
566
513
471
788
803
152
909
433
600
618
186
655
70
156
705
537
295
709
807
837
296
530
313
979
411
915
470
609
581
539
184
48
685
890
773
69
173
57
412
64
853
5
159
761
355
592
974
303
464
461
511
108
315
176
869
694
289
923
721
18
422
849
401
252
841
933
470
973
407
259
968
959
237
89
979
547
291
533
729
116
321
228
235
10
891
864
438
613
875
782
671
970
581
284
972
790
545
352
356
416
930
190
341
416
980
583
810
820
374
614
994
888
843
115
170
894
834
75
160
710
493
644
246
332
308
898
393
615
181
857
753
709
673
182
838
289
293
874
609
307
932
305
272
82
142
906
886
821
520
932
450
451
664
401
755
898
740
581
649
174
860
833
684
610
925
347
982
658
268
560
506
333
587
182
287
128
796
853
271
924
622
862
206
325
836
619
621
847
252
327
995
672
620
138
494
476
743
165
517
686
188
974
215
670
529
660
772
272
777
685
391
46
582
867
810
109
392
132
115
485
316
708
907
600
637
103
908
53
13
957
991
499
796
653
98
952
979
933
739
517
525
805
630
161
466
791
653
340
645
922
893
570
434
129
608
741
815
1000
763
802
658
350
376
307
709
817
363
999
986
623
621
891
611
882
280
630
843
107
346
841
574
969
983
454
673
312
803
630
721
99
14
514
423
79
921
548
533
682
335
491
634
604
395
708
335
999
222
468
580
810
511
191
618
197
267
674
399
607
475
832
590
824
732
902
92
982
885
681
12
408
718
293
572
383
520
776
662
707
715
84
905
256
518
262
353
532
275
628
806
410
293
193
854
594
363
598
9
939
219
248
85
627
67
132
745
39
671
456
222
32
396
806
545
911
690
945
553
48
853
165
591
221
735
57
873
303
207
96
86
938
413
228
622
912
316
919
927
494
67
867
580
472
489
86
798
546
155
154
448
818
490
731
75
647
700
320
146
788
206
74
263
66
176
945
158
572
514
690
927
242
614
150
227
200
599
299
782
38
467
300
410
121
59
688
556
70
629
635
426
823
155
336
48
727
698
213
693
595
89
874
851
616
494
736
118
390
972
680
655
577
718
607
4
447
17
322
479
775
448
677
339
188
431
78
511
420
711
140
623
970
56
817
369
319
373
76
345
631
441
647
135
717
486
794
727
754
730
779
739
352
562
676
707
603
587
678
19
226
370
58
13
624
809
258
717
568
398
854
929
509
220
747
242
321
299
133
269
678
882
124
379
970
125
88
279
731
24
378
506
325
375
384
921
431
648
591
425
745
731
94
616
822
636
710
290
95
494
126
461
858
805
80
685
634
775
661
742
498
734
73
673
946
904
26
5
265
670
334
60
274
747
791
27
569
132
862
426
848
359
354
122
606
210
493
33
718
158
690
709
718
345
580
579
947
619
181
657
410
405
665
548
420
101
489
507
432
265
980
829
225
665
364
679
240
392
865
838
642
141
968
724
731
872
841
50
498
931
539
191
419
708
941
50
23
402
754
801
355
973
435
975
922
460
520
547
752
25
619
807
195
868
308
736
291
175
452
481
874
731
344
66
254
74
382
825
291
533
649
852
961
306
787
434
996
11
942
811
607
903
39
479
209
434
813
681
154
969
669
560
657
924
860
462
618
855
602
426
741
330
49
532
77
904
982
282
349
330
512
954
476
191
329
428
888
211
341
369
16
608
131
542
535
630
112
226
416
244
396
975
994
174
330
116
536
575
359
688
455
912
662
921
236
178
348
53
269
525
308
805
520
299
141
243
770
249
411
136
762
616
421
622
245
130
148
340
579
719
178
587
629
530
583
323
504
261
346
790
972
244
353
188
37
895
120
515
992
133
829
372
978
662
254
85
267
808
186
606
185
580
558
274
22
173
223
440
835
425
227
636
919
923
935
122
417
831
681
507
876
646
721
575
119
454
130
379
932
32
887
510
276
50
803
549
362
51
85
273
992
831
22
623
933
393
270
936
919
659
556
728
201
898
203
580
186
178
406
611
953
112
975
52
774
135
609
775
216
912
428
699
209
221
419
876
619
500
69
91
67
840
136
924
323
746
682
360
119
138
95
128
883
635
204
426
278
693
798
406
254
457
800
316
665
190
288
289
949
511
861
986
67
418
940
670
962
3
580
84
596
13
133
638
320
872
82
759
594
957
110
404
456
401
976
392
271
242
96
849
203
500
930
475
856
292
932
371
886
21
84
854
500
601
579
878
494
639
674
107
1000
279
677
556
641
207
815
595
149
731
232
48
769
22
319
817
785
265
674
199
229
106
668
227
188
547
884
886
211
234
532
193
245
389
287
949
261
553
669
54
359
595
2
735
605
590
362
464
473
729
385
155
440
840
90
373
692
877
683
529
586
173
500
202
286
867
853
497
285
130
912
830
435
947
842
263
40
987
677
538
479
718
732
540
65
759
340
715
45
998
207
707
100
247
710
190
19
409
737
887
49
113
942
648
383
220
308
79
184
747
642
353
303
852
714
951
231
939
959
811
962
899
139
618
79
202
521
201
81
90
633
364
996
688
443
164
148
230
678
664
780
621
127
627
185
396
514
284
900
410
776
417
886
216
285
24
890
325
374
950
47
99
685
6
872
256
125
970
150
432
288
61
877
109
87
803
569
202
708
532
137
951
379
954
209
701
844
518
267
326
941
283
700
477
164
922
268
236
925
847
280
604
196
879
632
721
704
724
841
27
790
186
321
84
849
39
56
688
668
457
788
987
177
42
825
172
994
785
615
995
125
983
369
435
583
757
777
184
445
636
122
481
850
573
667
83
348
958
968
686
265
30
336
776
66
202
353
190
491
568
177
442
976
758
455
461
754
166
614
976
69
775
481
760
163
575
494
230
268
188
10
792
535
724
166
910
877
935
748
974
626
540
329
972
274
485
315
71
201
345
83
847
827
514
187
230
664
114
697
233
289
612
137
684
768
57
577
618
369
77
619
758
24
537
220
928
846
144
931
296
808
360
638
973
521
421
515
584
671
939
8
871
377
570
830
482
438
380
500
877
859
195
578
216
440
957
903
199
5
910
696
282
314
107
628
602
978
997
883
152
632
565
737
874
994
807
249
95
616
340
177
615
419
458
179
78
810
228
735
625
153
622
801
764
181
250
452
403
252
140
242
120
916
870
293
721
887
524
497
610
558
412
425
302
411
292
446
247
666
349
651
587
386
583
318
381
196
752
875
589
481
479
428
50
544
231
400
637
91
595
941
222
910
577
164
99
423
729
611
682
257
141
689
891
149
968
322
360
334
404
706
324
295
40
69
623
932
859
410
67
403
553
95
188
444
641
417
705
392
793
112
779
898
934
461
147
851
939
93
573
223
560
389
50
83
785
945
364
618
521
460
731
373
868
744
466
383
242
990
302
217
644
862
728
146
410
684
656
452
798
119
741
620
611
678
426
50
601
300
448
591
761
51
831
372
466
342
805
544
51
582
27
87
902
974
892
629
290
383
524
202
40
94
700
934
241
900
123
161
575
388
898
172
210
529
787
262
678
822
127
665
771
944
558
478
853
774
748
154
62
424
279
578
94
185
400
231
969
751
296
608
195
869
851
396
538
543
563
666
500
320
206
141
199
660
788
887
715
792
830
924
574
305
994
139
583
763
438
969
76
973
581
666
409
878
88
895
974
116
808
756
653
444
402
490
432
685
360
306
372
28
373
58
969
40
955
409
267
143
260
259
207
941
361
102
301
284
716
483
311
314
449
730
259
745
981
418
335
285
401
545
906
695
673
541
161
277
200
464
367
641
896
603
774
72
767
975
948
636
743
104
115
836
897
543
109
510
796
489
866
299
44
641
591
205
399
272
628
238
777
402
34
250
284
159
220
157
678
96
293
480
768
356
41
690
42
172
187
968
609
188
15
670
648
451
839
447
870
811
941
453
421
611
353
169
483
477
350
29
718
569
749
780
297
490
44
725
791
885
674
552
505
393
606
179
577
322
789
249
986
104
704
353
941
235
806
601
660
23
737
153
466
518
385
496
893
150
849
363
262
703
152
172
209
635
224
184
945
891
450
177
30
226
289
882
301
913
75
157
572
394
780
307
42
561
474
533
557
635
537
131
592
940
400
206
565
570
290
881
83
287
88
739
399
435
165
619
275
363
300
453
617
573
384
840
784
134
951
1
345
634
695
395
661
930
126
975
264
40
785
568
337
724
574
913
869
381
361
717
852
538
760
44
574
466
78
207
511
431
683
485
224
226
267
565
568
500
443
269
644
16
457
591
267
640
772
620
801
840
942
637
769
936
662
429
810
369
158
968
57
404
732
35
746
678
701
214
424
296
184
88
625
854
150
929
712
500
678
518
466
505
3
477
983
554
677
108
67
232
219
724
0
292
299
650
841
850
274
168
822
458
591
641
40
834
6
867
991
54
224
471
721
199
2
377
722
939
139
524
735
133
421
183
138
94
575
531
83
787
828
147
102
412
564
601
40
624
938
268
643
78
801
286
800
192
900
582
704
395
316
322
787
333
220
157
14
626
619
354
106
661
234
185
89
342
470
589
422
284
947
365
955
368
464
975
54
823
746
175
860
518
611
359
47
956
903
767
187
400
220
999
715
94
932
151
618
987
604
961
832
531
336
432
753
480
939
817
215
671
631
816
397
129
948
226
515
307
788
236
429
279
303
83
829
776
921
493
741
575
398
13
824
470
444
377
288
786
142
237
598
121
202
265
8
397
591
192
772
293
495
365
527
352
780
637
424
106
501
758
523
627
276
518
11
862
434
421
352
623
661
136
162
537
146
596
868
190
267
999
989
531
205
792
14
998
173
692
180
616
272
336
511
419
532
713
178
388
770
356
957
881
11
412
983
876
975
985
896
458
164
855
506
236
929
729
378
616
731
485
567
959
131
190
0
780
921
253
431
326
214
343
592
735
906
640
985
282
498
444
495
645
870
446
518
544
180
759
380
894
628
932
229
237
802
858
769
296
129
56
520
404
827
591
293
121
722
870
738
761
92
565
83
216
373
131
802
979
832
771
267
15
711
947
132
417
309
244
605
316
510
986
575
210
234
939
517
733
770
90
662
237
901
41
292
663
656
274
46
987
260
231
297
449
489
125
150
119
446
566
250
470
611
842
781
252
622
6
529
816
291
764
291
556
424
610
32
26
834
383
523
138
934
240
416
688
935
61
7
355
364
613
991
682
648
166
28
694
478
313
544
109
192
352
540
159
670
644
167
577
219
762
415
132
357
941
641
511
419
26
277
54
982
809
325
364
766
970
261
561
587
157
527
169
106
466
907
674
0
824
836
402
793
600
959
379
862
49
147
458
511
764
179
275
49
622
239
484
41
675
540
328
32
206
189
781
272
452
801
115
19
934
132
820
728
350
301
888
814
921
652
825
710
223
783
994
347
625
729
503
484
707
97
330
463
703
990
17
184
128
481
892
424
70
690
699
130
408
969
586
612
214
620
726
182
828
271
578
958
965
272
168
295
697
225
294
88
991
869
240
209
521
321
597
738
432
96
196
508
111
810
527
13
166
999
504
289
203
473
522
53
628
830
783
819
218
856
395
419
461
779
567
175
860
809
152
990
56
687
696
94
799
579
686
811
115
688
53
323
186
536
503
313
438
375
608
117
581
303
406
261
139
892
140
575
584
549
199
36
556
71
138
994
221
619
426
563
242
394
763
715
820
520
60
774
326
99
994
926
772
467
284
989
357
125
125
833
340
523
235
565
382
287
483
301
132
180
769
924
34
776
103
883
880
596
185
239
1000
735
512
376
779
626
847
6
24
145
238
570
508
830
415
499
826
438
715
512
489
570
123
109
614
240
981
648
559
523
195
814
332
437
294
328
267
703
832
547
416
364
425
72
148
682
285
652
281
319
840
526
929
267
557
843
619
207
910
764
312
438
128
430
711
904
960
779
905
941
900
144
385
676
921
293
54
141
576
74
924
1
623
231
89
605
260
466
848
45
637
648
275
125
613
318
155
313
947
183
503
494
302
630
91
990
511
382
230
918
613
647
90
509
384
387
284
762
876
564
882
671
931
915
52
951
468
7
263
64
188
400
144
99
747
396
329
899
475
418
884
301
909
548
371
878
668
214
830
299
376
811
405
684
581
375
190
662
899
591
939
832
375
13
849
876
61
138
672
70
852
677
430
760
364
50
780
154
102
865
455
156
183
448
207
226
932
976
239
121
973
461
720
507
278
743
111
319
202
112
594
594
760
306
226
551
538
665
584
606
281
421
153
861
847
220
384
660
556
388
159
571
474
308
926
994
370
504
102
780
576
610
347
102
284
710
162
106
848
996
950
981
613
369
330
580
834
227
139
92
844
423
177
838
514
384
773
680
939
145
257
983
449
748
553
178
60
162
744
707
162
211
349
568
531
654
866
601
210
607
983
114
677
348
933
392
923
243
994
168
561
179
162
506
743
682
143
684
749
132
272
15
210
513
834
346
697
620
373
321
19
794
796
62
963
366
536
822
860
736
483
606
41
315
667
307
34
125
416
433
767
288
934
12
643
401
820
39
588
341
144
992
373
784
768
288
158
815
835
829
935
806
652
91
739
929
298
458
294
360
246
782
819
697
706
855
497
205
770
916
707
25
472
240
567
876
456
92
953
285
354
962
881
903
545
735
33
857
320
144
142
228
82
774
899
151
188
282
205
552
514
930
47
814
61
78
80
664
466
55
114
713
618
419
827
302
779
131
63
807
674
935
596
77
213
994
963
318
775
683
854
102
725
48
894
305
619
628
727
838
769
239
376
287
300
246
81
580
282
620
256
478
36
979
57
879
28
981
315
587
272
761
447
611
381
251
816
767
528
599
237
589
646
452
288
336
871
868
818
140
618
24
60
970
557
603
381
105
967
551
753
750
692
133
854
337
302
204
877
867
173
345
795
939
483
458
896
381
679
560
597
891
125
916
950
47
797
189
489
796
95
470
567
796
49
264
861
897
411
383
958
735
617
600
647
206
770
824
530
611
79
979
697
361
46
876
153
674
849
763
16
817
797
50
130
378
34
999
645
411
470
212
435
430
658
681
493
276
776
807
810
411
630
894
195
323
400
704
927
7
951
731
724
67
287
289
43
347
812
769
775
357
552
131
439
679
770
288
421
594
670
205
584
832
363
454
416
374
574
685
339
607
79
82
764
11
892
460
931
485
484
914
5
721
831
531
658
404
166
498
912
376
398
241
783
855
722
131
12
205
798
376
428
227
684
454
943
412
977
321
235
974
159
622
684
310
322
611
532
664
529
504
99
665
543
942
299
924
679
571
295
749
343
821
42
291
151
861
724
329
543
642
360
456
885
935
347
502
351
991
796
507
220
83
509
69
997
819
109
351
623
0
23
27
116
278
795
415
345
373
695
652
637
880
796
979
650
271
182
969
877
99
201
120
70
926
322
496
487
334
419
180
146
29
552
364
333
19
53
883
332
500
630
303
673
562
991
45
917
431
979
417
635
51
997
885
915
566
109
883
321
229
721
850
844
384
892
380
313
801
739
910
651
73
428
506
640
377
481
829
883
327
234
384
1000
504
247
112
733
394
363
1000
435
726
794
528
251
902
976
526
686
386
266
906
49
566
113
574
101
555
27
166
423
725
311
703
651
805
512
48
507
705
700
914
549
796
913
989
583
273
122
19
449
761
603
948
951
303
426
327
460
334
945
93
885
504
963
771
108
574
371
337
161
116
128
253
749
890
903
261
318
95
783
644
911
921
473
43
43
459
171
411
487
379
307
574
821
185
861
19
999
448
430
349
355
625
842
420
430
209
614
245
880
553
322
272
218
343
360
869
695
384
871
303
735
162
208
240
521
881
332
445
990
483
109
857
693
138
893
906
360
700
124
569
364
208
28
21
356
992
301
557
743
746
905
984
121
105
770
918
218
342
567
341
384
809
796
299
984
882
256
502
613
791
593
731
137
212
787
629
680
837
355
381
232
595
576
524
672
911
130
837
84
437
938
92
59
241
427
840
506
197
296
298
367
661
673
483
978
886
401
69
60
335
809
602
680
829
312
561
456
229
988
952
296
620
945
592
938
612
699
44
749
71
769
418
111
232
42
186
396
137
860
680
529
425
297
353
280
255
725
971
645
728
262
351
704
253
7
293
574
495
860
879
141
340
613
343
968
914
663
927
380
726
749
829
636
56
153
965
226
5
22
516
517
818
430
324
633
285
671
745
98
686
653
301
379
483
366
796
838
857
259
457
855
53
573
917
827
661
529
227
656
115
601
731
658
661
726
353
877
43
400
997
215
255
108
406
306
38
484
589
993
699
839
459
691
372
494
706
592
155
598
67
178
210
506
917
492
633
406
320
174
234
788
195
733
492
278
216
765
980
344
101
278
87
172
550
21
581
62
196
529
465
26
873
607
26
651
996
551
860
279
42
999
417
345
520
770
431
239
219
543
603
449
478
642
155
49
7
396
425
221
744
807
736
299
433
701
212
128
133
938
743
384
795
499
527
709
711
546
593
90
37
897
848
691
225
608
514
549
310
833
503
568
477
434
389
396
998
687
470
424
851
330
637
575
520
565
87
437
76
388
35
688
16
292
506
884
87
10
790
774
600
822
792
354
615
524
63
50
217
532
679
150
704
511
643
937
561
554
529
212
689
403
979
441
908
400
216
495
900
579
826
584
481
60
647
224
883
499
617
819
941
142
564
103
281
101
877
370
457
237
871
639
452
859
712
254
126
97
795
591
800
562
477
126
428
718
542
476
360
621
714
10
209
366
439
940
265
768
668
269
208
652
36
976
98
273
212
583
547
0
109
685
752
839
81
573
907
905
797
800
637
520
969
431
939
791
526
236
372
339
361
316
217
512
9
76
128
331
737
640
714
665
676
948
958
598
723
852
784
939
113
539
124
872
216
439
298
207
632
964
618
897
47
953
551
4
946
512
604
494
20
398
99
589
387
881
510
400
234
916
594
874
308
430
67
456
832
415
331
350
207
742
315
416
34
171
739
785
586
712
154
857
19
646
109
537
990
964
739
112
666
534
595
972
312
598
477
890
410
762
539
955
821
853
871
186
380
458
709
188
51
763
970
297
701
137
77
421
340
539
68
177
344
439
654
168
435
354
193
366
290
376
91
168
622
699
726
335
415
323
589
552
312
405
746
589
308
708
744
890
679
73
691
406
549
181
890
404
839
606
827
183
296
239
823
140
408
605
89
562
897
828
701
151
249
507
800
286
508
685
833
328
94
220
892
920
100
807
562
561
799
709
343
946
999
556
293
963
90
22
529
939
652
793
502
207
799
119
218
312
245
155
946
61
320
21
991
943
509
644
860
725
971
882
950
365
980
295
200
931
694
587
912
578
195
797
911
942
806
156
387
164
742
760
877
94
674
912
872
274
826
50
430
457
389
261
741
991
774
503
438
550
361
529
607
230
56
970
780
516
230
451
256
180
639
160
882
698
120
714
716
818
54
402
61
788
675
112
785
209
459
721
565
327
611
531
343
158
243
937
623
299
146
491
337
534
861
512
89
817
206
438
740
521
476
99
1000
424
827
884
243
722
802
985
601
914
550
134
884
52
514
609
154
870
215
892
442
977
339
789
617
135
390
690
515
967
324
567
894
77
490
884
842
329
842
882
704
495
929
803
553
857
638
922
223
9
536
186
679
363
224
191
984
15
449
258
121
308
844
250
116
869
630
342
340
938
103
551
755
401
612
388
976
410
337
364
667
503
734
301
723
120
150
475
111
288
337
60
730
749
293
621
178
185
856
881
60
498
125
97
773
702
844
400
810
598
610
121
728
547
873
286
546
517
763
152
911
521
60
196
13
120
148
168
787
92
892
775
625
330
395
441
238
200
191
738
72
409
675
727
312
339
602
378
417
396
454
287
164
226
538
629
7
98
367
675
577
862
841
425
217
63
416
262
561
378
127
690
18
672
494
473
524
490
950
939
437
703
835
174
382
120
535
239
779
134
183
414
120
236
393
419
586
961
700
998
553
923
978
467
262
790
309
881
395
346
796
248
474
221
526
659
472
392
935
36
426
847
51
212
384
696
618
203
248
64
713
903
222
260
710
404
450
2
785
286
893
255
664
450
487
784
634
346
543
908
262
213
145
366
905
652
330
132
228
411
551
788
200
196
509
21
616
22
528
657
655
51
383
448
663
874
208
853
10
392
99
63
632
558
163
458
956
343
790
175
258
801
667
850
387
914
282
780
628
173
5
408
80
29
958
687
545
970
460
466
991
448
111
404
268
310
7
197
634
179
791
658
915
785
539
606
716
114
79
845
61
689
692
16
495
893
845
143
916
850
836
972
921
186
212
946
43
834
767
763
115
550
823
888
198
903
410
192
643
350
897
204
78
997
958
549
82
540
734
994
756
276
490
85
630
834
232
440
679
885
94
908
61
660
245
379
810
880
614
375
901
727
132
845
693
178
473
710
508
425
246
826
900
669
407
363
164
109
404
847
275
137
678
224
877
944
409
851
243
831
254
970
645
842
116
432
565
708
208
245
919
493
138
226
560
309
340
405
113
19
419
803
518
394
33
880
245
655
803
967
165
996
264
892
572
376
375
368
466
510
960
741
211
773
157
993
63
928
872
916
18
330
107
944
4
375
710
409
274
7
108
124
566
536
874
161
598
445
99
998
286
837
293
889
291
992
924
596
119
850
145
232
168
358
21
586
914
929
556
393
877
564
941
193
605
739
347
111
386
774
147
133
762
130
604
217
284
222
780
774
18
587
811
945
598
180
119
43
71
557
777
782
182
852
846
723
501
74
43
175
873
52
103
535
276
218
586
566
62
239
475
679
699
43
140
802
357
630
818
46
888
682
553
832
541
950
34
996
381
876
353
97
423
525
422
960
61
589
495
878
245
897
949
197
477
775
174
602
710
830
403
587
419
853
423
171
844
959
650
237
222
396
702
255
470
457
549
842
202
116
888
670
199
544
75
423
726
199
252
714
670
925
156
809
569
7
490
474
932
739
295
410
116
279
873
542
605
607
803
90
954
67
352
829
773
818
129
657
520
451
278
143
733
346
757
118
624
6
624
44
395
440
712
153
269
823
890
13
492
287
225
819
364
631
571
20
298
111
847
406
729
729
453
202
405
21
817
866
982
98
259
968
839
966
99
843
798
717
868
506
218
833
261
347
921
116
260
810
384
372
893
385
862
212
807
516
944
163
613
342
893
189
394
965
345
512
326
325
610
40
752
224
677
600
286
732
430
24
436
541
592
41
70
309
75
412
139
340
554
274
148
575
250
310
326
63
483
294
188
861
48
59
724
684
714
440
873
709
343
181
941
192
759
583
173
42
111
287
342
240
722
613
564
536
801
411
180
396
832
552
418
711
47
900
327
766
657
287
522
484
699
133
387
788
678
11
397
712
89
660
76
359
679
198
929
932
401
835
849
672
924
549
408
606
387
76
402
399
113
774
875
998
176
548
214
452
415
838
337
389
982
535
97
205
609
600
511
673
291
577
791
436
833
41
16
957
492
557
556
617
905
878
824
605
838
220
163
418
522
859
315
88
404
781
397
863
240
412
509
86
825
762
291
810
850
867
765
380
904
903
493
818
867
808
606
927
800
396
802
960
31
894
320
292
556
920
860
990
986
457
50
764
205
961
406
17
15
92
577
757
277
596
