836
491
301
69
531
871
53
530
146
906
477
698
483
134
168
647
559
790
916
877
692
985
906
749
561
205
370
798
89
921
222
484
599
484
80
330
393
4
540
774
914
204
819
317
21
395
756
420
728
340
283
700
935
91
396
6
213
219
331
727
252
447
812
958
974
444
816
793
959
37
246
824
404
441
3
892
502
93
486
849
35
573
126
259
740
141
434
443
722
395
662
594
338
88
821
138
318
276
653
677
547
254
290
508
48
722
905
724
465
438
562
569
755
711
701
918
730
655
430
951
534
787
242
478
86
863
112
624
493
253
749
226
613
621
905
47
367
989
140
403
56
787
32
404
661
813
64
533
253
834
703
78
188
961
431
745
643
262
929
668
721
225
6
913
602
366
701
584
652
23
79
279
416
498
538
772
93
516
702
515
58
613
159
294
520
650
337
990
78
984
95
649
988
614
550
553
832
602
878
384
20
183
569
253
818
343
624
541
486
558
638
30
561
870
553
193
667
99
816
362
400
931
86
394
112
211
511
931
611
974
808
634
626
664
942
454
262
624
686
440
510
990
850
6
903
956
814
760
63
191
939
766
72
479
486
64
210
587
507
645
855
801
916
646
449
500
806
829
885
790
501
856
460
962
859
656
360
426
191
164
441
378
57
662
699
948
997
269
166
476
902
523
466
876
541
390
241
567
458
819
284
26
431
89
136
203
871
746
407
44
315
173
628
956
2
265
811
388
434
477
224
128
805
946
754
933
605
752
845
311
266
152
460
992
747
839
165
810
636
5
448
310
929
266
954
526
560
286
669
798
729
346
660
163
547
582
955
707
938
483
401
286
491
580
606
285
38
925
473
657
592
248
820
400
892
256
843
61
56
253
669
379
929
656
49
36
732
329
503
346
692
251
823
355
731
612
112
712
809
87
549
254
983
514
523
963
708
404
16
108
300
452
400
72
192
844
265
516
183
636
232
1000
929
381
377
482
6
310
772
79
671
460
918
686
474
132
757
117
466
98
967
52
585
926
858
492
326
736
11
3
737
240
705
759
29
589
573
474
616
229
308
609
562
565
665
345
542
720
383
928
635
852
542
589
683
271
24
993
456
815
760
679
180
108
353
920
285
981
807
974
604
212
640
254
592
108
707
995
346
650
730
454
798
893
97
46
381
313
18
396
882
220
337
90
107
21
69
988
100
316
713
937
968
126
617
916
455
394
992
235
326
321
991
909
387
515
343
534
949
960
628
942
222
214
79
894
538
259
943
469
202
749
490
420
248
861
757
491
228
913
502
714
667
418
354
769
747
729
496
324
136
345
99
130
480
981
147
521
765
649
463
280
492
349
166
586
201
591
506
291
835
275
314
446
509
385
408
451
805
404
598
673
972
895
609
142
32
359
2
775
831
514
53
813
717
51
802
640
67
724
243
366
580
283
539
549
266
688
142
583
604
65
258
266
436
319
738
628
110
50
668
561
524
729
330
190
215
237
285
159
833
481
543
234
148
332
113
659
838
346
802
996
566
159
383
836
524
823
525
182
323
939
201
359
589
398
842
483
231
151
540
293
498
109
382
92
74
2
480
836
869
608
975
992
495
256
646
419
974
898
678
664
394
34
489
698
307
707
538
965
123
693
789
766
278
347
196
138
271
529
175
659
222
7
503
348
777
319
346
957
478
61
303
815
900
271
452
998
918
70
831
115
573
150
345
936
403
487
560
983
240
8
297
808
38
633
99
252
179
494
286
165
539
379
499
908
321
703
838
728
667
190
797
420
169
735
765
674
584
314
771
501
388
459
979
334
674
67
941
422
114
790
830
131
342
886
235
629
464
309
694
196
552
793
442
508
882
45
487
488
279
165
794
247
975
818
652
67
499
177
131
989
314
870
643
518
353
693
208
663
777
191
835
79
786
891
443
275
999
810
932
459
165
402
996
983
108
617
575
471
102
593
445
554
154
316
482
825
254
143
249
109
823
107
437
99
861
990
934
295
456
202
870
243
194
878
469
937
542
105
44
582
80
227
584
192
392
104
610
126
475
869
651
333
14
737
441
79
218
148
715
878
566
732
111
127
803
735
442
814
145
597
179
750
253
754
182
920
369
68
380
602
457
51
638
112
146
884
620
951
315
186
991
10
228
355
763
653
645
667
604
525
370
651
873
690
979
399
70
223
807
759
181
4
594
102
835
223
392
6
778
685
619
941
688
680
987
154
759
785
648
598
311
656
580
628
843
693
302
618
746
62
806
320
701
927
824
987
327
859
507
692
283
627
815
277
137
817
233
868
69
7
963
3
850
61
723
867
373
890
284
946
370
604
582
555
455
800
33
425
869
738
161
974
804
692
69
345
598
293
744
891
490
170
748
116
437
270
390
303
779
718
996
884
302
689
936
448
993
895
125
429
612
467
342
749
571
373
564
318
529
719
404
4
325
966
380
458
223
21
762
795
942
251
725
749
833
163
843
583
692
792
482
766
966
180
681
38
379
795
226
865
786
907
954
387
496
392
515
310
22
523
923
853
40
343
242
353
917
341
334
992
698
176
236
227
682
159
190
580
54
597
199
940
688
881
510
866
168
83
495
237
110
455
16
113
81
746
598
795
706
688
350
566
253
99
264
157
501
955
733
971
991
53
640
49
221
868
836
929
863
718
469
833
900
440
625
871
105
253
320
461
284
195
945
856
364
396
663
127
566
55
20
933
877
12
454
196
302
570
748
450
135
548
538
178
529
571
385
336
187
238
894
232
400
272
760
63
134
266
805
528
215
630
410
375
968
426
762
138
511
894
239
697
575
725
552
175
272
150
843
850
761
703
608
275
469
325
78
785
433
223
545
241
190
111
372
331
79
291
699
718
363
953
889
858
599
915
108
219
866
951
395
140
26
698
175
781
633
439
566
533
963
410
691
439
956
346
965
20
63
709
880
739
96
331
915
507
453
152
284
993
710
419
555
121
485
375
382
229
904
905
472
214
453
18
859
49
114
181
418
257
599
148
668
560
823
559
127
351
624
577
906
199
402
272
211
569
200
461
169
590
284
16
426
595
468
76
614
290
464
407
284
42
135
860
912
297
848
634
713
275
954
638
813
303
942
638
105
177
65
789
287
390
915
8
171
890
603
717
272
135
999
282
494
501
949
727
468
353
674
762
972
296
319
621
59
57
524
380
95
769
5
498
703
646
131
793
833
176
14
647
896
378
113
746
357
680
879
941
412
155
470
886
851
817
427
654
451
233
274
571
680
613
982
363
600
192
936
548
649
716
692
412
764
775
401
473
772
280
801
535
97
152
337
623
882
161
486
704
536
631
985
221
211
48
45
674
972
830
526
863
444
632
125
400
697
633
383
873
806
599
416
379
830
553
570
65
711
46
328
309
347
68
909
82
153
391
284
883
230
439
765
329
952
967
901
571
735
550
248
770
321
649
461
450
926
852
867
776
629
578
26
116
667
124
700
844
86
555
348
958
68
129
714
481
755
419
634
722
870
615
117
722
617
37
236
766
452
568
118
259
511
781
745
343
286
666
944
199
973
638
923
500
660
828
364
59
551
548
774
492
164
206
570
497
315
559
339
717
690
979
887
490
879
808
947
311
950
847
422
989
885
598
784
422
190
427
106
274
419
98
65
624
105
724
323
332
679
132
667
265
935
912
191
181
103
200
395
390
680
578
582
51
750
315
479
1
328
163
531
281
22
470
22
906
455
592
556
406
825
330
210
478
493
690
452
194
197
687
150
315
982
531
537
438
871
58
381
564
694
238
422
969
934
923
252
756
196
257
846
637
981
120
462
467
625
189
288
654
234
855
366
662
577
928
127
402
933
18
901
804
981
142
964
435
309
638
926
641
850
188
500
352
20
651
748
713
337
779
719
892
723
213
436
315
464
485
593
670
204
510
9
987
39
652
804
454
954
451
719
396
362
143
693
146
406
669
951
535
913
379
486
920
757
662
112
264
126
472
576
910
602
240
241
692
263
569
726
64
252
325
929
163
486
637
63
556
975
104
257
828
589
138
473
483
282
754
915
602
261
915
444
997
152
836
432
128
527
449
236
721
974
141
828
928
661
679
444
59
682
15
886
59
615
291
756
800
889
700
722
466
110
863
968
542
0
577
715
819
452
140
512
611
529
173
576
775
870
624
70
872
860
113
883
67
987
561
608
765
15
570
651
364
602
390
375
364
140
342
784
121
144
983
864
395
651
349
574
631
784
793
371
415
957
31
595
734
918
431
703
9
746
621
913
110
208
858
33
223
210
991
636
971
191
396
859
146
980
457
49
466
613
792
180
787
8
528
931
45
633
939
911
107
751
763
16
891
87
383
771
352
434
443
829
669
457
768
934
203
743
1
56
887
52
517
55
352
958
751
834
90
107
613
32
633
813
504
772
200
939
109
344
187
944
341
956
563
759
300
991
582
547
346
422
806
749
357
690
154
331
769
809
535
530
800
537
573
626
66
549
371
681
200
915
906
193
182
436
371
189
424
327
770
378
718
799
712
893
517
238
440
303
42
928
351
104
75
86
651
204
267
18
578
715
374
100
92
281
857
990
119
798
653
707
992
72
320
610
727
153
697
522
196
897
157
559
148
780
568
276
797
205
109
150
831
982
312
926
603
685
440
634
200
170
201
26
617
581
956
899
17
156
618
294
348
514
147
368
577
991
897
365
148
139
724
476
983
849
41
137
701
467
398
687
319
585
626
439
284
498
815
687
856
803
26
972
31
407
910
588
395
650
503
282
312
893
627
827
723
221
290
353
390
69
792
292
755
594
983
176
839
741
275
352
820
5
219
436
851
946
731
11
462
421
317
680
841
469
526
862
51
225
867
655
879
315
662
630
419
500
815
252
800
134
840
305
860
365
724
230
882
404
817
468
418
714
30
345
754
987
248
10
71
733
339
52
581
142
648
175
270
820
489
24
692
354
400
521
500
761
619
303
881
116
29
83
802
950
149
530
547
943
753
265
993
628
768
489
386
70
776
236
102
821
125
842
714
454
35
538
101
818
5
326
602
59
93
77
196
503
676
621
919
419
443
444
66
11
767
307
387
534
523
417
818
779
869
452
536
76
684
930
338
644
745
109
478
118
181
174
554
760
633
728
513
409
586
138
179
735
236
841
885
549
965
619
889
454
888
271
568
769
941
566
249
565
984
186
413
973
61
722
872
855
333
631
443
226
105
294
262
657
307
766
386
776
93
781
631
827
373
441
629
667
54
411
717
183
629
228
47
206
689
40
780
404
110
774
559
89
311
98
616
593
662
279
606
727
825
196
196
149
538
237
805
285
932
199
930
848
138
367
434
787
142
811
954
772
794
798
123
73
703
832
583
369
269
448
260
28
404
401
311
161
620
136
594
253
868
225
916
597
465
137
892
530
688
8
172
804
293
744
135
364
374
71
142
823
329
537
475
687
320
286
809
80
878
540
231
579
548
352
810
540
849
532
152
837
186
648
55
357
217
644
330
262
604
961
318
276
857
474
851
822
866
778
829
610
595
786
158
858
580
736
583
209
286
948
682
549
683
304
794
510
522
873
120
450
325
673
500
1
362
652
459
406
310
101
881
993
607
875
288
593
695
100
252
149
328
238
156
561
614
380
686
613
129
325
125
459
68
950
655
79
642
127
841
53
522
308
784
898
447
4
211
874
281
201
468
180
19
664
455
414
809
313
601
708
510
502
701
200
79
93
324
278
782
622
216
230
23
959
196
797
261
305
519
168
381
624
190
77
692
413
667
499
747
575
722
641
424
631
145
965
199
704
887
377
94
56
808
252
521
229
881
853
425
306
746
60
164
720
483
363
699
869
617
851
569
730
125
950
126
338
962
362
453
683
825
170
713
752
777
609
318
807
173
504
71
264
365
247
248
203
720
303
419
83
70
354
802
112
938
444
893
715
656
179
994
493
934
666
788
752
963
845
905
202
251
672
620
570
120
543
849
552
379
181
253
303
735
8
364
414
591
155
818
251
883
788
627
898
374
622
704
506
738
150
159
963
598
759
309
814
899
405
836
812
40
230
624
442
321
930
832
564
682
125
960
367
824
670
817
221
353
278
661
393
620
566
351
728
333
447
76
780
327
612
263
59
331
960
242
343
215
612
168
853
57
879
928
682
813
694
150
824
711
151
616
456
128
305
406
641
622
103
675
917
30
585
784
466
983
98
49
46
540
665
526
337
463
687
621
479
917
839
402
158
332
445
551
467
725
108
640
674
730
639
882
343
520
128
497
973
827
122
67
730
95
547
648
905
954
303
430
236
939
198
206
445
206
908
470
67
342
418
22
628
30
917
498
106
570
628
366
611
9
784
546
28
683
364
468
473
423
230
300
101
97
984
381
207
897
766
399
361
856
736
916
71
939
75
818
981
162
116
272
183
778
522
24
43
45
804
40
529
605
717
669
150
610
784
608
320
335
202
918
645
877
468
867
402
977
475
686
345
220
476
224
321
953
56
328
742
133
200
80
116
807
759
525
392
636
38
486
904
234
205
305
621
223
610
754
52
32
218
973
571
877
969
415
422
197
320
307
291
368
2
483
583
705
570
617
765
542
566
7
167
204
450
452
185
391
535
168
16
511
423
569
696
262
705
898
246
11
526
39
317
114
509
212
837
757
375
717
874
431
37
82
886
902
362
211
635
878
996
300
853
980
159
126
892
922
442
647
317
735
103
684
583
205
397
477
556
50
148
354
520
83
500
484
338
83
905
991
728
119
597
522
683
786
774
583
324
401
522
26
462
16
228
894
313
213
461
552
778
252
81
875
702
15
383
169
425
821
732
690
889
27
55
334
134
646
94
899
294
922
931
793
598
139
562
611
397
388
610
160
306
599
374
119
552
686
230
220
287
549
509
25
739
455
470
155
455
586
434
793
562
443
239
620
148
431
774
5
656
183
128
153
245
435
980
686
666
290
905
110
424
282
384
208
564
989
318
532
399
0
853
273
290
602
929
575
628
588
754
593
107
793
893
300
793
676
329
726
302
699
446
234
102
606
781
208
317
425
397
665
547
329
418
370
102
301
328
849
115
86
668
855
905
614
419
233
649
815
72
413
920
521
741
641
418
209
813
76
148
236
681
674
779
380
157
135
760
854
355
819
930
567
635
88
927
987
604
503
873
446
402
414
641
838
793
505
502
624
134
562
135
895
460
542
273
537
635
646
747
312
835
723
277
447
49
555
720
990
666
582
27
4
463
213
253
139
455
390
45
423
618
498
292
818
673
170
774
755
839
735
686
403
707
983
603
987
262
863
495
641
997
803
771
499
412
526
8
922
490
785
308
815
618
209
558
627
371
382
320
360
830
790
190
387
231
883
445
814
161
585
660
166
308
417
57
513
888
615
823
884
715
92
578
581
766
310
278
946
457
330
782
990
356
691
214
140
109
155
642
128
326
111
23
528
958
69
610
999
543
772
276
932
122
50
240
78
645
171
256
280
476
148
533
115
178
870
232
334
94
867
63
179
140
59
121
365
886
57
512
482
981
40
149
181
556
848
182
238
853
453
228
933
562
301
304
789
539
518
591
55
852
795
409
109
414
866
889
318
209
71
349
800
82
494
886
217
706
323
386
625
733
838
330
352
489
702
596
691
427
584
98
595
366
316
678
110
495
458
193
705
100
190
65
892
212
753
391
302
909
182
129
583
847
29
159
725
885
126
473
18
581
570
699
510
797
992
165
210
953
54
567
579
640
415
110
802
481
668
972
965
824
48
463
827
296
493
980
974
754
269
827
870
485
735
324
241
887
506
732
807
99
895
271
673
759
135
760
885
216
910
600
145
545
936
794
642
875
714
987
166
955
216
318
384
842
362
783
495
231
467
271
342
262
976
434
452
502
133
590
596
760
637
975
787
225
777
560
157
383
997
40
905
986
446
172
807
630
757
340
184
334
341
507
363
723
848
649
592
297
846
2
970
464
301
667
243
661
367
238
602
638
608
198
202
935
618
443
486
517
248
459
900
19
782
459
991
36
292
702
239
153
98
172
875
370
375
236
136
498
688
131
253
407
369
449
542
530
725
216
816
240
718
740
233
285
831
713
714
977
167
782
480
256
640
835
23
325
89
645
497
292
580
839
18
736
388
446
882
87
475
879
293
698
9
241
717
450
658
621
332
330
566
745
611
110
77
820
700
865
962
257
360
654
333
262
589
150
530
304
647
834
437
643
520
593
51
691
91
211
616
630
219
631
863
435
662
603
941
195
26
535
533
161
438
841
571
866
551
662
154
11
680
842
98
757
408
582
999
744
305
648
185
485
117
364
196
305
605
732
677
388
498
897
369
849
912
15
629
674
536
764
705
544
85
774
810
31
235
332
560
255
39
688
501
702
815
560
518
798
622
614
597
595
386
727
793
268
702
134
706
485
17
487
849
280
912
197
634
578
62
261
466
745
922
374
823
416
995
197
745
493
628
6
931
103
597
550
943
510
138
329
919
452
570
557
812
265
148
533
968
68
849
0
207
396
783
393
597
740
595
270
877
165
481
254
297
972
346
372
659
121
821
314
983
970
343
707
308
5
522
314
125
475
595
932
296
593
926
19
394
408
978
254
141
522
246
83
709
821
689
479
391
318
22
448
591
52
61
417
342
407
701
722
609
334
145
711
532
647
863
168
707
924
759
637
53
199
460
66
95
837
784
105
290
245
960
942
768
957
553
653
471
839
89
989
250
479
710
951
474
803
310
343
887
88
714
123
152
30
866
689
780
767
99
236
322
244
116
119
724
560
750
390
215
68
770
789
595
778
808
7
232
970
722
956
207
799
402
165
263
721
413
488
208
394
944
132
213
59
387
421
794
246
365
823
176
797
560
116
786
191
536
250
147
253
964
2
597
453
484
228
972
231
524
443
14
798
994
271
447
629
403
930
970
961
478
892
921
184
220
345
151
716
92
267
110
426
167
595
638
809
460
995
149
393
828
587
692
153
969
351
323
87
2
316
426
212
539
549
363
530
247
964
145
645
780
923
37
192
878
225
775
863
404
158
897
500
893
865
918
139
695
608
372
707
966
628
672
811
514
702
378
591
80
103
877
98
681
32
866
185
375
765
639
235
762
632
661
509
291
538
496
790
102
233
410
485
73
29
664
126
264
798
869
792
628
955
107
970
777
693
27
236
412
935
983
314
20
338
591
577
273
310
623
912
163
695
543
820
786
800
484
94
700
237
815
489
744
144
996
241
93
949
36
576
418
571
219
52
38
950
913
260
557
410
678
609
487
148
633
305
30
861
871
420
95
433
162
233
750
356
349
668
25
860
634
897
560
625
678
435
981
355
351
309
71
770
901
812
460
820
567
939
946
458
218
635
39
544
146
978
443
182
369
93
12
762
851
292
473
426
550
276
854
456
914
409
213
641
453
753
102
96
518
175
876
478
46
835
957
685
288
872
825
64
914
135
598
679
474
53
209
686
213
689
32
636
106
438
325
393
622
697
11
168
154
404
634
925
794
415
376
508
131
730
838
827
226
237
430
382
581
135
82
700
906
350
672
25
248
413
483
772
878
264
91
181
961
412
509
180
291
804
402
887
980
828
164
875
212
876
729
183
534
690
352
879
784
234
826
502
153
74
971
905
553
319
881
27
914
186
728
213
24
993
712
439
157
108
426
525
161
356
556
349
191
801
216
806
662
350
325
162
661
565
749
504
902
80
963
139
15
642
728
635
869
66
89
269
279
649
982
682
24
18
18
628
698
216
348
859
743
536
374
644
893
960
780
926
567
273
24
111
554
627
680
909
90
616
155
489
246
786
602
891
138
31
383
780
220
352
890
585
357
927
11
7
999
526
968
643
582
713
593
75
577
654
168
878
613
793
842
431
187
722
589
17
762
330
436
311
950
349
190
120
18
221
590
384
885
939
423
976
166
518
504
178
154
697
307
762
278
579
446
704
520
861
392
369
15
948
594
950
366
486
806
980
633
154
563
66
9
591
994
626
134
100
963
519
908
868
626
103
53
252
314
604
480
799
933
42
469
945
584
960
704
235
766
56
231
286
224
414
58
18
468
410
752
175
13
943
953
0
858
356
298
129
689
970
531
535
398
308
287
686
707
32
696
2
39
830
764
212
441
213
539
950
578
258
880
283
479
44
694
71
473
820
291
349
329
120
894
530
857
21
557
361
164
400
417
122
804
689
572
356
187
55
712
44
56
218
563
470
347
428
293
246
885
441
436
354
625
861
873
644
645
420
283
196
406
512
644
597
237
343
655
912
744
955
334
896
311
979
238
405
386
653
199
156
507
487
57
618
544
211
1000
935
41
117
69
714
45
93
235
624
193
146
397
899
231
734
243
760
225
551
735
260
730
819
621
302
635
869
607
443
625
1000
95
123
794
50
232
530
211
561
278
333
735
567
315
167
139
430
506
90
414
591
797
772
826
979
582
646
361
612
720
432
514
741
3
396
330
594
419
30
931
869
146
519
660
188
635
70
267
301
479
273
174
869
35
505
958
932
808
611
191
121
156
748
428
697
589
73
812
178
993
165
276
927
768
643
710
708
916
790
990
881
273
358
5
534
241
57
513
492
369
226
99
390
540
327
162
409
477
199
139
878
648
181
687
184
297
157
830
204
638
335
46
920
554
327
412
586
601
326
722
688
565
777
4
51
471
724
878
368
844
694
624
618
529
155
649
783
444
856
970
871
201
222
756
180
10
94
573
876
157
36
856
297
718
420
827
591
619
471
310
79
360
464
313
233
905
931
282
135
409
51
959
485
866
322
480
175
560
768
875
162
405
949
85
374
970
773
426
140
365
457
241
794
513
556
726
614
966
447
484
141
477
402
690
469
77
11
742
366
936
858
705
55
231
384
362
660
421
118
605
414
955
871
350
983
755
474
796
824
498
412
52
917
631
818
672
627
407
25
583
494
630
335
599
749
379
966
5
440
997
202
905
506
286
933
96
125
353
125
985
246
0
359
566
383
935
346
679
344
82
602
410
781
160
574
623
348
517
877
645
685
372
375
70
892
914
428
838
188
601
613
432
913
573
124
970
622
947
232
695
919
720
808
738
198
327
141
255
70
231
866
278
909
253
508
55
631
783
706
712
145
283
972
957
965
495
105
47
784
514
385
378
703
858
274
122
462
430
538
711
986
234
450
213
107
98
345
755
428
228
414
225
455
472
901
639
662
175
467
897
711
241
646
654
488
895
665
224
243
316
193
146
277
627
241
598
494
185
824
64
101
772
763
931
796
529
297
240
378
941
736
715
253
756
51
595
120
413
472
546
18
593
940
926
244
700
883
946
296
22
552
823
587
529
997
275
118
837
722
993
866
981
940
540
10
500
571
540
357
122
223
426
688
156
69
414
829
70
582
553
220
401
593
545
667
803
925
755
331
8
935
600
465
668
466
985
802
621
573
770
540
654
6
779
958
395
543
387
825
338
847
85
988
405
151
12
35
549
182
704
144
2
360
971
157
503
941
765
720
607
889
242
655
760
478
622
486
249
514
360
877
432
481
309
536
875
154
949
442
323
911
293
694
478
352
694
777
905
347
642
75
914
748
182
538
118
57
283
417
684
804
316
535
733
118
39
551
673
196
18
809
390
874
537
394
175
199
356
65
684
704
275
193
812
846
489
405
264
527
459
432
155
901
920
673
480
427
192
464
685
9
360
381
881
73
20
139
327
119
19
821
777
593
104
350
66
273
801
321
183
435
891
904
940
752
567
545
836
372
523
722
84
314
845
575
579
341
698
571
455
259
890
752
38
894
673
629
733
57
168
733
724
895
954
744
804
707
866
311
85
12
894
455
805
233
760
865
659
602
306
344
575
436
707
414
717
520
629
270
885
683
906
200
123
53
801
556
540
311
627
190
702
913
944
604
65
557
390
633
216
754
743
66
519
660
621
746
242
745
192
854
621
301
7
664
68
415
486
216
963
42
870
309
17
728
211
59
579
534
231
377
207
583
156
92
612
138
519
534
114
78
896
113
64
202
202
648
108
989
844
351
702
43
349
645
284
884
545
463
877
80
452
915
772
380
594
52
203
950
495
210
74
391
905
328
359
928
896
324
181
612
338
804
88
651
233
289
145
899
367
199
982
780
226
503
441
0
412
797
194
427
850
526
933
584
693
258
674
631
232
711
883
420
483
694
537
872
956
713
902
591
204
404
942
674
667
456
403
861
807
923
714
513
355
144
212
861
308
145
199
450
296
738
726
583
157
830
951
641
362
238
239
546
157
692
90
943
94
729
441
678
813
507
709
872
461
840
768
986
170
246
148
400
173
125
617
629
550
825
526
826
300
832
241
179
431
161
787
227
566
658
316
466
305
376
887
102
883
239
433
288
741
767
759
483
362
32
322
589
957
983
478
490
559
44
170
732
276
926
882
97
551
432
123
333
731
105
443
204
748
83
111
866
850
192
289
840
362
938
321
323
244
883
46
97
134
72
888
217
839
842
307
529
785
351
141
362
643
13
396
371
657
495
150
909
169
755
23
805
85
230
426
992
120
587
230
309
230
696
705
211
47
249
962
217
680
833
37
789
905
906
520
729
944
708
294
908
679
904
532
380
710
620
636
49
396
375
315
715
784
607
529
851
200
708
293
1000
385
673
875
822
480
65
347
334
622
74
408
119
197
835
142
764
826
725
600
521
192
67
609
839
677
815
716
575
902
52
776
170
462
783
366
28
176
56
962
176
707
323
544
428
648
758
206
85
24
484
364
988
469
174
444
870
999
240
484
120
128
601
904
162
738
924
884
482
636
128
942
644
624
770
616
952
793
99
100
875
576
10
831
69
290
747
910
190
572
654
971
49
164
417
932
399
718
765
923
876
815
340
890
587
535
376
722
641
705
33
484
387
483
737
618
948
294
53
914
854
633
675
705
963
132
785
665
174
376
299
901
879
34
435
224
52
76
952
84
743
558
481
516
16
960
742
942
367
959
581
326
106
686
569
605
757
262
1000
404
508
162
896
624
47
663
436
857
957
824
214
53
598
368
110
431
615
422
954
201
108
336
356
837
595
910
717
246
891
90
101
737
823
464
304
291
915
700
318
193
946
824
941
430
52
461
336
169
437
233
415
657
778
316
627
892
430
956
81
859
390
523
615
7
470
144
392
284
369
458
863
456
591
333
550
137
514
793
528
483
199
753
77
490
281
896
384
960
386
681
537
61
842
511
549
380
263
270
138
318
597
86
273
892
606
813
105
491
219
103
596
149
17
757
951
536
560
642
840
268
170
417
810
131
338
374
921
245
889
115
372
822
86
574
33
503
691
195
994
198
705
763
668
705
204
284
685
758
381
966
481
865
154
435
207
469
327
271
497
283
20
693
834
819
92
484
370
789
420
621
241
149
539
454
619
973
740
788
578
301
76
848
277
19
907
744
480
662
560
406
999
196
471
690
318
785
493
485
996
593
356
436
994
98
119
696
70
533
62
455
983
175
483
112
418
562
191
26
165
421
551
616
418
444
513
266
59
54
672
81
103
723
670
195
509
450
879
114
864
256
13
419
690
43
58
420
631
810
911
706
978
851
913
48
502
569
822
53
346
885
839
826
163
10
522
922
897
534
75
378
115
33
100
811
811
488
766
536
334
635
425
675
479
973
23
423
209
549
266
890
114
391
239
904
71
368
476
848
174
68
3
790
160
251
557
439
573
218
132
535
222
934
763
505
821
201
621
95
250
708
649
555
411
141
680
808
55
409
24
412
680
897
520
962
816
377
752
56
583
601
777
331
206
94
148
501
58
76
683
466
78
862
701
831
401
562
799
137
505
562
857
791
132
784
782
345
704
842
516
678
91
918
558
678
742
57
471
913
101
586
543
772
162
852
556
175
628
2
266
802
85
280
329
569
159
885
772
231
344
894
79
734
405
52
693
697
704
788
552
726
973
316
305
92
657
540
73
255
749
934
785
341
473
775
463
337
444
8
244
750
588
276
136
390
269
334
433
25
247
742
144
601
74
772
903
874
526
814
515
735
9
15
153
812
565
278
741
890
314
356
780
605
448
19
516
285
484
484
592
464
538
195
666
203
659
114
300
341
683
111
71
694
296
503
938
170
737
312
312
698
476
521
523
605
7
175
35
467
231
85
17
328
960
651
996
608
625
631
292
92
791
99
866
949
613
99
798
681
379
158
992
237
754
276
123
869
36
556
388
253
866
906
122
833
377
165
415
156
188
792
972
561
524
733
217
784
342
636
426
447
364
381
54
187
288
261
854
616
319
525
991
635
268
101
410
234
670
818
665
867
742
194
466
756
510
521
581
165
717
333
79
412
576
574
649
170
662
769
754
910
387
203
129
343
758
222
626
897
464
709
358
967
733
563
730
260
653
197
402
57
819
331
785
93
115
819
178
15
511
747
899
648
722
471
350
784
241
471
870
758
335
435
363
152
782
70
17
291
338
53
264
837
641
632
659
848
569
16
917
23
649
798
722
42
613
497
68
98
1
708
14
858
671
408
421
328
362
485
616
581
701
134
680
413
26
688
387
135
796
828
600
231
941
651
159
405
305
1
629
639
439
917
759
811
278
800
467
134
529
762
906
760
92
39
623
577
401
812
418
992
140
405
629
353
428
957
977
155
522
668
105
696
539
268
837
809
506
273
634
625
249
509
301
768
406
863
204
120
101
706
769
290
164
718
336
310
473
755
503
755
267
734
706
562
725
529
73
144
923
311
719
852
74
934
517
385
959
720
997
572
316
524
546
215
440
494
986
760
346
740
364
34
494
988
836
472
210
914
800
686
107
888
186
76
464
691
564
699
872
749
501
608
610
14
97
320
555
222
773
566
638
734
224
399
435
183
829
338
120
499
175
404
593
531
697
237
937
561
547
697
223
906
623
170
400
848
129
730
781
674
558
536
851
742
305
360
804
155
690
73
429
549
186
583
718
998
107
539
180
981
341
883
99
848
726
879
483
83
115
412
934
384
663
946
333
367
662
206
534
970
879
798
755
183
324
607
243
124
675
331
472
42
118
655
71
574
841
89
505
701
888
170
311
701
76
546
552
927
380
390
833
239
997
839
566
448
173
701
475
715
853
233
467
965
144
196
456
318
930
98
492
807
254
121
428
938
923
26
352
67
111
145
392
341
838
463
917
775
883
665
933
652
497
538
936
620
455
320
55
332
622
676
849
897
644
12
814
962
581
552
164
152
803
807
386
673
658
677
33
252
103
871
150
520
187
13
763
64
648
885
680
422
741
534
568
653
520
371
476
927
569
756
327
877
440
286
471
919
115
693
731
361
582
326
614
513
641
161
948
691
149
119
95
889
306
383
548
352
381
626
438
744
68
949
31
649
361
864
314
523
533
663
937
236
360
554
88
526
301
632
871
866
156
90
874
319
476
350
9
988
816
718
204
84
723
445
52
208
678
129
333
216
430
479
959
667
47
240
82
270
481
605
762
24
692
645
9
588
867
294
84
882
186
487
762
170
843
499
604
10
533
510
424
224
523
973
954
305
285
584
325
950
488
676
230
53
78
793
775
800
762
550
222
809
413
83
580
984
667
572
691
105
428
275
969
589
928
446
726
251
276
686
557
587
761
173
0
964
938
589
452
139
642
391
311
668
249
231
404
263
370
332
226
465
370
265
94
580
957
412
926
733
791
423
736
167
674
634
646
950
455
398
279
22
652
563
768
748
479
759
199
565
788
184
506
716
457
163
941
286
855
852
321
101
896
45
831
760
59
536
386
805
849
483
240
150
869
756
446
995
187
68
677
409
220
210
878
874
86
17
602
288
530
424
795
160
690
374
561
660
418
360
555
505
696
151
596
514
300
393
50
272
19
932
30
399
102
493
395
347
425
925
711
456
91
54
608
43
634
599
124
718
649
732
336
154
546
551
295
332
622
106
134
573
188
636
730
631
595
529
903
198
734
82
856
151
308
816
136
598
425
428
940
540
115
74
28
776
840
666
92
169
232
204
369
12
939
629
936
222
261
813
152
411
306
264
371
820
886
46
873
533
856
730
230
758
110
429
309
782
255
588
432
291
404
261
331
423
341
407
346
51
594
784
750
564
262
347
339
869
457
763
158
215
279
153
643
24
591
633
974
978
562
715
771
514
604
529
656
967
770
567
881
76
18
353
676
422
760
783
117
525
853
452
244
662
820
452
103
545
449
668
192
822
567
552
308
473
760
467
887
992
630
754
204
957
153
371
765
404
517
862
489
243
570
809
437
286
694
748
16
490
506
521
990
429
639
175
998
236
466
3
681
236
153
507
465
432
22
428
494
321
287
714
43
294
771
264
217
888
889
678
802
110
512
117
237
778
973
239
5
220
455
541
549
829
875
415
822
471
108
52
661
109
918
779
55
709
815
925
915
187
482
43
95
417
152
593
720
291
6
27
246
598
447
424
377
819
625
903
918
861
293
248
504
889
287
130
343
539
990
370
711
298
58
423
546
914
306
817
67
786
63
873
913
774
565
201
169
380
532
233
878
615
924
959
49
642
311
885
945
597
253
388
166
458
557
767
754
654
723
335
764
675
443
679
149
494
864
161
43
79
821
778
574
567
480
864
500
535
730
529
111
981
22
500
221
353
955
69
864
720
410
434
671
85
65
985
113
474
62
796
497
667
953
213
891
777
906
850
378
862
115
596
905
813
849
640
400
3
996
221
499
947
510
338
30
4
621
108
179
715
342
277
347
17
13
322
930
123
72
748
115
304
543
984
72
503
748
10
139
877
44
897
239
460
97
9
670
75
99
267
262
769
551
777
853
398
857
461
539
978
520
122
993
467
914
433
110
689
399
754
192
833
975
134
940
142
176
352
324
599
316
723
968
419
937
408
324
997
370
90
316
1000
984
216
408
344
961
727
526
91
415
689
224
591
485
552
201
430
948
477
316
261
389
311
176
265
738
491
249
125
800
982
605
607
866
274
872
584
920
549
573
924
337
639
485
587
42
337
110
987
278
967
612
410
468
503
988
399
801
820
905
752
161
6
967
504
233
480
10
962
117
626
460
893
904
366
869
587
475
786
971
294
703
611
498
779
265
546
777
937
963
392
273
500
32
615
239
420
616
963
830
439
183
259
673
54
991
105
118
806
642
29
624
593
479
404
170
758
587
324
872
282
460
679
125
648
25
359
478
105
206
586
452
570
778
118
440
896
196
298
94
320
173
511
603
615
738
79
939
129
479
31
614
863
463
92
408
601
111
367
487
70
868
422
847
363
656
450
950
516
791
859
771
129
55
41
984
175
336
47
701
330
611
963
91
862
335
518
918
684
499
338
81
111
922
747
896
949
340
72
927
981
704
375
766
618
309
742
792
54
531
187
260
451
890
726
875
17
578
44
35
611
756
79
765
314
825
311
533
849
918
909
49
906
802
175
283
567
990
572
330
849
777
854
273
711
316
29
281
560
683
971
52
489
484
233
111
257
763
540
604
507
38
457
10
400
143
322
171
938
981
861
857
912
191
339
981
982
191
160
111
744
279
331
108
78
318
756
854
541
321
127
70
757
653
52
984
127
720
27
863
554
728
717
169
357
92
677
796
322
377
771
912
375
190
571
726
531
987
969
798
584
14
912
742
556
272
872
890
507
660
501
436
632
713
148
754
851
461
839
720
386
771
558
978
17
907
668
8
921
252
769
169
770
292
0
71
784
444
665
396
248
345
693
820
571
978
941
375
815
211
3
604
749
97
591
616
995
380
483
708
443
175
363
739
298
797
441
100
241
806
287
921
817
766
432
321
160
867
250
277
431
186
89
205
640
588
981
557
180
433
141
953
952
645
326
492
391
839
959
248
56
238
901
830
968
373
612
362
52
286
809
454
435
426
954
869
944
358
472
866
679
143
710
195
956
319
810
165
766
393
809
313
342
508
39
34
949
813
741
482
82
174
919
381
54
373
396
320
407
766
856
769
678
462
730
794
89
951
67
974
161
897
395
947
538
354
544
398
88
868
593
66
743
566
520
281
333
663
483
397
696
730
290
30
855
534
682
959
436
323
396
411
398
453
858
175
535
142
362
324
416
311
888
148
650
263
330
389
281
601
428
320
662
999
509
901
382
701
519
14
411
522
464
925
997
565
543
880
86
740
13
643
44
525
813
875
813
895
170
627
253
216
446
892
487
619
821
110
516
706
401
666
882
457
513
973
31
464
269
318
865
844
592
251
575
144
764
242
159
126
969
725
40
144
224
561
805
673
635
138
4
754
959
731
837
813
889
496
125
46
61
129
932
713
828
473
903
410
343
627
7
185
224
365
780
11
595
155
372
804
674
209
353
449
32
881
658
360
247
182
134
344
888
537
742
376
964
643
941
292
625
521
331
128
748
978
365
846
188
561
339
749
28
32
886
329
665
427
913
910
81
468
465
645
449
673
403
221
406
371
362
689
360
266
762
515
247
739
185
607
783
363
39
221
361
63
892
390
844
270
763
567
727
271
17
108
393
992
946
874
77
224
865
165
566
849
522
263
947
837
182
184
625
677
402
820
648
505
738
295
822
954
557
267
884
522
508
91
99
591
259
582
533
512
962
955
938
369
555
60
438
149
55
664
967
319
808
648
759
307
25
845
1000
870
298
245
301
839
147
144
629
949
889
99
638
559
129
483
109
514
925
158
683
96
526
534
203
163
496
639
819
637
904
94
780
529
114
502
564
910
170
956
510
127
564
8
626
907
399
375
720
878
823
370
157
841
870
477
265
991
629
758
112
411
281
706
769
347
526
136
364
114
98
204
276
569
878
924
512
108
823
654
614
642
627
545
236
239
590
372
227
641
757
799
970
820
356
331
519
799
972
540
966
576
210
704
341
833
76
553
206
465
742
277
311
632
575
622
340
687
742
236
901
654
87
591
562
744
83
761
50
1
547
408
472
432
810
203
914
118
61
375
402
229
725
397
71
258
88
48
255
796
404
810
836
363
689
525
898
870
705
243
859
453
208
997
827
36
751
642
88
214
126
165
691
933
424
94
358
575
452
363
81
457
150
235
993
10
342
291
354
306
958
165
377
500
95
332
812
22
383
895
488
21
219
57
176
853
454
856
842
489
133
666
754
985
635
587
333
687
427
408
89
707
129
640
515
872
740
62
519
973
77
235
884
824
943
691
600
220
249
890
932
283
993
565
315
763
475
135
762
866
241
429
365
203
798
708
650
143
64
75
409
484
494
665
577
280
290
266
538
72
998
544
712
358
749
760
379
864
843
551
654
131
740
204
812
413
767
287
838
273
382
87
517
901
315
584
753
904
648
549
881
604
915
95
474
964
573
246
137
639
931
231
62
922
472
414
105
435
395
280
135
332
925
379
717
48
981
60
127
585
791
604
89
82
237
812
511
994
496
323
147
389
957
708
571
52
233
505
288
379
799
996
542
774
51
793
458
236
484
358
827
801
943
322
525
728
225
303
528
927
733
585
12
430
631
977
382
455
355
20
715
841
645
670
263
898
305
676
26
48
311
938
716
672
661
100
63
242
424
171
496
152
360
721
705
353
745
168
756
704
677
271
579
423
96
2
712
857
562
735
550
289
973
659
867
963
686
959
213
605
878
417
534
645
112
923
771
172
319
138
573
431
841
659
911
686
337
297
772
712
676
973
260
981
794
844
290
230
150
889
796
747
177
239
291
493
904
211
331
711
400
409
245
442
204
623
112
464
105
382
799
374
96
162
431
682
66
952
737
470
105
509
734
879
675
766
565
165
250
908
346
476
581
905
859
392
986
164
363
75
631
952
90
870
931
171
709
176
634
901
428
527
200
470
258
690
747
792
890
510
584
157
144
520
219
275
975
51
321
51
214
319
433
636
417
809
203
899
311
990
626
276
732
832
798
455
236
90
52
43
533
224
523
615
99
111
425
570
93
40
741
149
789
745
53
258
488
243
802
543
560
869
667
125
811
458
856
241
49
265
15
444
914
858
18
290
689
1
602
38
717
358
163
619
313
910
55
574
17
277
800
397
89
98
671
630
979
597
990
110
507
620
76
316
245
603
205
962
966
953
436
61
26
915
427
186
592
327
762
270
864
662
658
256
370
655
835
168
282
553
998
438
405
303
970
179
623
32
137
236
348
948
374
279
408
410
232
345
0
522
784
699
684
997
700
745
713
54
119
315
977
10
541
897
700
480
182
14
142
303
466
20
38
242
622
937
985
454
730
683
19
29
19
408
751
528
229
315
797
766
975
47
788
975
199
458
661
529
492
408
109
690
29
255
136
313
937
741
821
35
931
557
704
606
124
349
132
84
351
926
81
6
198
801
119
889
680
659
864
578
700
938
33
107
52
708
520
382
833
593
718
728
235
680
948
751
514
931
47
877
884
625
395
271
289
149
641
251
609
67
521
769
835
847
896
324
417
445
701
421
850
797
890
751
231
743
484
714
891
968
713
759
772
763
405
269
827
656
169
472
738
346
152
192
536
311
357
487
132
833
238
616
548
587
816
173
630
587
622
962
243
995
288
906
883
721
354
930
353
756
788
545
4
398
116
220
880
907
77
593
126
801
322
698
778
660
653
444
800
763
35
501
320
688
140
400
675
710
321
725
494
345
256
579
206
11
349
968
757
671
659
17
717
577
658
82
882
111
30
597
234
444
182
30
894
652
107
649
62
239
963
76
370
988
72
856
326
951
152
240
348
306
175
253
878
951
116
464
754
971
517
574
611
574
418
786
493
954
234
964
345
118
38
687
120
175
408
451
946
602
874
649
327
712
379
642
710
13
611
21
312
194
685
435
999
925
876
959
464
58
37
509
951
453
145
943
913
863
174
611
827
122
229
24
389
188
285
434
233
889
895
677
971
940
784
557
329
300
325
487
648
367
240
564
963
443
193
38
197
141
489
169
654
966
245
412
783
498
324
201
123
794
295
574
955
763
797
228
980
69
843
586
642
739
244
50
384
529
457
124
450
297
939
74
709
415
51
401
251
803
662
159
445
978
510
129
725
944
123
115
193
165
82
422
598
904
714
950
343
772
525
830
376
283
526
182
457
787
882
268
825
726
937
373
125
992
543
245
289
373
691
944
128
553
329
177
690
583
994
677
360
738
822
325
26
779
782
673
489
696
751
832
555
28
196
554
807
949
505
39
416
194
574
873
339
762
383
247
584
164
900
972
138
822
877
737
680
333
649
101
52
115
304
862
254
195
759
998
727
789
816
910
427
954
116
121
766
885
946
572
766
909
187
687
509
718
793
672
375
222
810
406
578
259
29
143
286
378
350
644
42
958
264
467
606
597
807
817
270
579
24
42
948
594
617
585
693
418
250
14
231
860
621
639
830
432
194
470
772
867
967
282
567
729
947
338
586
532
665
200
843
4
468
35
395
607
358
12
565
741
30
130
68
381
706
702
19
709
226
326
591
939
278
555
506
205
66
366
224
834
859
99
123
210
964
200
399
59
582
434
657
542
755
606
788
64
836
140
487
523
72
472
913
539
898
274
187
257
398
141
406
34
822
985
678
954
773
673
4
466
139
690
892
238
354
300
47
907
783
88
226
75
574
414
192
751
441
576
390
584
294
531
302
809
400
443
666
880
261
803
281
271
880
738
847
16
129
28
265
782
791
55
886
867
356
409
643
645
464
710
226
183
473
89
106
285
441
176
697
138
105
219
588
378
330
384
489
687
423
145
147
551
516
198
505
226
675
663
502
430
995
570
520
88
227
650
769
735
469
736
505
709
347
503
570
831
755
82
178
562
479
697
422
213
617
993
251
780
832
661
764
511
738
900
960
159
162
56
532
680
10
317
746
602
606
779
836
395
830
397
457
785
56
267
575
229
956
826
740
191
232
370
241
224
400
559
884
818
249
577
657
987
1
967
672
658
811
385
341
712
762
481
731
264
545
659
646
194
339
667
182
948
386
505
711
571
630
788
26
523
770
285
430
777
117
108
249
16
256
617
273
408
906
395
59
271
912
158
902
431
311
869
974
574
112
526
294
14
547
672
40
295
374
472
159
42
505
19
39
850
816
839
837
252
883
521
157
844
698
63
693
926
354
159
904
686
334
849
549
888
479
948
969
455
22
177
912
237
515
90
791
158
462
839
795
206
459
414
395
316
547
153
333
69
161
119
148
670
284
430
645
783
693
197
978
619
514
923
308
11
179
621
375
243
953
946
399
162
935
950
271
120
677
693
953
977
894
446
276
208
564
706
715
158
194
854
159
236
753
241
460
886
793
966
57
702
204
178
191
209
286
385
464
189
147
219
441
164
187
213
778
80
349
70
443
939
932
996
256
785
685
620
768
371
62
655
285
696
650
362
472
308
165
354
254
551
590
226
710
815
618
610
264
833
126
456
274
446
586
551
139
575
893
86
921
382
170
540
369
687
358
7
93
676
758
608
632
795
741
218
695
836
233
677
273
839
12
12
675
200
520
828
333
419
533
621
365
497
296
113
804
698
970
904
665
399
658
481
921
751
911
447
88
273
288
363
727
507
172
639
398
918
94
513
548
753
805
217
305
20
33
985
679
787
700
59
821
291
671
220
630
137
514
381
402
367
243
939
679
810
875
716
221
978
82
614
828
517
809
616
233
129
447
880
535
840
869
492
952
37
600
183
924
174
275
504
109
554
769
316
628
283
489
636
416
166
526
48
662
214
422
39
196
727
338
636
305
778
105
705
2
314
926
316
90
385
22
778
768
407
534
261
671
760
169
274
70
990
612
849
668
176
159
192
200
115
185
209
779
348
143
680
675
934
603
944
340
645
158
444
162
226
354
919
826
