865
445
713
524
565
265
937
710
320
837
750
416
199
188
825
447
607
712
131
565
712
377
8
846
831
96
7
202
185
299
680
406
17
456
353
184
324
739
581
693
710
429
194
505
258
531
250
343
26
383
190
888
530
475
576
671
446
127
834
164
740
247
752
123
521
120
164
520
115
297
689
389
902
634
471
698
613
152
689
457
174
939
396
519
467
492
565
431
869
325
557
602
879
228
560
303
269
742
632
319
343
911
271
486
491
851
424
970
789
782
70
178
61
998
871
128
760
899
541
404
237
979
761
530
63
577
695
297
658
990
720
866
79
285
185
325
637
256
851
319
652
888
973
554
793
751
691
878
843
843
657
996
995
477
250
459
154
630
394
51
707
579
616
199
855
805
406
638
62
397
560
297
322
410
289
756
979
232
945
951
549
738
974
530
614
523
309
186
473
663
536
493
674
123
310
650
338
589
552
77
788
188
578
947
57
964
297
875
320
576
938
350
177
145
137
457
663
658
501
796
744
162
57
614
646
16
216
98
923
965
827
686
133
60
209
600
46
903
181
394
819
965
517
777
687
629
174
412
479
54
340
601
620
818
68
122
538
756
291
919
403
466
813
633
982
342
711
611
675
520
447
186
245
475
954
14
708
220
489
894
226
136
356
999
216
58
999
852
300
943
444
244
506
832
210
7
249
143
881
623
992
113
714
781
727
969
323
605
328
632
73
50
103
493
822
348
786
252
189
760
179
489
861
760
890
540
95
553
682
469
470
506
246
125
513
361
160
407
392
111
774
47
563
958
873
756
230
826
775
713
564
727
988
408
944
910
406
478
397
139
589
372
712
950
84
264
693
236
6
593
732
122
732
384
708
810
125
661
86
367
827
16
693
21
833
555
846
424
310
538
158
559
783
745
383
665
882
183
749
901
290
167
337
983
83
976
844
728
220
254
642
194
251
153
731
835
655
830
728
58
53
815
330
725
699
315
210
591
147
740
290
711
69
611
479
325
848
153
479
689
81
215
630
760
290
850
212
481
897
763
972
60
281
614
658
476
278
655
935
750
324
999
776
943
493
714
178
73
239
191
711
121
194
3
269
596
850
509
315
933
356
728
970
229
777
916
586
36
288
435
514
659
313
231
576
526
218
635
935
905
670
838
217
52
609
712
787
201
298
536
541
286
870
876
66
653
48
231
353
291
531
376
918
589
683
711
113
254
993
107
998
256
216
44
854
689
674
478
895
420
404
277
296
87
305
255
151
385
7
955
106
982
373
298
600
104
403
122
723
103
863
439
98
119
620
236
324
634
508
73
51
795
132
286
841
479
622
964
592
822
494
12
371
300
272
394
23
317
435
888
853
707
646
42
716
978
351
515
918
611
586
49
933
687
114
853
17
791
81
463
712
328
811
6
997
567
927
899
872
570
345
636
801
293
780
637
810
866
750
984
835
799
153
592
493
479
178
945
111
473
447
262
110
818
130
481
472
756
128
622
574
759
692
936
247
805
943
313
619
843
618
687
858
703
281
458
902
49
817
999
459
903
106
503
133
493
617
718
670
966
230
272
571
272
432
359
248
781
642
737
334
463
686
612
681
545
343
719
607
827
454
926
781
312
214
372
612
787
571
732
311
217
359
338
524
315
458
156
183
682
211
144
158
564
354
747
53
144
480
810
745
264
712
844
172
386
225
160
591
683
755
689
232
921
464
412
102
323
326
45
605
623
755
616
777
276
482
22
898
239
453
480
727
308
611
340
111
406
422
262
395
452
330
755
648
142
62
661
932
547
316
220
916
108
205
332
621
484
800
574
724
222
267
845
715
456
369
415
663
838
122
853
95
861
656
568
626
339
703
620
442
468
849
549
839
35
528
784
873
361
28
747
418
879
17
63
349
229
136
602
533
536
205
4
451
696
22
706
610
887
233
135
488
118
272
901
535
956
252
568
928
841
291
619
720
117
835
668
756
910
256
844
13
748
114
101
27
299
385
692
161
758
596
625
729
290
398
89
488
74
737
854
726
613
378
685
276
564
941
761
807
61
210
555
42
377
593
363
607
769
896
46
220
642
765
878
514
327
437
869
560
990
107
915
159
449
538
701
790
909
798
285
386
749
942
625
672
450
416
587
191
227
638
236
311
820
484
257
735
801
532
258
993
690
54
599
602
822
422
104
139
293
491
759
330
112
321
146
803
444
454
409
794
555
95
667
606
498
121
434
702
837
287
691
613
83
96
329
707
283
142
802
786
249
611
538
755
259
892
155
248
699
343
567
439
183
213
480
387
533
282
451
67
582
441
70
156
939
522
632
606
882
213
170
307
698
574
348
254
850
385
689
609
943
552
111
635
38
604
292
791
177
931
923
374
208
933
508
946
740
711
608
652
951
79
268
926
953
97
430
173
566
941
196
191
561
580
459
841
600
809
659
596
805
801
567
235
644
891
851
682
36
814
462
473
584
379
151
713
245
460
452
73
112
890
394
357
123
21
337
59
104
566
814
166
240
188
886
219
106
115
623
917
94
807
710
650
162
686
554
591
200
240
334
792
688
761
143
112
795
974
311
246
547
751
786
248
171
954
540
641
835
335
86
110
39
969
968
307
824
236
947
125
566
315
627
386
575
750
574
578
662
362
53
898
738
965
222
228
675
521
708
297
828
210
707
43
917
610
694
784
996
936
742
734
542
862
459
658
15
982
492
724
730
943
278
463
721
208
301
817
11
817
465
262
371
804
895
879
899
132
657
374
391
411
88
477
659
883
795
894
74
985
441
902
602
972
334
138
87
681
142
632
305
659
668
827
37
166
797
419
76
976
991
443
955
431
814
737
160
681
176
656
570
9
639
106
595
68
144
870
926
244
544
878
598
570
541
502
895
487
499
56
933
876
142
779
180
958
478
804
888
594
511
725
80
713
308
389
356
351
677
346
874
961
302
136
589
965
884
337
296
622
298
560
342
130
926
445
853
883
852
818
603
786
490
97
738
208
346
975
248
300
799
743
594
821
158
108
102
23
599
602
621
150
489
81
832
340
198
256
984
30
647
35
723
455
435
579
902
484
386
937
967
898
684
980
244
952
325
870
617
963
900
46
268
54
779
89
585
667
190
976
666
892
309
92
54
629
507
397
12
251
742
938
655
955
554
462
796
471
484
349
267
91
103
436
398
513
614
494
177
569
438
911
958
153
495
474
58
369
650
56
6
418
990
810
582
847
793
869
450
899
733
855
846
487
99
279
987
840
645
260
309
72
848
586
735
167
534
781
326
300
438
73
576
501
855
444
674
246
565
570
698
420
432
808
0
586
885
40
237
74
730
998
394
234
635
7
366
482
290
521
364
608
551
653
703
534
63
168
511
861
136
474
845
418
620
483
100
61
762
460
644
188
934
430
914
942
590
932
36
312
508
262
336
781
183
540
656
895
284
104
799
226
351
709
898
941
809
796
840
684
141
761
721
555
57
396
65
377
136
387
897
69
933
477
534
338
693
700
461
215
186
544
899
176
419
151
680
759
244
249
368
784
4
912
272
477
580
851
904
27
478
94
649
300
784
491
635
894
218
844
904
266
587
367
93
844
595
893
301
255
321
520
427
463
705
367
859
720
451
127
143
672
717
49
547
543
220
8
771
566
264
430
587
11
304
833
791
190
240
569
102
800
965
74
209
650
373
325
801
447
92
145
886
658
471
995
810
736
609
583
668
94
648
399
607
819
363
579
52
681
553
766
239
165
512
556
770
837
39
734
234
759
398
998
418
629
990
363
739
219
788
415
973
460
554
441
817
778
996
830
598
403
571
83
98
54
37
189
347
286
514
22
526
680
672
832
155
57
363
656
599
59
802
287
986
469
213
725
624
384
641
452
535
685
907
603
883
366
557
847
40
352
975
368
594
701
486
443
372
451
728
64
736
725
168
364
134
24
487
699
192
798
207
165
364
948
11
155
552
401
823
249
606
688
176
959
113
446
90
2
56
349
850
792
991
142
79
189
503
2
285
499
976
902
549
332
504
174
441
315
561
657
529
233
983
716
712
672
49
1
468
269
59
650
809
523
226
378
996
155
94
164
619
803
449
720
252
901
766
855
796
613
183
560
578
13
708
953
10
927
123
591
283
911
621
757
256
690
327
691
53
773
36
515
338
504
316
470
114
198
821
834
44
384
446
734
605
658
768
211
79
624
81
426
934
178
167
900
212
474
470
539
333
192
114
414
135
246
629
299
607
402
53
992
996
918
405
940
927
610
744
605
293
883
956
857
23
441
985
873
274
536
585
310
648
418
767
728
9
155
666
289
202
865
712
242
768
248
869
662
592
696
403
281
808
97
538
163
632
447
15
504
346
21
628
792
551
38
560
413
64
100
466
185
318
729
432
859
846
161
939
788
596
326
906
744
409
148
908
88
247
586
387
186
702
616
841
971
740
79
979
462
243
969
884
931
841
311
508
616
26
656
1000
136
666
555
61
738
196
129
165
774
890
305
822
609
189
431
225
498
181
361
164
696
592
861
533
397
599
779
416
854
947
275
667
721
475
289
548
363
637
414
172
29
992
964
964
291
496
116
69
749
782
874
384
702
941
890
520
124
158
148
967
741
344
515
639
221
901
547
486
493
976
328
75
654
457
30
375
520
884
543
421
974
390
195
294
901
11
123
505
318
762
816
418
743
267
617
106
986
292
994
864
91
359
738
46
53
662
830
747
676
718
325
614
145
857
283
2
270
576
170
435
911
653
558
419
95
135
573
753
84
470
879
584
625
977
464
749
625
924
60
893
644
674
357
742
111
443
209
211
828
508
857
750
969
17
1
746
393
410
383
345
727
935
95
943
657
857
75
665
638
561
540
78
933
61
955
185
972
680
160
545
886
521
491
914
21
985
152
92
733
186
3
142
317
184
390
892
46
131
149
33
85
40
463
429
23
703
978
347
699
242
702
16
586
639
658
942
999
681
866
281
570
342
666
163
928
396
355
508
689
510
748
119
894
95
613
992
286
586
29
654
727
338
251
296
370
251
897
344
25
914
644
582
865
386
820
243
88
219
760
788
570
803
152
676
122
398
678
202
331
214
670
27
892
320
340
444
241
61
758
918
159
962
571
598
406
402
661
180
734
36
428
384
446
601
183
543
296
832
670
623
595
987
469
203
488
810
144
174
708
873
274
483
389
307
378
380
545
48
399
856
726
646
829
810
637
924
349
788
869
482
244
1
343
85
274
677
479
575
690
122
166
331
491
883
103
173
381
843
668
87
727
645
126
846
544
28
762
777
702
764
222
911
436
210
612
324
355
703
491
916
587
521
987
654
935
720
682
191
804
83
987
327
285
681
662
642
274
600
531
326
245
585
145
146
129
43
734
826
525
822
350
541
887
787
897
636
352
410
111
262
458
60
487
471
793
913
988
980
360
532
161
50
995
181
149
635
61
154
400
555
344
599
812
635
430
727
395
173
764
338
105
697
532
654
242
741
122
785
959
14
466
430
960
737
715
446
881
614
875
383
543
48
323
622
560
853
232
66
70
2
675
704
42
808
331
397
364
521
954
764
830
635
635
351
5
542
650
355
185
941
535
695
450
477
987
765
685
54
158
132
550
434
336
199
495
584
275
952
525
974
921
338
49
940
553
208
205
724
529
850
102
738
652
974
444
527
873
868
1000
307
923
431
489
883
955
336
441
754
899
161
697
103
669
550
266
231
760
576
26
59
92
687
74
335
213
231
882
783
734
380
452
888
622
126
641
808
274
854
51
249
114
469
416
280
591
671
528
490
906
943
710
485
298
646
738
269
796
133
213
138
809
718
455
541
729
509
525
302
260
778
430
681
689
501
987
187
32
524
812
965
494
929
587
986
381
1
926
18
616
267
657
62
609
317
84
956
304
789
756
769
889
158
609
190
28
538
335
343
880
955
294
843
201
540
286
117
793
579
608
533
479
815
260
863
866
434
349
85
317
300
714
449
88
334
291
800
128
723
629
109
238
568
80
255
494
970
209
70
734
699
216
499
98
674
632
216
795
287
923
503
321
300
612
690
330
136
370
535
96
384
864
684
961
520
944
805
15
272
848
82
151
498
111
545
508
73
153
107
150
176
940
841
988
170
960
880
36
212
410
157
953
976
863
104
381
933
320
300
991
422
994
227
210
341
321
978
915
956
32
97
110
632
937
614
893
211
563
43
379
440
168
577
298
606
216
984
582
272
642
552
291
783
471
684
352
882
806
631
583
124
38
852
661
735
647
339
672
851
531
251
806
249
69
967
854
302
82
508
656
237
677
518
904
110
934
470
235
326
454
491
686
776
714
136
475
326
733
475
133
437
799
203
717
827
205
180
715
693
444
498
652
809
453
158
134
344
333
914
532
109
352
276
246
760
957
502
502
268
260
216
405
709
333
384
525
648
126
540
94
115
55
554
156
731
397
372
463
21
657
446
397
482
253
180
667
110
167
129
176
448
17
701
262
794
669
909
124
948
315
107
322
506
496
910
447
298
338
533
222
864
718
73
729
661
575
600
200
195
579
774
676
39
934
535
856
742
902
937
159
983
392
88
840
458
648
579
77
33
832
486
591
717
895
907
384
944
196
613
478
95
721
32
664
974
396
6
660
727
895
264
753
296
436
488
203
480
955
475
347
543
97
15
130
348
332
893
22
385
134
560
984
752
684
339
550
470
192
665
57
315
608
730
42
457
723
191
351
742
627
818
776
660
22
116
781
918
272
26
521
800
129
460
108
497
126
173
226
243
574
476
280
256
32
276
647
525
665
350
70
3
502
140
630
507
426
517
66
971
724
937
712
25
324
539
565
850
208
913
597
824
457
138
943
162
990
421
670
379
136
794
528
746
390
606
185
965
56
623
424
449
787
293
232
187
793
494
445
453
714
980
47
235
422
561
505
830
67
521
959
655
205
823
269
40
722
161
202
729
123
844
607
474
334
404
408
167
70
494
955
340
929
636
448
788
249
121
811
915
949
301
375
483
549
945
427
146
436
913
661
462
710
263
280
33
801
884
841
402
563
385
210
466
972
512
415
289
382
876
817
260
84
532
999
811
627
403
778
449
298
220
815
907
886
438
959
30
447
656
617
84
668
279
384
645
519
283
577
360
727
616
330
569
756
824
390
77
978
384
683
724
900
340
400
35
863
396
5
761
307
281
302
903
918
701
557
407
21
465
780
116
324
606
803
465
805
888
653
277
129
15
413
194
75
838
638
107
42
107
167
912
505
627
212
96
306
646
395
349
755
203
616
963
677
51
535
962
579
277
312
631
543
898
89
153
280
120
230
406
498
278
831
825
936
400
674
192
965
318
208
45
559
162
428
60
954
365
945
994
785
591
967
178
814
629
417
871
740
167
420
501
760
292
971
496
55
147
966
211
750
920
424
403
309
905
302
123
255
431
92
356
425
322
373
451
263
960
277
214
977
327
877
457
496
269
676
314
415
519
646
463
183
68
51
251
707
299
545
95
612
605
625
28
273
13
91
270
616
902
871
972
342
258
71
155
101
536
680
321
805
946
487
279
719
115
276
599
488
529
473
1
987
185
303
116
196
778
905
744
790
884
42
319
487
459
167
705
370
627
35
952
373
756
541
14
948
357
338
57
689
672
418
565
535
675
797
382
93
365
339
472
635
331
488
90
361
264
603
769
29
280
237
29
36
323
812
44
714
558
389
152
171
586
661
121
554
50
97
242
163
568
404
609
404
616
281
510
211
851
299
767
735
710
567
298
541
391
315
508
1000
958
427
806
362
236
497
442
799
25
576
974
699
283
858
539
544
578
614
457
850
969
659
143
341
332
218
157
193
9
284
91
188
735
568
119
192
424
704
379
218
723
247
569
495
982
940
459
963
735
524
200
649
473
364
629
103
775
499
604
809
335
761
241
920
806
306
794
687
791
806
807
638
5
712
882
176
240
166
595
706
873
697
666
19
791
782
979
735
868
95
83
823
835
942
428
439
764
516
716
432
817
339
830
135
941
949
625
195
208
271
661
12
187
931
434
934
927
558
440
89
181
753
166
909
340
833
144
716
938
127
894
786
557
57
633
659
66
790
492
510
610
207
926
57
877
612
945
925
250
350
813
8
696
916
80
101
998
391
169
389
867
773
996
196
641
198
367
91
131
973
774
169
274
469
152
941
551
768
356
564
180
238
921
207
923
87
708
203
788
854
513
497
291
878
343
883
331
275
263
303
823
558
150
523
867
501
656
433
86
543
154
514
765
376
609
860
520
150
320
843
64
406
265
68
898
777
649
156
406
19
783
509
565
250
221
952
630
762
508
764
773
461
277
204
836
602
218
71
886
630
581
951
223
515
11
5
372
916
544
835
543
645
674
176
725
603
508
669
645
459
805
34
898
366
257
367
120
33
905
616
621
375
810
489
29
861
359
669
78
861
257
90
726
641
707
911
140
817
127
181
568
14
932
603
429
11
343
825
863
741
319
194
800
140
716
250
293
873
938
87
117
760
733
602
781
718
942
513
857
674
380
299
421
866
27
697
807
264
113
435
469
70
399
443
704
268
192
588
193
995
400
483
529
935
775
406
373
329
930
452
125
604
959
393
10
193
260
5
203
579
598
88
862
586
106
192
554
9
731
626
483
884
955
483
828
765
577
307
476
679
41
390
935
621
947
869
301
399
816
621
472
583
951
33
596
130
160
673
310
936
741
316
19
213
32
173
735
803
255
674
696
451
875
658
951
647
347
225
513
895
169
93
938
960
718
759
802
496
832
312
874
261
554
911
970
871
624
304
912
186
49
174
952
80
581
779
308
928
23
730
24
577
821
376
394
301
365
847
919
755
622
734
883
54
627
222
339
758
471
561
20
432
386
38
733
480
804
947
617
614
761
213
999
86
26
148
578
49
483
441
19
930
848
699
650
23
541
365
503
257
610
293
404
644
551
796
637
578
5
284
428
710
262
70
964
814
65
695
700
763
319
721
223
323
586
692
964
465
593
749
617
502
830
309
138
99
752
540
833
784
141
108
27
68
94
996
759
631
506
291
439
378
39
164
14
452
935
335
609
319
147
616
732
368
209
558
242
394
586
662
594
254
924
877
643
186
477
244
592
157
673
881
153
683
938
76
662
112
752
978
258
110
547
708
683
217
587
711
941
770
40
852
769
364
148
34
712
413
817
108
981
494
180
806
466
579
961
61
593
52
447
367
376
275
465
393
670
157
352
578
197
55
23
363
780
764
309
898
670
209
115
706
546
757
665
135
413
878
183
759
284
768
923
184
575
832
762
276
736
779
122
693
916
721
836
750
153
323
984
511
836
683
559
454
219
275
785
340
502
710
129
634
518
30
634
40
206
916
952
324
229
684
69
727
207
354
899
391
255
924
241
318
326
526
461
805
35
394
693
558
712
853
918
452
979
565
797
214
826
41
144
2
607
692
387
547
388
920
560
173
762
664
439
961
668
811
53
38
133
204
360
650
228
668
588
278
863
110
380
708
461
367
430
139
161
636
290
217
42
705
818
337
450
390
693
479
860
989
696
733
698
13
250
351
444
426
102
739
531
885
176
662
82
109
967
330
25
831
757
466
372
905
798
897
204
224
407
641
107
95
931
29
279
880
378
119
224
718
279
495
859
119
937
411
131
390
360
467
376
338
312
424
374
567
547
427
954
243
8
615
88
78
634
105
5
604
254
82
638
310
598
302
622
266
496
693
521
714
872
539
291
703
714
478
459
115
502
330
993
271
681
237
422
204
659
699
579
267
675
32
699
22
453
682
109
786
920
234
106
905
360
566
626
480
799
90
771
827
224
781
930
140
898
803
465
649
458
113
67
373
196
956
157
851
632
724
509
356
824
636
215
431
868
339
871
445
369
509
134
356
727
780
738
171
153
8
778
173
134
684
588
966
927
773
703
375
48
75
319
670
582
221
114
876
93
269
823
384
311
325
372
739
352
625
969
899
968
13
866
182
451
842
888
574
731
69
765
25
801
688
875
901
593
188
74
203
126
540
857
301
471
118
988
329
159
652
215
133
617
376
706
933
825
785
494
471
234
360
712
143
847
72
352
234
541
457
43
225
180
102
715
477
249
606
482
659
66
286
234
171
930
853
479
795
61
11
571
886
613
359
119
917
331
776
237
73
871
883
173
135
655
794
449
410
600
967
771
841
384
990
300
54
228
127
842
254
360
376
324
852
803
444
37
386
258
438
915
571
312
720
621
712
76
427
952
610
439
43
504
105
607
520
318
42
125
290
388
706
574
974
594
91
496
661
455
236
819
938
281
888
91
682
953
906
361
173
480
541
503
612
807
62
354
465
239
406
251
153
718
334
475
992
265
603
940
514
363
1
327
40
607
140
249
888
471
727
609
974
812
944
16
378
7
435
638
182
648
166
530
668
575
766
433
918
592
605
136
175
430
330
491
754
261
722
323
649
689
90
518
860
147
40
26
981
113
64
123
855
173
823
108
243
234
208
533
536
873
59
850
748
531
518
200
646
663
771
869
946
852
765
235
634
943
65
807
722
132
903
133
968
549
95
221
957
386
988
455
932
775
944
659
1
542
177
474
644
596
382
734
216
354
632
768
662
283
944
183
102
15
284
644
833
83
510
327
552
925
543
534
15
806
716
636
636
487
833
452
651
419
659
788
37
121
217
43
874
95
402
475
552
447
393
494
265
186
280
439
497
10
958
291
999
44
51
613
813
922
592
199
190
333
719
658
446
226
635
382
497
614
124
554
432
262
528
971
174
109
366
65
132
688
638
844
861
883
641
973
92
811
475
964
556
110
161
257
146
272
374
758
321
180
540
316
241
90
366
488
32
414
742
262
259
796
896
756
941
345
182
858
707
594
819
58
340
363
539
262
772
10
778
269
438
708
825
150
734
710
967
321
82
763
863
849
611
57
896
458
79
764
595
697
607
182
608
779
229
72
209
897
153
929
832
202
235
950
905
997
269
632
237
723
128
396
932
665
850
459
181
31
212
578
279
679
150
691
674
14
677
1000
485
881
787
250
637
437
666
763
184
555
198
579
937
14
804
655
369
574
305
667
881
480
574
268
647
13
93
445
495
310
967
274
160
220
570
348
143
570
714
314
819
812
9
211
467
966
777
458
137
991
975
347
33
932
431
953
595
201
183
974
398
396
149
866
306
946
391
122
684
57
460
876
709
513
120
459
611
473
277
561
886
294
843
315
261
171
615
55
28
761
569
280
563
866
370
318
476
847
276
154
172
481
17
290
238
426
675
662
205
353
99
293
277
948
239
914
568
373
520
841
73
709
802
838
810
963
808
12
176
997
180
964
965
873
797
243
272
873
425
367
793
282
542
91
251
641
10
637
71
368
105
414
602
613
157
532
76
592
205
436
454
762
255
810
942
126
508
524
219
667
375
858
441
387
792
964
435
881
614
506
269
906
98
983
233
62
576
515
886
308
603
857
841
998
320
420
687
791
690
964
647
645
671
626
922
392
273
758
732
669
229
429
243
598
317
799
333
672
403
880
934
533
605
702
349
849
653
468
843
333
180
766
190
667
118
103
797
205
241
161
265
28
440
577
722
977
618
484
753
813
442
929
972
132
380
183
210
484
404
831
692
349
850
970
705
412
254
724
802
860
983
436
432
272
23
63
547
698
417
499
822
143
164
905
662
100
600
613
461
359
450
858
635
88
132
928
0
254
13
333
524
45
142
948
320
469
689
473
676
870
166
350
885
81
234
314
782
823
559
145
561
422
334
104
922
190
557
93
690
920
1000
779
135
636
871
372
87
713
813
600
180
930
146
174
32
333
988
815
690
74
57
507
513
175
529
601
445
951
153
24
76
93
273
586
982
573
882
16
49
914
700
913
983
767
199
421
573
627
685
63
395
79
721
264
272
613
440
581
952
321
520
61
740
15
566
13
729
777
451
706
66
680
120
411
913
394
939
643
829
448
258
925
17
395
478
352
335
18
402
957
298
644
813
440
477
950
538
265
422
27
154
428
212
969
711
244
388
747
67
703
336
837
833
941
792
762
816
220
887
227
682
907
725
650
20
442
362
446
514
16
754
762
396
949
105
434
838
294
941
354
798
830
176
590
730
917
69
312
259
484
122
302
948
284
585
257
634
453
421
283
19
411
733
543
83
140
787
344
796
653
481
197
962
301
853
998
409
339
316
98
159
802
518
595
329
417
82
714
503
698
695
323
505
804
280
118
747
712
574
399
282
883
35
912
894
25
675
432
53
898
112
768
167
404
498
747
150
574
64
984
980
976
703
125
91
958
901
626
157
950
531
383
927
754
744
463
496
956
905
496
248
757
418
683
966
894
973
152
873
25
967
891
778
660
715
863
95
435
481
327
177
241
207
837
81
976
127
799
967
416
553
814
246
550
307
804
68
446
126
499
890
717
865
178
846
494
10
405
234
944
549
409
704
814
896
60
973
732
557
460
863
38
377
826
23
588
707
745
287
547
365
966
583
804
953
717
759
528
90
442
949
927
691
444
463
942
374
642
22
207
518
646
715
294
146
203
959
185
920
304
731
316
367
283
943
439
8
32
594
919
198
155
555
37
666
397
213
530
432
720
377
468
876
474
147
759
848
904
96
596
631
143
72
180
238
205
420
192
984
571
522
132
799
278
622
869
819
154
277
59
75
134
791
110
610
452
614
582
951
644
944
16
374
842
284
144
416
244
396
366
152
903
219
266
161
303
62
14
138
727
541
55
60
70
744
146
815
214
334
753
200
221
406
910
536
106
638
48
234
937
183
470
901
255
983
201
244
748
778
747
934
780
661
206
151
944
381
586
701
316
96
835
297
870
853
621
673
299
496
370
99
370
26
488
526
246
349
184
753
147
336
809
954
901
649
451
333
456
44
117
858
703
246
495
482
433
787
291
665
966
462
99
632
861
835
343
646
147
951
36
403
331
973
415
739
536
288
893
867
597
478
165
460
238
433
976
419
454
438
945
241
249
232
860
409
278
714
696
786
622
715
686
661
617
383
459
735
54
923
411
435
850
619
96
856
650
602
357
844
294
703
871
570
212
332
587
546
779
171
619
795
519
870
367
679
612
134
96
508
214
934
258
60
516
605
749
451
583
262
561
914
71
615
302
610
574
790
318
643
749
441
451
692
283
942
155
681
477
48
634
736
693
58
996
920
861
705
167
558
340
223
79
330
458
461
676
228
442
463
931
781
126
892
473
555
278
286
759
579
866
821
644
210
30
272
285
734
965
653
604
76
349
856
513
11
88
136
904
674
317
507
876
526
872
354
908
635
525
26
136
31
188
75
638
841
951
176
898
706
669
376
46
550
957
830
32
358
416
527
836
250
883
906
179
718
969
58
715
503
433
380
675
711
675
429
809
385
303
345
379
521
365
940
896
371
637
380
387
47
181
654
62
700
420
677
972
151
425
435
58
374
69
332
11
506
782
838
611
511
596
238
178
346
411
870
819
580
47
774
426
709
87
735
112
85
130
138
221
633
742
840
783
316
155
697
947
583
520
516
916
735
723
824
786
628
981
92
157
533
709
106
842
250
185
920
990
113
133
169
208
451
500
829
998
37
272
852
797
325
922
548
857
161
235
365
531
26
269
260
464
234
59
509
898
798
227
22
637
342
677
214
843
906
512
828
487
99
452
945
774
598
779
9
716
801
341
221
115
688
232
163
759
331
931
673
698
485
307
584
1000
179
397
749
82
782
141
518
246
913
324
950
402
546
906
847
43
251
903
783
282
33
114
50
802
527
277
858
921
405
224
753
169
206
853
80
725
78
715
453
739
531
967
405
516
263
668
202
64
18
642
740
880
437
649
308
762
433
771
616
613
453
855
400
36
60
991
549
403
339
171
648
900
126
317
885
315
594
662
681
476
932
202
82
860
552
392
49
548
42
148
804
867
948
835
598
106
288
150
55
123
795
415
518
874
717
236
523
843
923
299
285
182
461
149
891
219
245
389
51
538
403
861
838
142
751
560
549
681
285
326
68
933
952
637
202
480
438
709
19
447
321
487
690
559
192
169
753
324
399
710
494
317
1
221
170
475
206
713
657
209
564
902
353
721
66
49
981
805
69
639
108
850
612
418
288
924
563
345
348
380
848
713
548
148
910
197
344
474
876
998
253
879
751
181
707
744
345
626
325
611
239
587
85
78
890
45
351
331
654
675
389
635
230
778
989
295
49
413
940
589
597
613
867
609
852
863
23
38
538
154
642
604
694
976
75
1
205
873
136
776
130
284
417
237
613
45
586
964
987
146
304
635
425
842
428
471
987
499
964
805
347
919
0
755
290
146
708
591
621
899
39
726
305
220
478
852
599
940
241
831
138
538
671
475
164
190
327
802
393
99
17
758
487
959
933
447
268
625
235
128
945
144
388
592
337
920
241
37
277
913
321
781
301
441
251
76
100
194
91
877
155
794
973
717
418
869
371
65
982
5
148
1000
470
447
704
518
32
944
614
668
954
169
856
640
121
778
83
978
796
937
975
447
4
369
180
870
821
0
181
407
634
860
32
429
234
610
705
859
517
305
126
186
946
473
542
236
154
448
296
825
766
996
630
202
521
740
762
714
387
728
422
271
72
357
505
216
760
251
247
642
826
612
285
880
582
811
539
72
10
683
792
100
802
503
643
42
664
3
932
586
288
714
84
396
998
322
748
735
315
485
646
901
843
393
482
400
883
253
405
861
947
164
504
333
651
348
60
865
245
118
937
132
448
378
297
731
956
27
771
727
917
976
883
871
305
96
84
710
405
837
896
314
127
434
723
684
333
913
800
983
718
228
853
898
534
165
177
221
670
814
89
510
61
883
872
734
856
768
347
348
928
413
433
821
509
956
511
626
89
662
769
708
122
605
526
207
961
806
244
230
654
737
575
709
261
918
721
140
725
637
501
691
238
327
634
243
221
582
227
469
435
553
278
30
879
171
629
488
362
54
685
588
594
448
604
319
245
284
941
949
522
853
132
748
81
213
46
384
244
556
325
628
577
303
38
412
521
979
399
274
119
159
880
600
294
312
647
176
751
5
502
488
706
898
128
44
739
256
622
782
407
306
25
91
995
181
751
50
227
263
105
141
625
920
141
776
876
27
471
894
739
66
779
30
382
967
143
740
714
342
770
184
185
859
378
423
182
213
253
821
499
651
584
302
18
159
715
97
371
476
879
247
443
271
338
319
503
382
190
567
989
967
567
809
904
158
202
25
587
449
316
334
743
895
967
11
127
724
244
753
192
930
501
61
50
445
681
569
138
326
787
835
559
61
21
285
1
69
411
141
402
963
168
880
954
667
951
893
587
954
365
610
806
316
1
467
762
909
706
201
472
697
544
953
641
169
809
510
562
584
214
114
98
850
442
747
770
765
795
882
249
4
320
535
119
691
608
759
53
268
306
316
332
987
105
908
724
796
62
56
256
82
857
866
834
493
698
904
414
437
528
15
449
793
78
867
93
27
376
481
561
685
245
276
867
875
679
261
515
471
585
234
131
868
147
626
309
300
431
316
756
998
8
171
268
726
538
92
865
690
868
79
991
547
481
860
399
901
772
205
206
541
578
295
617
367
722
256
443
170
596
101
779
741
920
536
536
30
265
492
890
699
1000
41
265
795
904
846
573
788
188
451
265
582
970
698
462
192
721
667
901
292
16
907
314
557
454
400
828
426
225
967
4
729
460
224
529
128
599
688
411
122
562
604
377
721
825
638
854
818
644
868
94
406
246
789
576
255
156
894
939
919
377
476
424
52
499
796
198
534
320
315
316
939
296
583
974
109
935
986
37
371
22
712
654
745
503
545
891
301
80
986
940
539
79
600
746
921
931
289
645
758
484
390
806
869
150
879
971
126
490
615
164
637
423
624
488
301
934
176
968
22
105
220
119
604
90
445
619
179
603
21
784
567
708
517
246
463
124
85
296
500
349
77
709
321
506
133
985
884
355
627
97
931
940
714
513
661
633
535
399
66
458
206
480
18
534
981
121
930
312
640
93
653
832
129
318
988
699
78
752
60
42
311
218
191
797
954
906
808
123
390
232
5
205
368
611
927
441
328
823
130
368
285
784
359
657
528
225
857
523
669
408
892
409
383
382
834
246
1
826
697
113
212
908
545
118
338
538
657
571
786
327
788
986
134
744
90
5
976
512
70
4
156
322
992
592
671
491
806
363
226
22
679
354
937
126
152
771
585
369
70
263
50
462
811
415
875
623
399
461
849
907
160
263
427
606
996
866
475
90
710
51
104
256
715
55
440
377
158
827
618
695
785
257
291
698
232
947
768
291
333
65
525
516
783
716
413
593
564
966
568
578
540
41
478
769
466
297
339
590
813
191
319
116
501
18
354
622
7
960
916
366
227
999
592
768
780
79
147
360
114
294
399
201
682
834
970
817
148
153
660
750
19
393
142
456
147
149
351
936
215
870
256
473
909
901
576
263
857
632
505
999
351
448
684
114
175
493
573
135
525
832
695
750
74
198
851
809
677
449
542
455
121
388
835
196
287
79
476
660
635
690
935
83
739
162
816
794
450
646
118
681
329
473
679
336
665
997
844
961
329
911
453
111
322
794
269
392
238
301
27
788
393
392
990
404
292
159
127
627
858
954
482
685
106
941
524
366
397
417
828
503
366
666
20
950
127
662
224
403
188
471
113
64
802
917
795
560
787
38
956
583
138
170
438
861
427
975
408
344
2
183
84
715
73
834
184
132
238
129
524
50
851
423
147
21
655
266
318
305
489
383
579
278
160
821
806
142
356
770
186
94
870
580
1000
890
761
409
827
463
954
371
512
906
905
718
957
570
934
744
834
938
750
389
480
178
445
255
243
737
510
192
922
350
40
663
62
329
495
110
298
333
20
918
161
550
374
52
837
0
744
422
252
769
146
504
352
599
966
861
513
336
998
301
675
429
950
314
278
556
895
791
896
512
311
272
23
786
779
321
823
188
846
730
526
531
282
48
622
765
761
585
687
850
11
823
658
296
686
981
80
839
73
768
649
887
620
565
957
894
130
347
892
655
657
866
244
27
308
539
658
750
318
941
941
463
177
680
348
27
728
613
680
929
697
287
265
455
866
957
924
434
257
621
960
506
984
857
509
487
138
689
303
216
783
739
290
845
734
195
162
287
210
50
394
588
923
999
191
598
622
644
255
449
747
94
948
757
24
765
321
679
708
141
75
732
158
826
323
880
146
889
728
383
660
105
851
329
462
9
77
810
854
385
801
934
211
590
185
7
633
213
992
590
974
675
759
982
371
403
469
467
641
476
140
737
257
684
42
614
521
95
46
170
447
32
569
689
16
185
272
503
316
126
935
218
653
61
550
970
736
914
261
517
259
73
173
888
573
256
541
448
857
964
163
934
678
943
350
203
86
567
482
808
974
254
610
518
279
943
382
141
489
894
275
893
271
994
869
751
99
325
753
789
984
985
700
408
947
36
38
244
834
409
295
662
160
117
110
716
614
952
395
995
993
441
459
734
765
481
943
565
454
958
663
608
176
730
664
815
576
326
368
796
490
524
667
125
822
64
103
524
972
326
936
939
262
424
597
132
323
444
54
6
644
785
356
356
525
696
5
485
277
330
910
589
252
184
20
167
292
744
301
665
161
564
557
703
707
805
784
724
813
727
129
807
862
205
231
500
350
315
882
603
684
658
811
632
133
65
723
341
93
365
50
552
544
293
549
190
388
577
217
831
864
363
240
79
898
712
52
455
524
684
922
469
289
954
57
355
904
36
612
318
341
173
534
401
237
814
879
890
290
770
938
317
124
323
991
844
255
96
630
180
676
565
223
761
771
160
741
263
357
900
733
410
338
978
983
120
649
147
986
138
256
505
821
265
62
976
131
442
33
447
672
855
724
713
830
535
668
50
994
280
578
121
338
517
777
413
996
155
944
719
42
921
787
204
789
238
846
886
150
861
989
155
402
872
816
487
255
701
707
693
851
875
138
365
414
447
3
887
479
908
308
620
904
599
300
321
662
815
988
816
6
671
59
906
678
902
445
974
954
16
470
927
594
466
434
225
362
328
493
630
977
524
954
136
626
857
608
139
305
51
229
928
602
87
519
215
666
364
333
926
118
885
996
214
937
754
820
699
584
200
638
913
809
431
644
15
536
551
646
709
424
20
336
581
572
443
617
898
902
631
962
25
147
822
913
255
369
916
734
241
954
420
222
94
665
4
371
878
841
594
534
177
825
480
628
63
233
917
673
801
967
349
628
623
115
462
37
847
222
350
374
240
490
256
158
777
547
370
679
802
277
73
520
986
626
262
914
598
370
334
981
602
543
652
858
264
631
286
313
814
930
732
166
486
11
562
68
446
87
400
871
799
999
662
240
613
314
354
292
71
507
371
170
10
420
415
995
690
182
157
71
815
502
953
617
963
215
99
644
565
965
243
801
811
891
411
253
99
687
817
151
35
842
817
55
565
432
0
877
513
260
582
96
274
787
652
993
586
804
951
26
218
961
471
554
447
47
223
506
314
377
133
370
35
312
843
839
103
308
251
629
602
827
121
499
712
471
480
51
940
948
844
748
997
167
464
30
246
505
380
338
632
391
329
118
486
60
202
115
231
297
22
133
433
521
249
845
679
817
307
371
330
761
621
729
316
45
817
626
680
300
277
8
783
247
647
584
735
907
826
400
177
278
652
562
471
984
815
558
26
190
14
756
673
298
975
282
895
630
344
758
678
147
692
636
267
627
75
247
853
671
698
66
411
440
488
843
584
532
255
248
434
530
436
829
873
884
977
643
746
531
137
395
43
232
250
525
414
259
354
80
48
383
712
413
493
343
835
458
304
956
652
650
616
616
948
441
502
986
343
431
978
725
769
2
570
949
959
107
322
975
701
608
728
12
879
654
283
590
536
383
626
250
405
889
583
802
141
525
268
74
846
664
938
971
296
330
924
158
937
469
712
649
347
846
224
265
791
867
677
152
860
880
945
149
92
11
440
546
94
714
871
93
166
744
332
926
786
889
494
404
893
351
276
792
480
632
542
261
688
47
394
577
144
233
853
796
873
455
798
143
160
986
408
130
366
260
635
289
524
739
338
759
705
884
806
752
560
764
879
648
924
585
194
720
681
490
136
602
22
781
357
938
642
284
647
71
91
665
413
869
544
702
916
175
575
592
916
658
795
122
97
223
702
521
924
335
980
243
455
389
462
1
119
166
124
369
78
950
103
63
4
41
154
91
674
877
348
181
728
272
612
84
258
786
134
25
938
693
92
586
724
984
962
990
120
852
142
495
803
535
807
216
573
28
355
302
669
759
719
956
189
196
921
780
352
341
392
451
682
961
285
893
728
149
876
745
958
381
507
468
172
537
458
806
582
887
419
223
683
458
28
140
79
341
171
161
773
570
551
278
902
351
47
832
714
597
0
980
793
718
514
322
678
669
693
108
264
512
104
239
692
285
936
141
945
723
767
670
107
893
805
642
112
918
671
825
330
34
920
4
352
663
941
174
742
321
997
853
741
643
916
812
545
818
10
702
893
664
860
775
140
462
196
66
185
814
871
789
952
849
393
785
128
860
311
106
245
89
234
892
842
324
840
637
817
780
673
8
600
123
346
964
58
848
147
469
762
36
170
724
88
162
30
204
712
523
898
16
943
305
121
203
17
971
875
694
749
164
722
115
300
841
608
278
242
352
462
950
47
624
251
122
180
40
25
539
986
973
453
560
579
245
16
216
492
571
975
251
248
374
541
521
0
186
302
991
4
750
261
471
545
251
130
499
131
19
749
192
607
102
745
417
299
655
130
221
314
689
631
337
681
814
161
587
801
105
774
924
589
495
843
650
851
164
512
128
509
578
888
483
58
382
757
25
180
487
52
428
568
728
556
1
82
566
990
66
834
591
647
923
907
776
88
24
802
923
851
836
548
195
777
126
917
117
485
639
230
637
958
907
902
457
679
51
888
712
756
367
794
531
289
593
63
988
259
258
591
451
79
471
680
764
600
753
999
250
143
741
124
265
664
178
525
429
469
112
257
12
98
80
413
594
289
826
565
733
204
669
181
986
676
377
0
176
921
120
948
237
221
839
997
681
372
359
684
564
352
305
490
700
770
396
514
349
511
272
646
85
943
967
630
130
540
713
539
269
416
379
237
905
163
521
649
929
865
16
714
887
762
504
343
213
110
687
955
879
507
135
675
61
817
44
761
535
377
602
782
82
881
333
372
179
690
74
282
525
306
578
194
464
882
406
506
461
366
453
625
163
370
110
482
413
548
394
227
482
584
252
91
867
959
706
159
302
3
340
828
193
240
390
325
736
112
933
70
562
106
850
509
965
678
917
300
836
973
425
717
34
830
360
554
870
935
348
968
349
525
710
612
599
59
191
73
448
866
824
587
838
73
686
625
942
489
827
556
964
570
469
746
624
269
916
184
491
214
29
727
239
952
806
898
880
274
112
709
451
38
785
8
556
64
427
290
270
345
606
874
700
408
717
598
786
539
396
138
657
49
117
405
993
197
802
140
907
35
670
326
437
271
867
485
246
524
666
384
21
535
571
276
360
931
546
916
100
287
838
560
180
71
692
796
675
190
629
198
232
347
836
586
405
955
83
95
855
802
649
351
579
624
269
457
994
434
194
847
518
379
294
198
667
764
961
728
721
75
508
391
877
798
644
386
724
961
268
851
531
777
277
932
901
129
329
97
595
859
819
365
560
960
845
61
606
253
992
857
403
274
416
438
70
414
374
778
71
909
216
694
692
295
109
904
45
318
342
13
893
994
233
10
60
122
327
291
753
517
301
608
307
160
354
785
512
13
109
523
495
901
71
968
902
730
829
136
651
203
983
692
292
10
641
353
752
241
602
698
805
912
534
235
384
122
348
485
375
589
911
3
86
785
205
476
461
891
36
266
454
545
890
76
939
928
637
266
880
641
816
79
666
378
723
822
632
557
237
845
243
719
169
110
41
688
11
955
407
646
465
762
506
851
519
780
445
145
205
713
323
926
140
578
447
769
87
688
414
552
562
46
702
357
993
351
660
159
172
541
189
302
26
388
958
845
83
343
839
178
517
692
274
443
770
855
731
785
177
779
937
0
946
728
808
579
821
949
551
290
129
832
258
955
497
207
67
265
821
240
677
656
868
970
290
233
654
179
571
978
523
807
714
484
504
462
560
570
804
274
428
653
140
91
6
609
571
584
872
597
254
140
400
321
943
936
238
138
35
545
699
278
985
48
100
860
375
486
900
896
694
941
315
570
161
248
34
653
70
708
40
807
403
851
715
299
820
485
563
220
175
612
848
997
610
815
817
469
515
970
504
974
158
124
867
843
497
695
411
55
0
805
819
344
573
637
534
564
24
74
74
761
95
708
425
560
568
510
631
871
581
10
257
335
257
829
521
758
679
223
680
168
229
927
290
670
356
698
713
469
416
990
158
579
633
619
313
978
217
571
680
429
307
643
250
156
707
356
81
348
263
555
61
457
808
631
849
730
369
161
313
218
36
550
510
186
325
269
130
435
776
734
408
668
192
90
311
198
142
309
194
924
623
876
511
767
385
833
521
949
458
823
134
660
585
375
194
367
58
44
906
908
115
299
629
916
753
719
413
866
795
322
77
746
93
771
190
793
324
747
379
501
815
408
915
756
149
646
112
656
944
259
404
76
30
128
939
722
265
616
62
150
81
859
788
826
565
755
471
609
583
355
599
573
329
576
868
791
946
108
478
538
381
896
130
675
440
857
829
379
295
537
443
689
809
211
960
921
478
542
458
142
306
469
196
832
976
178
410
222
373
805
343
43
60
868
263
819
918
471
837
401
430
905
943
228
705
910
328
535
239
245
669
961
233
464
494
900
956
470
169
358
957
815
129
416
162
283
454
2
428
468
868
842
279
70
424
637
92
110
469
921
806
440
360
484
820
12
187
470
286
167
976
355
613
574
300
385
158
388
295
571
122
434
875
442
477
583
955
364
481
734
267
547
689
101
257
246
380
822
542
392
218
121
134
488
177
756
162
426
803
418
118
513
482
992
176
488
679
657
72
33
299
3
712
159
362
666
293
163
622
428
402
323
815
174
155
937
878
395
652
291
348
747
724
667
967
324
668
479
830
439
261
856
306
969
366
193
383
972
343
998
171
930
712
876
635
40
20
469
330
294
489
156
863
677
326
724
104
651
80
135
101
271
473
891
978
714
427
154
272
53
18
629
44
930
258
405
995
160
388
968
73
817
760
267
378
238
403
280
136
283
723
718
485
895
132
107
913
149
342
972
896
876
609
846
914
655
871
548
293
109
185
429
506
158
124
295
7
66
112
255
431
303
6
704
994
250
606
795
574
959
723
586
821
70
667
492
314
835
12
890
893
926
749
229
475
281
85
187
93
523
818
214
482
619
919
56
868
472
732
418
401
916
222
950
430
198
896
321
491
27
721
501
974
311
152
125
426
978
717
638
267
901
885
835
702
173
17
482
697
833
555
495
903
827
601
499
867
284
999
200
556
91
610
257
944
165
413
194
723
336
933
824
712
424
88
909
159
474
498
702
768
327
327
455
771
65
193
623
559
223
622
849
742
180
130
460
29
789
281
687
651
746
15
403
102
453
944
610
316
855
335
919
186
356
36
842
617
37
171
781
696
635
145
99
203
16
308
684
215
944
187
439
355
158
28
48
875
338
171
432
755
419
606
553
79
249
84
518
650
710
546
591
752
69
895
695
281
615
804
724
242
792
297
402
903
826
668
649
279
833
698
307
513
