139
138
363
200
229
638
438
655
570
625
524
113
450
746
555
963
39
136
399
537
360
757
122
742
142
642
981
318
355
941
6
19
400
406
807
261
36
546
574
771
204
338
443
738
493
885
816
479
428
622
174
553
37
524
66
79
761
192
142
209
405
552
631
710
31
815
75
369
403
230
276
630
463
270
813
682
567
639
396
303
180
833
956
374
520
897
749
413
439
156
103
466
484
613
859
537
527
5
429
663
684
285
144
821
440
734
619
903
512
793
245
626
969
460
904
489
256
238
857
924
348
59
593
351
161
981
34
122
739
724
139
512
692
781
896
851
589
142
863
647
38
808
633
497
29
774
135
940
895
322
927
917
429
675
84
828
349
249
882
477
289
495
960
572
375
520
888
884
130
220
759
388
318
87
472
889
370
614
308
998
483
658
347
885
449
678
65
943
215
161
241
266
96
478
392
788
882
985
331
946
850
797
273
684
984
36
529
427
88
929
31
486
263
494
150
445
740
315
508
702
62
254
801
77
646
141
686
596
552
127
551
776
95
272
379
584
275
266
210
864
317
501
665
250
147
489
483
869
138
143
333
199
126
949
424
92
249
587
837
723
130
843
987
179
781
890
273
896
422
65
511
136
754
428
576
896
240
303
77
86
838
355
536
753
100
931
766
209
722
433
323
181
820
293
987
413
586
995
896
981
56
459
804
42
392
643
883
48
315
539
574
150
65
921
534
234
819
565
653
922
237
929
841
477
225
522
690
387
21
508
198
221
3
680
844
300
526
448
390
154
74
741
466
300
614
179
21
275
574
685
501
642
739
901
628
935
148
104
676
875
894
658
354
496
759
429
232
20
277
456
710
356
417
719
93
635
306
575
911
529
324
864
366
439
734
11
141
841
57
290
579
833
841
44
279
233
11
353
690
966
803
118
405
882
909
431
443
175
63
331
124
936
224
83
893
510
26
502
51
566
880
804
472
78
268
839
904
887
586
570
312
25
556
726
53
712
782
102
350
331
305
305
336
195
831
330
368
967
515
713
841
708
681
310
219
615
143
54
377
402
300
402
312
11
821
408
715
856
728
632
32
169
284
929
433
294
161
267
195
317
338
298
411
418
249
212
122
573
265
541
859
277
372
379
19
654
177
870
192
78
841
128
554
145
78
207
582
979
633
557
362
455
255
278
942
606
249
587
276
734
464
726
460
33
419
770
875
13
241
655
778
432
411
437
626
372
801
251
636
280
863
539
500
935
531
983
95
467
333
781
213
540
135
873
837
952
52
517
702
868
191
144
506
729
659
342
279
352
599
746
257
727
393
292
622
225
258
848
547
957
288
549
787
555
442
85
125
599
753
35
171
117
35
826
159
596
206
103
719
242
447
948
57
662
703
570
590
395
565
617
453
53
101
122
494
529
170
572
416
301
463
214
71
792
78
231
534
892
667
183
735
592
885
221
133
922
934
127
116
964
670
403
923
23
954
199
682
74
612
585
339
670
55
146
833
367
130
524
849
496
259
255
231
604
747
31
122
631
160
662
822
306
298
894
609
155
425
689
815
988
619
10
480
79
69
132
474
654
625
180
658
105
193
461
229
138
642
627
350
675
652
813
650
989
531
350
909
229
31
969
733
660
612
515
701
187
976
680
655
911
763
983
675
382
552
886
393
444
798
886
419
221
344
956
185
435
219
138
910
848
746
830
394
198
304
663
343
676
441
768
623
786
44
615
153
804
405
350
973
898
684
264
148
467
369
673
130
255
513
935
505
837
945
594
135
43
978
63
704
252
533
583
269
54
64
539
567
608
965
618
597
324
861
55
371
627
261
754
566
183
656
516
11
106
669
996
613
345
945
902
623
377
45
516
600
413
919
586
665
318
897
659
539
144
924
863
402
676
484
460
158
80
924
767
816
267
951
505
924
856
347
993
684
805
377
167
736
212
801
160
885
689
9
444
130
966
32
657
568
613
228
728
953
523
627
881
730
275
429
800
956
242
362
464
162
41
185
873
382
664
933
509
205
819
834
92
873
519
909
987
884
253
819
762
640
418
906
623
842
49
470
234
503
830
257
18
607
417
262
911
685
162
104
450
88
508
303
724
120
193
573
236
434
375
780
179
232
857
196
131
722
63
103
164
742
69
541
459
316
956
595
499
315
233
667
171
948
373
280
930
812
30
345
367
465
576
35
331
383
57
500
379
688
77
27
417
700
67
345
167
334
294
837
861
648
317
742
642
740
788
91
980
61
730
109
912
292
209
498
514
127
422
853
123
805
78
663
969
988
113
304
626
661
506
841
893
113
983
806
461
639
415
198
877
301
850
782
303
655
389
691
758
352
480
381
16
354
876
41
322
654
95
146
627
834
9
120
228
521
720
844
806
566
675
256
569
610
400
107
225
834
515
860
770
791
885
718
20
897
31
448
663
541
820
370
334
346
451
125
181
592
405
667
691
924
11
120
476
916
251
396
259
326
276
448
261
824
476
589
940
209
134
302
378
929
750
299
689
968
31
499
328
364
46
649
442
394
155
310
222
526
928
460
562
380
855
505
883
946
484
753
149
817
529
694
331
887
739
826
796
420
443
284
394
257
831
463
751
344
597
9
168
864
611
736
597
987
984
600
227
501
263
532
130
725
850
436
588
927
29
605
540
437
933
989
105
808
76
81
622
685
113
867
90
200
136
161
936
622
156
911
625
479
354
548
202
219
16
742
690
877
786
125
911
767
238
518
395
929
488
511
425
279
239
929
763
454
732
242
985
774
888
337
612
453
896
251
730
535
445
759
382
948
563
436
471
106
653
241
403
383
957
114
844
266
534
175
637
392
749
310
729
146
452
922
667
378
736
860
976
922
101
563
88
994
41
357
889
698
226
661
476
316
235
760
132
5
107
45
433
161
726
729
519
930
940
690
269
588
590
421
248
110
447
163
498
925
85
63
406
205
30
8
903
987
997
408
179
600
564
380
752
494
591
164
487
115
671
545
311
266
294
279
693
844
495
498
978
89
422
503
102
98
427
916
237
768
302
526
921
167
798
953
990
30
397
108
662
858
517
848
687
241
136
80
296
84
15
172
365
892
697
921
899
67
269
944
448
412
607
200
864
778
192
464
691
264
119
88
856
851
109
626
229
661
266
32
149
804
804
252
706
646
477
122
290
546
965
115
972
260
283
760
415
777
951
552
872
800
121
458
982
535
101
840
982
320
488
640
650
193
676
471
516
516
661
747
874
188
942
326
719
558
567
889
497
996
34
308
550
94
424
76
322
572
433
908
458
655
525
975
38
456
473
962
990
45
124
199
824
660
389
197
543
139
142
777
930
744
428
702
889
248
437
425
205
366
540
121
112
424
228
140
656
542
322
319
322
98
341
712
886
637
253
14
30
953
554
972
48
346
608
159
584
744
963
756
62
72
938
234
403
766
102
332
686
618
375
803
914
977
707
819
913
752
296
260
979
590
2
791
352
79
870
304
480
380
986
352
901
592
843
458
198
196
44
253
354
866
10
871
844
304
738
86
859
910
39
555
859
493
345
849
120
26
530
162
154
604
89
858
563
308
552
878
367
614
605
962
255
210
956
646
929
84
612
437
458
972
235
242
143
485
829
855
734
694
872
954
925
976
41
417
264
86
593
39
459
237
256
21
90
798
636
180
453
435
687
772
81
339
978
68
515
974
354
19
680
128
787
300
782
170
734
7
264
335
574
419
757
927
66
824
603
785
558
461
648
324
919
876
671
367
595
240
330
275
215
916
491
597
869
551
192
508
245
903
394
887
802
159
751
188
552
588
641
810
724
139
948
893
449
40
744
421
169
102
948
27
625
618
65
112
262
719
827
363
514
938
387
846
667
599
138
852
357
304
892
526
421
325
523
75
810
384
657
352
867
193
403
40
655
557
880
435
399
955
562
286
135
250
753
335
51
744
824
651
515
523
617
536
433
534
225
978
657
795
135
490
818
514
469
713
567
407
510
808
205
134
14
677
358
275
108
427
127
529
918
380
716
97
182
722
359
474
639
557
568
518
686
444
705
200
124
24
744
463
582
484
426
66
740
785
88
273
643
205
823
87
2
533
568
972
794
447
291
787
556
886
513
305
445
776
232
585
290
397
226
522
351
938
501
960
236
504
622
278
178
503
885
215
868
132
808
328
699
822
610
513
976
885
377
999
598
322
128
196
890
307
709
213
384
388
487
481
268
578
909
149
55
370
758
115
775
903
560
974
517
176
720
155
103
121
177
475
962
877
882
966
991
139
13
727
822
803
135
439
483
603
762
782
245
398
971
239
189
362
872
218
972
850
518
883
617
278
316
176
134
505
529
17
194
602
881
759
173
160
281
99
323
345
707
426
294
602
809
386
522
199
915
467
828
195
983
60
135
885
854
576
610
759
338
409
515
573
708
626
258
392
990
925
379
630
868
309
588
802
580
342
655
426
44
627
959
254
57
454
14
587
35
241
666
671
660
129
435
254
16
415
264
709
877
780
243
925
286
545
86
774
352
561
939
227
215
964
72
874
237
291
553
943
438
775
946
285
807
832
177
491
721
777
159
270
316
194
918
815
397
223
589
37
479
899
935
844
829
513
721
588
41
934
518
827
351
811
667
602
911
101
638
978
183
131
545
45
706
425
673
261
23
54
999
126
604
935
142
159
149
402
26
211
11
737
888
494
663
813
890
423
861
721
188
791
362
520
332
160
733
127
722
814
175
520
529
794
126
386
66
706
361
999
216
772
711
927
843
316
179
809
510
713
303
136
404
118
137
490
801
815
839
627
952
930
458
397
495
802
942
431
621
596
773
557
565
312
727
187
39
308
629
859
1000
505
704
727
863
1
42
885
276
893
490
443
519
652
926
295
789
395
290
915
722
796
143
308
978
357
407
138
72
69
599
852
669
787
490
802
288
124
474
909
450
293
442
554
254
403
230
120
406
568
847
611
227
179
565
103
935
913
647
62
276
582
599
446
933
292
909
868
144
21
276
4
327
662
206
549
198
455
472
811
650
531
899
227
202
205
313
300
226
264
105
175
925
674
528
394
780
237
964
832
628
606
156
235
277
126
585
269
125
726
614
401
931
772
431
400
183
244
318
818
11
647
194
887
763
821
675
215
774
852
681
795
879
644
741
643
719
562
398
695
17
983
537
694
495
259
248
433
914
454
373
934
759
310
884
8
746
612
515
524
317
847
375
793
980
277
45
153
436
590
965
470
269
372
250
317
164
448
911
826
608
964
719
636
306
986
632
815
32
487
118
701
917
416
120
525
747
766
478
935
788
317
418
230
806
627
947
673
602
801
3
9
158
162
724
65
534
415
717
979
990
0
742
694
388
765
748
888
942
217
368
981
975
329
651
483
229
652
679
517
307
471
398
80
458
142
617
601
429
562
382
635
720
350
30
277
918
848
640
179
325
652
902
114
769
225
46
933
349
411
422
377
355
683
727
67
343
319
340
185
347
132
684
55
3
321
758
258
998
304
204
687
808
406
720
194
783
354
546
477
446
774
275
77
925
347
640
192
118
484
698
856
421
848
706
503
357
77
145
744
964
848
341
305
562
730
55
845
733
279
373
418
743
462
524
536
33
125
80
347
770
546
886
151
156
381
288
846
240
162
10
669
987
614
766
656
442
189
328
582
910
311
247
516
463
311
578
175
9
687
483
353
545
793
18
441
629
212
29
943
846
970
91
3
345
280
427
24
34
262
84
627
178
39
913
198
509
539
504
777
19
451
363
225
108
97
602
923
758
979
344
55
46
271
784
13
360
741
86
629
872
13
790
92
508
741
661
559
987
209
493
624
864
525
938
119
592
242
530
296
563
391
877
375
717
957
869
798
986
374
472
354
689
149
299
593
443
969
548
889
741
33
658
95
859
822
239
650
132
594
622
356
109
846
825
25
140
764
524
12
223
570
657
544
962
491
595
572
364
22
382
142
559
307
766
601
952
471
323
890
11
901
818
196
98
753
143
323
606
811
577
824
441
465
680
945
104
447
846
508
759
158
265
737
432
971
974
853
402
88
3
523
778
289
450
943
538
533
74
991
605
860
516
487
317
414
130
499
740
69
77
706
895
169
582
226
356
549
566
654
103
297
648
221
392
207
302
550
11
298
885
207
575
728
215
559
634
784
623
815
226
524
768
240
199
69
948
889
737
476
275
310
461
677
852
59
81
540
488
272
206
963
67
292
157
409
206
157
748
422
528
431
600
94
727
545
620
354
60
875
452
508
167
960
518
611
762
41
220
967
305
663
649
132
465
287
995
479
148
700
119
927
506
348
368
175
477
821
999
530
847
325
115
309
756
566
152
174
550
368
449
601
709
837
440
687
146
902
144
160
881
373
519
376
239
439
775
544
139
568
222
324
519
519
285
394
211
596
556
185
409
642
350
616
42
209
786
990
205
247
398
996
374
723
821
126
167
565
5
562
18
116
20
737
580
929
459
127
35
613
757
743
292
927
448
92
778
227
198
153
22
159
19
700
249
591
474
957
19
460
924
500
544
828
959
989
23
960
136
517
708
476
152
895
439
951
3
226
570
699
32
506
0
611
950
576
258
325
29
716
546
850
924
214
803
893
707
46
133
211
759
424
306
345
921
968
111
374
220
533
935
935
11
387
302
35
866
777
333
632
615
944
257
594
810
675
535
536
510
360
745
156
975
85
827
677
873
508
595
525
35
705
574
807
165
886
376
534
918
626
534
249
933
190
214
486
862
763
874
282
923
390
921
787
640
591
658
227
659
542
935
925
332
15
314
284
102
837
431
872
665
240
577
215
51
489
974
777
297
679
341
747
397
81
12
173
79
673
577
846
710
372
462
26
932
121
638
839
796
28
226
540
936
442
568
397
821
620
643
858
604
3
379
51
902
125
396
905
828
652
283
151
354
786
796
952
925
56
685
32
532
790
16
904
499
842
532
694
255
374
823
579
678
962
821
674
773
696
999
442
891
489
865
325
966
787
314
750
811
178
717
201
434
404
607
50
67
694
622
569
883
764
137
985
626
97
627
332
716
449
975
709
213
999
802
849
286
125
889
933
565
14
918
771
729
432
33
206
86
900
379
521
864
544
294
995
818
603
939
367
953
318
769
27
216
844
965
764
369
96
471
885
631
681
598
938
956
384
148
588
948
945
532
139
407
956
434
251
506
45
27
625
600
453
377
182
788
862
142
681
103
149
243
714
660
407
517
725
755
49
561
17
245
428
668
784
352
249
780
65
477
846
554
42
823
488
23
360
497
210
517
238
485
72
941
460
510
803
765
455
607
702
906
308
844
597
561
642
584
897
575
677
927
537
98
327
890
333
485
206
911
426
659
908
84
547
791
565
245
327
617
14
832
93
838
676
222
279
846
937
827
907
827
257
788
771
631
15
170
116
563
769
541
898
796
927
780
590
573
667
405
348
6
59
794
993
773
265
657
951
811
717
438
980
295
910
465
574
778
941
83
183
551
292
104
657
544
627
82
377
562
68
995
556
723
337
492
116
678
153
836
671
932
332
291
827
30
404
776
91
292
235
413
685
824
686
525
851
442
639
81
154
848
535
965
19
275
896
232
461
277
349
182
409
543
164
158
642
637
705
68
317
847
332
253
462
457
55
198
476
153
363
908
593
751
231
207
187
235
79
427
772
319
790
65
720
637
159
854
896
943
709
572
154
238
755
69
367
607
173
256
909
996
292
591
640
879
254
881
623
891
268
327
743
576
83
57
536
859
356
298
10
334
712
313
562
451
797
634
1000
189
744
979
642
944
951
941
254
125
897
291
739
391
199
229
879
106
558
469
908
511
34
252
158
686
739
202
407
593
50
824
176
878
665
911
280
361
695
402
83
409
118
273
595
806
851
325
839
462
153
815
999
21
830
783
522
695
214
147
939
164
202
826
991
632
503
540
281
740
913
198
50
142
73
547
833
593
291
326
356
749
797
554
352
472
147
329
31
282
227
266
725
319
441
195
20
171
753
827
9
18
292
451
828
289
53
363
741
339
154
838
851
564
818
352
97
866
487
902
570
924
331
148
979
870
50
533
794
769
315
405
418
264
347
328
305
571
341
383
192
814
108
779
757
589
743
877
6
68
851
353
296
118
479
58
292
13
345
338
647
454
340
649
836
668
629
98
646
999
354
269
233
178
117
905
252
203
498
204
969
391
599
108
855
859
82
262
107
874
473
623
604
750
325
403
444
342
515
343
972
340
707
99
968
719
243
546
265
603
471
416
251
11
862
167
368
953
959
706
718
167
610
300
965
998
755
452
804
790
151
276
412
386
680
214
408
908
782
872
941
743
717
270
443
227
68
163
975
704
118
804
325
325
500
62
513
561
516
320
855
432
513
893
845
745
15
368
150
813
656
157
435
868
219
259
306
56
740
774
27
437
237
708
717
376
183
972
251
31
693
941
122
819
138
818
631
725
857
50
436
951
555
250
388
240
895
818
187
373
167
518
160
767
455
247
59
532
1000
190
720
819
768
251
40
888
601
991
879
451
275
961
94
701
734
838
185
623
326
119
286
179
469
16
691
328
781
458
634
868
117
666
149
91
954
129
630
499
300
450
443
335
278
266
124
891
479
181
962
589
291
12
973
664
798
466
746
517
480
642
574
642
738
976
49
776
594
189
25
902
406
549
396
19
330
815
320
681
436
648
68
211
764
82
675
666
134
900
404
15
423
984
919
974
626
271
673
614
233
988
271
737
917
741
89
962
770
451
911
415
225
911
134
581
591
121
730
627
230
192
227
528
209
934
30
433
846
282
229
314
609
287
202
300
394
54
88
114
923
966
448
94
355
14
270
78
872
864
323
432
192
528
318
784
838
149
916
450
25
574
466
665
862
58
356
807
434
887
974
718
991
354
863
844
572
313
804
109
317
44
759
98
369
725
202
3
31
967
694
847
827
817
86
685
61
7
329
334
458
682
277
33
899
84
467
975
981
0
77
97
623
812
716
558
729
643
213
492
387
719
603
628
1
991
68
944
4
518
358
614
661
986
72
347
236
567
155
394
456
636
442
230
626
314
727
341
748
250
372
781
226
685
992
662
75
444
81
506
94
975
533
299
327
183
388
705
528
210
734
193
170
828
940
713
356
643
703
694
464
350
506
426
273
85
326
735
399
306
597
253
726
704
586
167
778
235
526
435
698
575
858
856
389
19
151
308
40
831
934
722
742
589
866
536
181
404
187
290
94
869
42
29
693
711
838
918
629
205
8
160
393
748
32
253
148
27
144
533
308
177
32
921
483
654
978
976
801
11
534
632
638
939
857
27
987
263
249
373
329
468
104
726
402
232
142
180
45
975
199
399
983
127
783
708
150
134
383
369
914
70
443
512
279
692
431
137
0
309
370
279
359
764
830
64
972
265
454
555
507
559
612
1
554
395
291
154
507
397
308
896
701
892
838
546
565
144
963
333
587
268
923
506
497
145
682
598
277
26
345
953
995
847
424
663
975
103
573
194
613
443
788
487
809
260
23
2
869
884
339
816
0
28
420
843
615
770
644
243
165
166
517
603
0
481
160
993
596
115
227
945
357
583
279
840
544
960
685
72
864
604
457
340
958
159
550
471
354
100
236
0
881
545
108
861
115
677
92
625
437
26
236
650
664
967
45
197
149
186
91
541
522
309
698
684
574
228
849
697
921
974
936
97
925
491
843
2
958
754
709
215
243
584
693
474
753
318
39
299
531
874
421
174
115
104
719
646
427
481
970
12
817
531
434
313
139
276
31
223
449
76
41
179
895
798
808
971
677
466
756
703
57
897
175
805
476
673
865
521
232
163
680
299
374
22
233
923
358
909
156
51
602
909
74
748
733
621
170
556
782
77
639
193
497
131
761
713
4
799
24
154
428
937
862
566
695
269
519
15
80
74
287
463
198
556
274
382
502
213
956
359
452
394
147
107
815
867
437
571
129
577
301
416
591
195
41
476
971
196
758
648
473
458
608
91
55
166
649
831
404
942
512
372
162
498
224
276
642
128
312
179
112
470
283
197
22
807
330
877
432
777
365
221
897
689
682
695
611
726
158
864
47
909
979
711
893
307
556
85
542
411
141
253
982
989
835
149
162
580
221
213
338
879
300
571
379
72
186
156
544
325
778
541
230
895
199
207
717
52
845
675
537
890
526
905
124
273
508
945
644
796
54
850
310
887
742
145
881
181
651
74
624
362
431
414
687
416
544
24
741
598
477
474
787
210
186
895
431
511
661
810
563
943
81
807
471
83
82
620
290
527
248
380
923
77
851
589
815
932
85
509
164
114
648
672
913
17
483
116
621
257
342
729
885
713
873
759
774
61
260
429
694
832
1
188
279
76
459
192
944
372
953
134
693
351
507
743
671
372
629
643
712
377
874
443
38
8
646
508
732
723
162
562
845
756
313
3
153
13
688
847
865
137
918
560
593
158
949
657
73
803
424
676
551
576
62
719
648
468
730
510
633
603
426
26
160
700
171
988
984
379
981
725
239
837
870
305
225
961
349
936
476
313
104
70
488
660
932
137
736
669
306
878
116
548
964
591
255
533
737
162
92
33
471
760
985
757
547
810
721
554
629
122
487
111
432
809
232
12
48
246
260
399
200
113
66
505
643
312
676
803
228
263
44
145
98
171
361
182
332
902
35
512
130
786
588
878
139
59
995
592
930
143
638
915
823
374
987
469
75
3
898
792
773
888
230
991
755
937
883
344
193
805
635
778
738
986
721
970
219
112
612
722
842
216
420
417
228
474
621
68
152
769
63
728
347
495
605
887
815
57
200
942
6
658
601
398
552
601
760
745
632
654
895
774
798
610
623
105
321
351
337
503
187
465
247
307
308
523
157
50
193
86
162
881
236
728
790
465
689
3
243
506
131
550
8
488
823
226
191
595
652
866
741
21
830
242
985
699
597
740
971
479
496
542
546
277
458
203
618
439
478
852
643
761
377
795
157
177
895
521
205
234
90
266
796
768
623
271
681
13
65
100
365
539
604
288
60
716
630
129
538
90
264
563
624
486
882
244
371
994
267
445
739
845
416
930
236
195
180
746
734
835
150
684
286
168
881
417
817
459
88
5
828
294
608
844
519
604
536
733
447
401
414
497
264
189
258
681
358
70
806
352
411
950
933
491
446
147
172
44
387
35
755
190
67
762
614
422
327
36
817
160
279
495
85
940
658
503
95
205
757
525
343
860
236
355
78
913
121
94
71
310
273
386
197
963
134
782
336
48
509
118
109
143
263
416
451
789
519
963
318
581
120
531
325
2
75
519
898
729
888
939
184
170
645
453
95
726
732
482
50
233
925
186
649
157
419
409
22
880
114
481
899
68
643
370
561
66
786
116
818
111
885
239
334
279
336
591
717
540
336
827
835
38
896
251
522
335
4
558
466
542
377
178
927
792
609
163
606
624
889
291
848
154
284
605
827
640
908
420
237
386
986
358
723
17
882
800
459
199
106
521
990
863
437
853
134
57
810
665
235
7
573
869
909
337
87
8
509
217
792
975
417
370
809
454
494
16
801
50
40
191
905
60
285
480
88
565
107
35
657
144
235
41
960
406
770
801
860
472
652
796
147
286
664
252
178
865
413
900
768
904
226
144
820
248
262
793
57
792
277
814
67
240
610
634
628
937
318
71
933
383
596
917
798
68
231
185
823
117
17
292
771
993
826
18
363
525
106
485
267
746
723
873
787
960
640
655
295
167
287
804
736
970
843
614
969
502
491
240
767
374
801
635
786
628
295
958
346
377
220
1
40
844
637
347
860
826
558
58
140
807
322
838
197
768
699
4
877
508
458
616
809
105
2
599
927
389
408
230
880
657
286
808
161
978
62
26
363
257
877
26
741
243
653
402
608
156
689
436
344
681
467
164
837
624
139
141
769
736
114
763
636
59
406
659
81
713
157
92
468
987
587
27
139
599
889
119
289
880
819
804
184
90
500
395
510
343
945
244
287
924
683
871
852
586
756
67
917
620
988
851
115
581
430
819
39
939
489
998
864
993
109
237
613
10
915
943
844
723
372
175
919
621
294
524
534
80
198
833
980
208
942
794
72
186
99
653
816
534
292
705
515
125
325
679
775
451
922
625
93
120
914
698
501
703
446
84
781
487
873
778
780
195
787
273
671
48
829
330
35
393
783
828
727
274
186
95
747
838
846
388
137
675
281
862
69
781
283
835
725
593
138
486
696
505
405
92
12
992
72
150
199
466
500
78
281
12
689
684
537
123
126
567
94
891
404
268
588
408
329
918
799
492
834
559
101
533
323
915
25
941
28
225
736
175
157
294
525
958
576
722
821
145
848
418
174
585
752
485
423
611
693
925
526
647
341
892
766
146
652
793
938
867
645
898
744
883
53
763
366
891
543
980
997
6
678
587
887
679
14
159
668
619
127
45
936
568
731
397
659
154
885
702
540
639
351
63
987
424
131
899
748
105
829
987
602
752
402
847
40
930
96
169
815
872
235
653
886
396
348
13
414
838
626
270
659
907
323
111
216
372
654
241
707
532
624
827
839
633
714
419
6
672
446
208
289
15
736
247
795
53
760
173
333
684
333
990
211
688
222
246
794
974
795
514
518
410
131
337
635
374
892
857
190
79
729
200
445
695
727
983
120
360
805
390
911
122
636
799
886
310
983
168
805
686
842
568
815
817
301
649
320
904
64
427
91
163
827
621
571
706
686
670
142
181
13
405
105
850
958
235
667
205
494
599
737
699
933
908
795
668
35
381
421
94
269
996
241
509
166
703
149
842
676
775
444
222
722
984
482
707
156
19
634
644
393
284
804
413
319
430
894
987
45
708
864
85
130
611
942
73
123
703
798
106
138
888
640
289
954
180
858
274
885
264
635
471
328
521
90
168
635
951
170
102
462
827
300
160
651
447
117
856
88
431
863
443
632
256
909
766
9
334
926
869
232
472
612
372
429
837
140
40
628
412
454
185
225
428
256
343
949
335
196
224
934
190
89
797
358
782
258
610
407
544
102
481
875
64
745
133
310
310
432
786
158
412
399
508
227
18
981
125
521
761
435
858
13
306
686
524
840
22
729
881
678
403
940
313
602
61
101
589
333
42
107
423
468
202
434
656
842
335
389
945
715
334
124
273
959
125
995
986
508
661
660
215
570
320
453
300
583
931
991
206
869
894
506
856
386
426
74
580
987
931
65
972
730
116
649
92
620
817
555
216
380
301
956
616
373
730
322
585
574
532
812
496
507
13
632
782
647
384
610
278
264
588
51
54
936
236
896
776
592
243
367
989
116
938
346
604
801
555
424
251
239
114
1000
337
588
570
421
47
309
498
155
379
557
641
792
781
25
65
582
93
690
352
569
281
965
954
67
124
371
11
35
122
93
54
288
922
930
495
5
235
337
115
390
559
964
448
397
677
71
41
250
655
269
851
757
16
80
389
184
377
293
601
630
961
766
913
238
542
895
3
184
135
548
499
28
862
859
390
970
271
259
789
216
438
638
199
931
850
941
942
853
192
316
317
613
736
1000
639
710
65
268
335
421
6
872
510
81
377
573
605
481
240
893
586
357
467
854
152
283
381
930
694
469
976
142
444
318
154
656
310
597
466
112
754
642
52
356
195
390
826
710
255
101
526
651
101
377
131
983
481
207
948
285
125
523
236
486
817
15
600
972
190
623
24
236
280
907
949
160
727
91
976
829
54
930
749
66
130
751
134
576
986
230
295
91
366
804
529
543
233
635
458
301
399
808
126
931
222
269
574
90
460
625
228
765
211
261
527
315
654
781
279
402
484
603
440
815
468
397
777
259
575
307
789
848
983
472
732
501
913
389
283
537
614
462
499
571
220
794
630
893
42
68
948
771
555
982
807
565
345
955
742
324
218
827
126
461
372
498
170
938
970
178
634
270
60
430
866
576
601
421
91
471
792
515
622
944
65
952
89
772
831
424
496
177
293
920
477
838
657
67
549
39
242
425
394
174
594
865
189
329
629
231
889
304
319
584
94
667
169
292
391
512
147
318
215
474
753
509
521
792
317
661
611
557
660
375
535
251
132
927
697
594
135
450
938
499
166
300
529
492
513
718
555
974
440
183
651
620
773
918
208
251
488
323
408
991
382
943
238
879
251
77
926
943
440
765
424
70
61
462
131
129
32
341
363
462
713
395
920
293
352
930
898
789
959
661
97
849
591
706
419
552
180
340
781
370
155
792
678
618
592
958
477
95
214
473
70
397
892
361
923
865
714
997
688
562
381
315
142
125
284
970
671
351
274
773
215
147
179
815
769
388
267
711
451
860
246
353
668
578
556
318
455
507
635
234
616
843
856
492
644
31
956
912
588
264
74
261
813
295
903
49
500
945
987
207
572
167
926
418
294
388
678
273
96
819
652
956
459
814
610
959
479
54
590
432
177
132
982
992
939
578
5
641
88
27
303
232
403
984
751
242
619
123
354
589
791
942
588
404
934
978
996
517
898
899
256
102
712
908
583
181
589
716
455
195
751
697
163
134
82
755
36
387
989
926
130
133
60
231
288
491
228
481
551
63
986
283
515
154
877
660
325
143
337
705
711
191
649
922
166
562
116
940
119
25
692
525
149
604
529
59
623
587
209
321
204
997
138
406
952
756
829
102
842
958
330
287
521
569
148
992
304
460
587
743
832
583
18
559
475
258
866
11
954
933
273
874
744
809
859
215
172
532
462
4
625
533
555
161
923
462
352
104
958
338
412
855
556
91
937
783
826
128
637
688
196
763
700
632
673
291
750
876
73
246
875
838
90
813
835
298
710
143
41
310
694
5
353
444
435
574
147
798
575
333
928
434
554
446
34
200
93
5
196
829
308
123
580
602
569
304
835
419
699
874
731
508
941
833
477
695
633
455
562
324
220
30
453
552
722
813
765
566
22
133
746
733
552
52
357
735
993
341
59
462
731
522
880
241
44
755
959
7
603
91
33
458
655
939
769
881
419
360
586
299
874
98
196
260
505
855
925
259
476
27
321
848
933
948
418
168
479
212
337
59
556
769
148
412
952
76
476
480
919
250
397
618
446
150
774
565
418
283
476
313
524
30
536
537
191
412
749
797
639
266
672
480
254
705
174
516
311
23
542
892
986
107
837
851
461
368
956
283
773
20
880
149
298
582
992
447
416
371
213
751
43
748
181
913
425
785
377
211
327
663
776
404
672
955
485
179
767
600
850
799
601
681
4
664
85
476
488
238
538
418
628
563
396
788
600
748
615
351
701
54
508
906
560
582
54
750
126
429
395
258
406
506
695
546
665
340
91
539
990
586
778
402
751
822
528
78
563
119
653
153
825
248
759
25
588
946
232
910
756
275
974
582
885
20
398
91
879
305
178
164
976
852
377
513
339
24
660
877
483
385
868
130
638
50
369
798
448
759
326
986
365
508
316
580
646
701
282
725
872
536
70
306
558
471
72
196
828
783
402
738
142
646
606
893
969
157
290
562
513
35
481
994
98
296
626
90
629
656
738
520
871
860
676
955
427
564
419
35
861
296
816
517
162
14
504
979
853
850
123
487
520
801
601
878
362
396
498
248
873
741
382
483
250
11
292
661
842
1
462
807
80
670
294
631
739
88
958
389
592
260
333
774
520
31
141
721
241
737
181
753
995
27
652
814
651
314
345
806
168
663
271
958
278
597
680
532
642
211
914
996
636
902
99
452
665
720
580
594
557
303
847
338
182
868
475
380
390
469
708
539
347
913
205
125
776
414
940
764
11
680
547
660
171
662
933
56
946
866
625
706
808
990
260
300
467
827
69
714
522
557
587
575
893
331
380
619
307
307
698
640
29
597
115
381
589
550
527
745
931
690
800
726
493
539
372
764
510
485
674
812
43
980
373
454
424
43
463
675
343
315
969
302
514
17
578
355
18
421
234
178
24
895
653
461
54
77
789
624
489
640
287
331
891
311
376
752
397
123
616
993
296
382
419
928
328
746
501
707
1
775
265
580
472
194
225
442
876
577
980
336
951
835
195
866
533
715
503
343
110
660
25
140
786
40
112
254
436
67
888
228
81
698
282
740
357
49
374
868
341
127
859
189
280
628
971
407
323
729
112
930
904
223
426
682
432
201
762
850
380
545
824
173
741
656
543
8
73
405
922
336
513
461
207
500
703
56
681
674
612
745
154
247
754
867
51
46
268
625
474
51
67
694
151
195
938
494
489
772
648
954
508
643
661
163
192
889
17
378
680
787
961
532
34
597
208
919
418
394
329
719
274
759
189
40
738
880
834
908
954
244
888
601
796
308
317
931
167
801
863
391
346
60
870
242
278
576
128
663
803
283
324
1
315
435
67
597
472
744
533
235
161
408
499
271
204
461
901
312
878
452
717
582
79
477
841
609
808
346
741
395
35
734
438
315
668
843
599
383
265
764
143
139
727
340
966
897
178
689
360
30
929
152
630
978
39
950
55
12
195
369
112
155
704
904
588
940
1
573
520
640
789
789
447
187
183
413
142
362
449
776
54
864
109
508
759
560
202
323
164
948
406
402
90
203
152
674
107
474
963
720
876
883
529
658
964
800
722
773
459
832
504
173
818
970
337
896
835
322
772
372
761
759
591
35
685
77
280
63
592
636
266
737
818
53
939
348
625
510
127
656
917
686
859
262
217
414
977
786
425
4
241
68
439
435
496
888
951
265
478
288
53
783
341
845
599
426
551
766
894
234
637
596
889
317
576
826
499
586
461
946
676
300
125
519
471
285
787
881
252
800
426
21
237
125
741
829
784
436
127
544
645
735
877
164
54
71
215
372
909
252
937
177
98
974
228
557
865
794
50
762
853
398
90
78
361
989
882
37
37
59
718
922
225
156
863
494
937
835
357
77
107
825
677
848
249
682
110
682
40
30
735
48
59
321
933
464
55
76
893
855
338
490
661
393
453
758
739
544
894
978
607
782
490
771
345
149
56
155
92
796
950
176
470
617
19
520
966
119
481
944
501
19
31
198
52
590
88
913
96
311
389
823
120
994
924
996
259
45
755
76
310
524
957
533
753
110
985
484
960
914
211
788
352
248
774
342
10
811
363
109
125
88
666
970
814
945
217
728
393
593
684
139
131
896
630
307
259
473
513
185
710
384
26
129
749
877
322
623
678
77
982
215
934
734
868
29
94
269
387
572
849
350
22
256
471
868
542
762
795
209
536
551
32
526
443
662
117
13
277
959
749
550
587
950
816
667
710
36
189
268
186
250
908
974
259
615
7
332
207
806
553
391
25
313
33
476
449
664
808
329
280
750
144
850
298
410
131
342
954
98
818
704
572
863
984
677
251
94
440
110
815
992
914
387
326
628
310
826
446
264
290
55
875
674
78
262
702
810
221
778
995
743
986
2
181
362
140
448
430
376
19
217
823
192
855
127
353
456
14
102
834
500
225
462
645
360
47
741
801
211
21
556
535
306
724
258
388
77
305
100
537
96
227
809
629
189
800
315
865
714
320
497
221
260
132
644
18
718
574
700
390
586
387
821
119
813
84
762
34
190
120
482
947
641
96
27
43
87
300
8
455
800
894
868
896
283
185
732
524
134
937
954
884
963
831
487
395
297
880
733
909
791
88
270
79
139
417
155
675
897
299
36
294
650
955
534
671
687
480
418
265
954
704
513
228
543
989
295
320
810
472
58
266
24
101
704
722
469
268
403
541
215
394
790
391
895
747
745
248
969
502
224
656
323
936
56
45
379
419
553
689
349
985
558
309
947
238
528
974
992
753
914
603
549
837
959
594
702
271
887
327
211
862
442
7
347
511
455
429
373
805
600
668
194
297
509
236
726
908
107
770
550
731
291
823
462
270
61
855
928
551
807
78
671
90
659
147
873
65
516
415
542
485
337
465
104
842
327
663
118
499
50
153
264
349
539
369
954
731
387
170
707
163
549
353
396
111
824
65
498
995
442
40
811
984
969
661
324
545
625
938
53
997
55
473
206
515
596
88
82
434
50
907
185
914
558
471
609
767
123
2
299
716
166
284
692
419
523
878
578
620
944
882
781
306
121
450
728
421
61
828
813
934
467
3
933
158
207
754
646
494
101
97
370
198
491
803
547
832
65
371
131
834
21
258
930
459
544
377
394
285
265
111
697
757
348
240
589
278
70
671
163
447
336
64
283
642
945
254
647
919
958
710
676
916
999
37
243
405
183
593
256
347
406
465
665
29
238
236
482
413
384
693
995
374
440
189
829
326
723
501
582
763
125
298
708
414
947
926
583
486
199
599
641
604
674
828
294
269
710
182
955
990
318
497
554
946
119
335
341
497
686
350
119
844
324
381
411
634
661
571
450
701
48
411
356
606
131
136
214
177
639
112
92
456
235
703
639
221
848
734
840
215
156
345
343
556
812
778
514
169
546
564
670
434
752
418
431
133
565
274
496
845
727
160
467
286
904
401
896
180
192
924
887
302
120
969
720
422
940
411
694
372
258
762
975
467
894
842
903
47
163
62
265
225
445
774
130
710
550
420
349
930
226
286
1000
336
705
178
94
886
93
779
378
351
66
431
950
496
829
217
558
172
47
592
557
986
358
235
414
246
802
262
407
965
643
569
970
182
289
606
161
515
488
217
270
34
223
313
291
610
267
713
666
416
267
627
991
861
330
200
599
437
218
640
58
968
111
34
541
730
123
417
998
533
635
639
762
577
123
621
814
289
425
541
978
650
334
613
97
563
994
366
716
846
84
1
940
480
925
376
737
892
657
658
791
819
80
321
50
688
619
35
710
404
612
755
255
561
162
523
726
403
71
535
336
796
293
0
801
966
141
535
61
868
797
906
582
909
936
855
757
833
229
920
22
479
905
773
11
596
65
744
371
611
325
613
455
161
991
232
507
276
389
86
237
351
324
885
791
726
137
404
309
31
141
103
174
225
475
797
708
225
613
869
378
806
341
286
344
576
931
31
508
922
853
180
527
321
744
588
481
56
128
500
824
532
1000
157
702
949
526
662
85
942
717
757
735
1000
477
404
21
433
593
672
429
536
491
806
884
49
227
418
301
667
975
987
428
869
855
326
258
612
298
775
366
524
545
415
17
122
181
331
990
675
654
634
215
938
618
791
537
561
878
780
753
653
980
808
526
129
948
592
876
361
387
385
522
983
400
587
443
232
673
65
497
739
396
137
721
808
583
803
196
906
200
20
242
768
806
486
948
898
190
143
436
470
630
49
3
672
783
487
81
305
999
915
275
616
620
341
856
10
502
555
320
894
689
957
29
213
621
380
325
775
688
111
201
337
484
429
277
648
858
272
381
445
770
290
803
54
737
877
704
273
853
656
852
147
711
84
488
522
684
689
512
921
213
363
17
810
913
288
759
783
722
571
641
674
100
179
39
825
616
52
463
506
880
497
477
789
827
165
105
148
553
185
578
719
734
443
908
332
443
969
142
971
933
484
538
141
728
140
225
721
59
443
654
747
389
368
634
692
61
109
486
995
821
482
870
372
619
897
211
271
429
854
872
600
185
787
602
917
895
104
284
827
798
300
440
422
19
71
238
554
310
354
879
31
173
560
215
578
699
211
651
909
259
491
340
879
369
259
270
458
670
308
950
715
231
83
630
881
176
46
692
561
721
489
850
679
800
180
193
320
471
81
326
658
621
208
483
238
570
355
301
617
422
96
641
516
955
721
617
125
91
38
936
659
788
365
613
746
984
738
596
605
97
674
190
53
295
173
926
404
276
268
97
162
820
855
528
114
227
350
909
19
34
430
337
612
258
986
24
168
40
937
230
198
937
94
572
81
566
655
834
913
435
130
176
462
92
135
318
419
241
846
129
348
366
116
802
677
279
880
735
333
115
320
649
417
544
188
918
590
547
499
590
5
396
549
640
862
770
739
145
893
119
491
812
550
685
627
455
132
403
994
93
958
122
271
890
73
610
478
788
346
913
655
327
737
705
335
766
37
945
99
949
225
181
840
544
456
480
329
434
547
905
477
774
207
334
12
734
530
551
484
593
978
640
647
657
185
839
773
887
322
9
756
355
394
146
589
88
552
213
639
358
510
727
747
298
376
261
603
448
380
922
673
653
828
738
571
205
454
941
87
509
499
655
26
269
931
195
706
528
448
971
602
63
371
212
367
363
677
508
415
45
298
735
715
607
305
306
366
816
138
347
241
460
947
397
599
76
593
646
96
589
941
340
575
931
766
165
904
720
918
508
716
286
186
936
753
5
800
218
71
343
650
801
874
475
698
261
1000
647
694
807
874
114
953
475
754
289
89
57
864
295
622
933
26
678
235
607
871
719
295
909
304
390
160
501
360
612
973
892
594
862
832
857
360
797
532
621
174
484
24
553
226
337
175
812
764
945
660
820
627
791
433
903
518
511
598
580
18
101
585
173
57
820
571
172
347
973
440
794
444
76
275
987
913
469
618
210
654
826
962
47
48
586
509
970
476
804
916
572
167
230
536
350
169
632
557
589
98
828
507
306
277
168
571
622
580
965
379
490
795
804
135
165
370
583
473
969
843
583
883
205
538
930
952
698
549
155
192
344
290
666
275
300
227
288
132
388
93
414
546
106
61
581
727
39
769
437
667
324
795
646
967
406
334
774
141
528
652
202
905
342
129
166
415
953
154
502
264
411
257
582
859
755
699
138
44
406
157
856
89
493
879
802
983
234
758
926
12
978
512
126
613
949
236
597
722
531
25
626
498
12
351
290
715
754
55
407
150
464
392
929
861
496
745
341
712
744
427
394
923
486
734
495
791
193
700
398
174
544
647
428
655
652
122
269
371
925
790
595
927
340
798
653
26
653
353
569
12
594
428
365
89
53
294
629
462
304
819
65
880
123
397
953
578
512
264
364
537
919
134
129
747
832
909
84
548
583
503
477
713
432
322
343
385
981
476
62
352
378
627
6
863
168
494
729
868
178
938
270
513
949
691
184
8
665
466
184
720
732
98
864
452
311
138
951
604
865
405
872
532
35
837
740
11
878
998
500
678
168
779
61
525
998
636
210
870
761
945
767
552
581
85
745
634
213
587
715
930
868
308
87
35
237
629
372
132
279
68
554
658
928
98
665
982
877
718
80
566
707
500
24
915
437
782
354
680
314
376
752
406
186
988
487
980
933
660
919
954
433
914
866
4
102
208
383
887
226
792
477
34
25
756
265
597
115
609
937
36
460
893
291
528
844
820
860
446
741
53
715
62
964
844
687
679
735
365
902
902
189
22
31
295
900
546
647
781
51
30
751
910
425
994
943
181
427
285
211
333
681
350
4
704
794
538
751
660
332
29
754
871
738
676
390
860
713
437
706
772
183
617
272
56
652
275
165
848
293
439
563
296
966
353
884
306
676
456
541
687
801
870
591
501
673
125
681
529
42
677
95
62
281
778
724
256
41
479
327
987
893
175
414
751
272
544
562
158
129
426
19
317
509
290
440
419
563
787
42
597
601
511
848
269
147
495
810
784
898
143
855
391
443
227
750
664
412
875
629
941
769
115
163
336
225
373
446
376
806
444
570
438
830
599
580
931
410
855
249
200
720
687
344
773
993
903
831
760
394
507
259
520
975
766
166
80
650
938
603
45
569
459
631
128
569
336
83
445
0
520
240
618
675
797
980
765
885
878
606
787
156
71
537
886
695
458
969
381
679
6
549
754
375
29
814
824
592
325
940
395
881
726
731
117
123
837
61
861
766
875
565
782
569
406
130
684
704
849
260
889
140
813
773
691
521
929
983
440
601
905
171
755
107
76
886
592
358
908
267
738
844
717
417
9
168
557
89
688
809
695
475
213
262
795
877
229
861
769
219
386
495
826
118
361
505
221
410
961
74
49
654
200
624
70
618
816
953
774
843
118
116
597
532
314
999
599
845
870
817
266
87
151
840
841
768
761
462
443
436
163
426
512
866
710
176
172
370
41
54
781
669
795
297
726
96
851
441
605
510
30
578
712
900
190
132
645
690
367
195
805
162
370
234
281
190
113
870
367
359
550
334
243
962
720
850
831
580
562
876
138
350
258
693
706
244
777
535
137
367
715
692
2
214
835
988
283
766
920
106
570
17
225
786
564
228
757
778
762
144
683
520
729
428
754
211
747
398
673
406
957
599
525
29
42
758
565
633
651
108
287
648
274
524
244
603
349
623
956
913
944
901
470
524
112
450
637
280
113
179
935
301
418
361
911
793
771
912
64
785
256
588
768
759
339
277
537
438
150
148
490
176
172
504
467
967
765
710
891
343
189
359
635
911
836
685
639
921
134
70
655
725
646
950
39
265
935
216
324
814
255
658
191
735
21
562
978
859
100
409
681
612
930
720
876
386
940
510
337
125
658
585
885
929
839
321
229
90
805
969
318
246
627
384
545
108
434
959
591
613
6
335
36
657
661
793
777
812
457
892
84
681
440
343
122
539
854
414
324
394
327
437
786
122
965
204
691
589
457
60
922
368
47
655
169
818
284
591
483
936
797
469
819
422
681
189
961
895
861
852
968
696
660
10
279
552
442
580
631
29
182
451
341
663
318
385
419
734
743
610
899
438
630
528
400
487
894
978
814
266
763
310
460
811
594
556
317
50
643
825
288
848
70
728
508
969
797
186
515
134
617
92
479
196
512
733
813
575
221
47
853
59
200
905
223
328
966
691
763
326
682
425
770
760
892
499
840
686
462
836
370
523
58
557
702
486
529
333
227
417
591
217
742
672
492
337
134
189
980
43
445
20
822
188
513
311
520
61
307
412
765
430
760
