640
229
988
765
624
58
632
119
770
841
529
74
796
203
667
671
334
556
678
430
166
791
770
10
73
189
167
630
711
48
544
765
87
498
146
104
645
732
660
944
657
865
777
666
196
284
193
877
79
753
650
281
689
120
613
89
881
932
417
2
493
642
779
550
629
176
338
245
90
764
308
461
333
260
354
582
417
586
616
625
495
456
85
999
370
430
144
226
576
306
619
928
663
366
581
901
292
566
898
574
663
434
69
643
587
573
691
189
483
680
615
860
524
492
957
642
12
765
676
986
969
70
471
283
451
926
82
660
200
14
436
292
261
553
551
326
981
511
227
671
620
871
452
856
671
788
190
763
346
111
372
265
429
560
628
498
547
699
267
593
508
974
252
97
186
343
471
60
696
298
625
437
452
409
566
601
7
584
254
202
772
724
247
679
628
946
19
25
39
69
704
119
670
999
189
974
200
764
934
992
892
792
553
453
330
13
715
417
167
692
833
87
619
0
223
229
535
241
528
812
747
359
870
519
233
955
304
927
465
452
624
183
347
423
902
705
478
878
566
603
286
560
625
570
411
344
546
515
682
32
580
354
357
100
92
522
251
546
875
988
604
43
136
95
612
463
837
939
107
133
106
526
126
414
279
294
343
99
631
586
164
273
816
910
282
29
814
721
868
847
984
944
643
383
918
102
799
493
212
922
303
388
971
1
952
379
724
456
800
344
953
145
113
966
96
23
339
884
593
362
998
708
136
136
537
729
263
178
320
195
688
711
611
718
168
237
856
94
368
275
307
573
629
495
220
477
559
263
538
816
365
347
911
617
647
399
438
867
113
745
150
624
878
120
508
612
33
566
229
100
369
466
378
807
422
384
745
221
823
954
557
712
183
970
120
371
252
855
165
996
258
615
828
348
143
251
402
90
337
239
763
980
101
294
932
954
149
425
239
245
253
709
533
401
684
442
496
869
228
648
997
53
602
730
926
97
591
228
365
851
641
166
975
419
480
47
282
449
69
149
295
170
702
901
5
449
680
837
939
586
600
946
82
653
430
947
579
120
75
937
404
267
683
380
889
946
846
38
475
142
493
743
594
663
498
187
180
363
301
415
652
836
347
204
565
407
878
250
222
296
672
544
454
981
783
306
149
396
609
72
954
618
378
254
853
22
987
987
725
858
60
560
136
505
459
372
721
875
989
812
855
78
463
247
647
838
378
818
172
238
339
506
94
405
60
180
84
388
258
270
971
383
849
577
984
853
672
687
23
818
863
396
36
763
547
732
782
98
815
386
140
988
677
720
733
767
464
145
870
680
621
499
182
333
672
631
558
915
471
672
878
471
508
486
98
952
974
31
322
23
759
401
860
998
950
118
106
909
153
633
350
713
132
426
554
305
386
809
520
891
824
611
620
276
49
891
729
617
540
351
194
81
255
646
906
992
500
128
119
243
546
843
700
351
859
561
211
636
226
115
625
231
178
544
516
883
197
609
121
305
585
771
723
680
731
819
153
735
149
669
873
921
438
570
660
824
351
966
947
74
544
684
395
285
734
330
235
408
832
293
561
402
870
68
432
231
461
484
39
100
999
478
926
765
476
794
533
408
643
194
13
633
69
771
182
976
697
56
169
916
630
722
103
603
435
842
776
557
366
124
830
61
835
787
712
339
215
620
183
11
514
355
801
4
118
84
107
800
495
361
115
203
704
591
896
236
65
179
872
218
952
877
295
640
725
376
387
413
266
547
984
855
491
50
158
615
651
193
650
565
567
378
800
12
751
463
855
676
30
460
773
244
102
535
297
488
214
526
513
699
151
253
662
465
850
169
868
306
5
320
56
241
569
56
142
288
585
345
461
399
345
348
726
345
818
754
0
304
599
799
109
642
239
549
243
268
818
623
377
448
844
345
874
50
169
841
469
451
399
108
289
724
510
3
642
229
743
106
863
890
921
783
331
899
281
365
526
738
429
612
801
559
470
537
477
845
783
932
564
389
972
277
151
539
769
137
367
18
843
823
645
888
439
823
533
64
141
84
663
919
671
829
976
893
834
822
539
53
43
614
611
201
254
297
218
842
115
954
676
100
727
789
934
778
426
82
793
471
802
687
48
490
12
255
615
442
940
43
32
210
597
871
258
661
254
477
696
935
290
945
540
540
119
751
86
615
900
688
794
130
90
336
433
912
199
895
419
345
967
380
226
891
836
766
554
542
154
306
86
228
987
893
66
609
859
639
552
28
627
584
949
52
483
321
867
11
932
304
698
536
943
988
221
42
104
858
475
564
192
402
457
704
704
334
824
315
164
776
549
17
62
472
333
926
304
852
168
723
185
4
277
567
483
352
885
715
292
730
463
915
44
38
439
450
629
831
576
344
841
873
124
888
732
814
692
438
994
530
251
756
419
332
331
787
111
411
914
473
502
513
93
990
178
878
696
392
963
968
490
382
336
298
625
51
584
887
492
429
634
79
325
722
308
649
17
689
937
965
567
44
587
573
404
391
499
505
455
501
917
616
662
793
214
811
959
230
108
196
74
266
897
414
370
11
808
808
636
771
976
728
138
204
882
352
361
929
234
892
773
116
656
407
384
677
152
558
68
780
280
802
505
728
829
569
725
650
86
216
208
472
834
813
221
564
468
995
337
883
992
875
210
681
357
995
617
810
681
874
462
833
23
257
252
66
595
972
230
704
328
38
895
701
963
982
764
575
439
727
159
5
224
739
420
420
944
53
985
236
706
955
944
895
807
401
979
270
739
235
86
613
198
728
316
311
991
389
694
793
108
533
61
463
566
159
355
191
823
814
838
881
781
648
411
306
314
626
750
740
388
834
999
387
845
230
494
890
336
582
556
818
268
419
735
949
437
671
265
689
413
732
665
466
778
727
268
722
981
554
354
407
583
895
498
615
426
573
646
704
120
25
669
885
991
151
8
571
432
998
965
390
86
554
413
860
952
820
745
897
984
358
721
84
945
203
946
721
321
483
451
18
258
575
647
535
828
517
703
911
998
985
566
935
756
577
167
669
462
10
370
691
987
236
237
589
742
463
943
499
921
507
194
44
570
212
463
888
553
122
773
752
429
665
217
478
21
328
474
705
528
975
238
8
134
614
956
470
563
240
446
524
93
474
151
196
994
106
66
430
948
801
841
354
667
931
422
807
28
151
73
251
276
574
474
861
113
998
863
429
170
19
978
2
727
448
1000
96
316
548
762
221
543
675
255
181
501
330
925
19
135
883
108
799
419
798
300
359
33
654
875
694
911
413
563
719
657
40
613
839
705
485
418
368
87
890
765
168
100
69
828
584
186
383
653
779
578
289
703
191
280
606
572
644
248
217
322
765
997
623
795
989
440
257
410
140
606
347
49
931
221
740
1
745
301
64
713
362
694
611
501
619
253
902
735
392
288
353
672
334
343
120
752
789
185
858
468
321
76
768
722
346
528
859
410
384
552
569
488
395
619
924
280
744
569
875
807
789
459
870
329
993
40
215
885
483
921
938
357
327
753
838
322
442
535
800
523
220
25
354
847
988
791
101
720
504
326
619
694
361
96
528
572
84
385
818
55
993
803
269
878
623
374
55
592
246
872
388
165
753
552
373
586
665
22
613
799
945
636
780
702
108
389
423
452
58
745
450
999
975
837
815
656
303
158
949
403
994
281
46
668
643
182
865
435
423
513
587
528
154
90
230
68
236
637
568
373
733
645
71
174
765
616
395
618
509
72
533
623
125
624
381
189
335
508
92
790
731
42
332
749
121
31
663
698
422
788
898
778
968
154
983
708
962
639
486
253
485
833
379
723
555
404
859
718
110
543
342
507
260
300
286
333
346
283
261
220
550
106
472
139
466
824
719
126
579
523
750
351
315
635
552
431
608
443
397
8
619
110
657
108
158
298
10
721
967
943
499
666
711
504
5
761
296
686
834
949
838
202
444
733
923
422
668
610
405
212
774
382
85
983
369
518
249
957
988
913
426
536
871
468
467
8
604
244
104
521
700
563
221
788
10
314
275
622
365
792
687
824
423
721
780
947
97
121
91
45
622
942
276
657
631
47
59
759
30
753
578
120
390
820
365
974
282
43
239
673
777
232
986
445
434
206
871
6
956
498
715
184
911
938
905
587
321
966
992
277
699
488
41
231
588
501
167
837
485
168
726
761
590
322
985
155
285
319
834
443
343
100
94
375
302
532
274
622
770
713
183
933
154
209
391
874
675
789
940
300
230
235
751
23
511
917
103
883
111
369
457
489
685
107
409
525
107
451
186
539
34
974
287
476
121
244
98
288
852
61
729
935
54
149
902
879
742
270
231
199
705
698
898
656
692
626
575
70
821
453
755
127
257
367
166
242
191
952
474
726
811
895
56
895
618
789
608
958
302
96
464
263
714
682
148
937
568
169
184
414
797
125
989
393
539
913
888
743
871
49
197
923
799
527
118
244
766
390
138
171
439
514
578
611
242
56
781
807
807
706
569
488
46
825
413
357
68
352
725
806
58
229
463
93
820
133
848
102
203
490
334
648
219
835
82
896
249
324
672
489
452
345
264
925
768
737
452
519
993
834
426
642
311
541
629
733
900
549
649
28
292
922
405
997
934
303
223
885
620
552
336
954
514
184
13
883
750
344
575
864
281
904
944
841
571
598
833
22
353
810
339
638
50
818
609
106
695
829
927
725
360
106
595
387
553
194
768
226
237
960
87
122
923
365
702
842
441
519
581
686
990
880
266
451
415
611
304
551
843
517
587
678
928
916
373
520
684
804
682
875
66
398
667
303
400
362
803
463
645
779
691
664
905
390
662
845
919
825
954
713
533
141
807
855
848
207
644
34
513
376
650
390
260
834
770
366
487
294
84
641
361
622
345
379
746
905
550
41
545
488
67
927
417
403
395
483
359
509
746
95
407
675
242
453
233
209
752
756
975
698
121
157
360
122
39
798
391
445
841
173
402
458
522
9
433
940
369
700
90
173
122
409
549
186
31
590
790
32
10
457
211
41
636
442
69
121
108
308
4
172
445
960
991
156
33
54
541
843
8
959
533
327
262
369
349
538
1000
239
653
107
787
143
508
988
616
774
102
819
723
841
304
175
478
233
465
36
363
639
460
817
214
98
361
184
493
649
508
551
398
159
144
67
422
765
993
131
993
810
197
920
897
808
236
537
530
472
635
647
170
557
199
82
417
599
377
998
776
665
276
240
623
753
563
846
833
754
79
732
901
796
217
220
745
839
33
680
866
739
966
773
631
615
786
204
255
260
302
315
116
524
400
291
339
6
276
141
512
289
148
983
685
147
212
287
162
843
748
283
751
740
49
827
80
366
275
2
777
794
247
515
96
406
648
789
887
84
364
752
319
770
397
6
161
339
621
781
946
943
128
161
131
34
133
985
373
582
741
167
299
760
450
745
663
912
810
541
342
467
505
31
424
134
45
856
615
754
9
393
197
276
744
60
422
293
118
726
732
574
19
851
549
569
335
979
340
918
229
26
724
17
296
580
570
10
70
782
11
624
598
852
596
197
183
924
775
569
298
355
215
79
496
872
522
276
448
755
227
50
745
387
524
448
254
881
136
36
474
436
50
296
793
977
924
74
61
623
18
27
885
212
726
376
50
508
624
50
996
912
524
153
216
698
174
644
759
924
545
130
809
664
638
500
861
888
537
755
484
698
454
953
217
466
736
224
116
911
997
177
834
54
273
817
791
227
844
284
372
260
794
630
858
981
890
75
723
472
632
837
641
619
589
474
290
317
296
131
620
220
992
527
686
147
560
907
640
912
643
218
255
6
776
682
955
359
655
716
693
712
508
661
685
789
402
634
222
266
558
822
38
716
900
614
720
189
367
245
692
618
420
148
281
577
903
650
458
176
932
757
2
886
511
792
320
804
344
794
584
642
515
33
610
871
13
597
231
211
461
663
429
410
433
626
922
686
218
114
484
473
248
122
276
307
617
66
276
929
278
224
805
72
733
987
593
87
303
955
908
338
238
210
562
487
473
847
301
609
77
200
435
281
75
642
527
118
114
540
303
91
598
517
707
219
617
913
6
704
946
547
90
465
877
950
617
38
213
856
997
186
936
717
739
976
296
204
160
496
131
17
912
685
846
171
295
835
412
997
686
986
118
879
40
47
187
689
880
127
859
815
650
293
90
17
579
451
324
133
766
443
367
47
162
236
562
539
438
179
202
228
694
601
412
771
617
639
821
722
395
540
288
529
617
366
885
408
429
208
987
75
793
262
629
928
612
997
969
821
186
869
646
24
647
945
419
960
126
26
207
85
495
465
327
124
381
406
292
471
784
475
844
794
347
26
294
175
103
887
549
391
454
24
240
810
921
811
406
763
3
360
676
302
798
23
798
901
815
449
862
5
898
142
666
692
457
164
849
582
502
227
674
151
74
123
322
553
913
191
114
407
337
556
600
906
152
795
203
213
447
357
719
561
576
772
165
27
271
875
349
892
697
798
506
970
270
150
332
645
307
477
286
177
606
359
723
647
489
231
45
326
196
292
826
430
119
383
788
434
600
184
428
127
601
47
356
507
922
181
492
491
549
258
544
531
680
79
830
23
966
777
239
620
903
451
720
391
380
867
189
398
638
155
821
794
149
619
274
68
562
59
183
34
369
319
44
776
351
529
342
548
28
274
700
324
531
856
571
233
703
371
700
784
506
412
104
613
299
558
514
73
853
725
572
381
992
844
884
805
798
143
992
947
413
499
287
48
701
96
332
963
457
179
183
308
446
876
899
848
297
369
537
321
108
885
659
439
193
480
835
684
859
599
80
696
347
893
65
252
689
527
57
335
828
242
384
329
622
34
457
451
883
960
276
726
566
72
818
336
40
275
675
802
228
192
19
547
345
93
571
38
160
334
642
380
230
705
47
57
60
938
609
918
81
697
872
786
852
389
728
214
827
474
120
926
321
196
319
943
211
934
547
362
438
0
81
553
632
173
393
818
233
669
755
692
208
86
670
911
452
703
176
164
132
986
360
202
614
772
274
333
506
384
944
557
233
573
685
379
227
392
580
314
478
877
137
968
338
92
224
94
39
708
993
293
357
651
525
629
564
52
810
450
815
875
183
542
915
398
599
807
294
299
975
365
50
771
102
217
299
877
561
976
944
401
640
716
598
772
747
846
226
60
426
444
9
31
893
881
240
119
75
328
340
500
415
377
67
597
41
863
6
736
174
777
615
340
155
32
300
788
570
80
575
794
463
539
455
353
643
515
623
946
673
650
424
60
211
927
94
161
977
76
72
163
239
633
430
383
153
59
873
332
275
676
974
871
835
384
69
329
6
711
867
381
321
228
362
449
85
914
559
102
242
304
927
113
667
996
622
420
84
628
275
236
350
144
178
415
559
167
795
849
230
904
432
498
996
1
996
328
291
882
810
826
12
948
756
413
572
228
610
700
239
47
492
996
489
531
599
644
699
29
65
468
36
117
434
400
302
184
451
763
757
223
320
563
33
153
300
878
280
279
941
976
749
908
531
773
123
580
567
279
215
390
868
470
615
224
112
17
893
679
351
544
90
449
748
584
420
83
265
195
320
475
344
830
50
485
422
927
94
356
539
664
850
886
477
743
837
273
894
583
260
932
134
863
166
710
613
984
600
378
702
44
961
260
146
141
218
333
953
748
247
306
361
381
712
163
132
430
571
100
800
625
529
603
202
578
798
745
89
157
837
428
359
977
880
720
859
826
635
752
464
456
369
726
536
373
487
91
889
814
364
984
301
237
604
839
304
6
8
672
273
533
234
841
335
267
22
998
120
152
258
261
526
939
982
555
488
349
697
281
89
368
767
255
996
546
494
60
155
135
761
989
649
367
736
500
425
327
10
675
751
635
147
125
52
279
18
584
498
584
706
624
573
239
3
687
872
506
46
907
754
880
286
41
564
481
123
507
773
296
675
389
171
142
940
358
397
962
683
982
302
913
184
963
199
763
507
841
573
371
952
501
656
823
697
560
79
462
489
713
484
448
580
421
248
841
107
985
991
931
852
769
963
473
440
152
115
946
711
452
662
695
998
240
641
742
901
855
852
466
293
977
219
784
233
699
711
404
231
246
289
62
609
345
997
699
86
266
493
723
461
580
299
592
757
477
311
346
953
413
459
736
836
113
661
173
880
202
209
863
197
871
241
371
778
225
307
589
50
653
260
227
605
453
358
213
434
575
493
277
382
41
869
288
196
214
513
482
173
88
784
543
1000
858
84
123
385
38
926
704
890
881
635
991
668
358
310
800
73
644
832
311
717
929
705
436
619
852
240
971
773
834
864
810
939
428
342
931
136
528
68
374
472
264
857
744
909
493
811
366
765
279
468
480
898
374
981
321
124
83
593
306
277
87
536
323
950
549
33
392
738
554
548
24
769
130
923
412
531
167
110
485
964
820
826
688
602
61
631
120
841
976
346
143
23
292
541
103
748
670
993
510
839
621
625
376
799
759
383
321
475
541
175
297
968
89
91
300
715
785
451
837
1000
550
296
274
22
594
11
143
682
251
19
482
557
815
688
185
211
705
549
729
620
891
835
239
384
924
738
82
60
455
155
773
875
634
264
423
25
927
735
59
410
503
996
703
956
342
779
36
232
744
219
353
791
872
303
312
187
375
525
732
467
571
114
266
112
477
829
243
722
136
623
502
430
323
29
437
833
50
67
284
394
662
281
314
74
254
722
551
396
773
441
937
439
65
90
481
195
609
855
114
541
182
38
156
78
678
49
676
665
637
908
639
601
728
845
664
710
187
882
820
666
136
292
726
954
402
235
616
916
567
496
24
586
141
677
269
532
959
210
342
662
916
513
582
65
958
48
384
198
408
437
15
694
23
379
855
456
744
356
699
908
845
402
685
700
672
682
181
539
100
957
759
774
79
283
891
369
850
844
651
719
294
964
862
282
477
554
275
73
577
914
524
171
682
770
474
665
609
57
739
955
252
283
710
830
171
481
174
139
914
412
310
925
76
955
119
72
491
161
74
931
501
764
248
17
595
560
967
265
107
259
349
944
48
416
382
458
879
814
339
104
614
224
136
408
628
768
110
545
869
100
801
94
498
413
792
596
788
487
875
433
702
338
514
301
399
132
421
432
208
326
323
100
956
37
837
764
145
676
457
755
362
497
670
106
661
496
378
631
273
555
899
366
570
264
240
607
167
231
875
791
343
507
161
534
897
101
783
263
997
347
343
596
210
561
91
182
465
834
792
951
749
321
878
204
212
399
361
540
493
7
988
724
50
241
656
125
406
956
808
650
605
103
252
537
925
994
878
540
235
103
647
487
191
571
580
29
774
25
274
152
468
836
404
684
948
535
170
961
203
690
146
138
835
657
231
415
972
992
302
603
411
172
324
953
530
111
235
925
776
551
677
273
728
792
760
66
296
316
636
966
221
360
230
887
340
109
627
112
96
833
37
475
811
767
36
429
234
833
210
385
327
37
298
631
860
31
562
474
737
905
279
375
673
103
891
521
949
749
82
881
524
287
221
258
370
533
28
364
730
326
598
909
183
940
697
733
198
471
515
716
762
274
893
266
723
284
686
878
340
725
541
543
962
150
122
734
872
36
106
725
450
260
626
196
681
630
996
458
355
47
252
72
449
524
565
81
547
821
308
264
41
842
775
766
601
238
740
416
9
175
173
372
314
538
719
631
68
874
83
993
630
193
605
296
782
675
685
309
71
656
179
928
962
558
853
786
910
392
471
29
533
828
105
481
252
345
763
592
444
560
683
156
598
893
67
553
128
401
204
807
966
221
591
590
653
990
143
683
573
739
646
504
629
467
399
532
146
422
514
140
491
500
73
551
319
681
806
271
174
240
375
476
119
507
823
176
724
641
50
637
22
165
55
713
278
221
589
908
158
3
455
334
802
895
839
143
865
795
175
89
985
443
746
854
169
521
30
352
220
144
68
406
174
315
361
527
897
140
506
32
193
346
471
648
82
864
328
478
258
816
733
58
270
326
695
47
28
767
92
456
247
580
462
55
957
916
215
499
959
398
543
906
112
729
906
554
628
390
986
938
800
291
168
227
857
657
632
213
562
831
290
37
815
626
855
284
777
392
408
649
847
561
395
898
52
985
770
467
638
375
819
9
9
849
634
120
890
860
269
405
650
997
364
644
521
144
842
101
527
251
924
472
794
378
789
686
633
173
212
276
636
377
868
488
416
346
949
672
424
215
410
454
386
633
928
501
608
387
911
90
113
495
943
137
411
727
810
317
956
174
634
74
788
78
207
746
33
664
389
81
629
195
95
564
409
597
850
571
431
733
783
203
921
146
48
83
163
874
311
884
133
359
577
633
642
348
271
785
622
233
109
229
525
391
257
774
779
38
869
228
935
482
542
437
554
253
754
158
891
4
181
581
499
121
244
253
328
651
260
656
688
245
247
199
512
791
801
436
364
128
188
113
703
322
774
687
160
680
768
683
286
433
666
710
396
408
304
385
624
635
410
511
694
916
82
77
104
562
987
4
984
796
408
809
703
598
893
98
836
989
997
714
686
126
516
878
651
396
88
480
155
341
580
341
640
478
87
97
932
736
113
772
471
255
593
103
486
310
142
245
694
825
215
250
278
709
574
799
100
78
861
929
193
729
867
450
11
460
668
759
1
264
776
873
139
750
206
995
984
584
269
953
326
328
194
233
363
458
717
496
273
205
81
331
64
354
196
507
511
613
158
503
910
489
398
484
50
275
173
683
505
201
379
676
75
926
99
605
359
44
386
627
500
287
346
494
533
961
58
757
852
36
826
979
896
141
437
682
751
118
86
108
212
864
344
979
763
65
768
720
60
263
320
626
332
385
713
225
686
943
242
18
232
266
338
40
575
875
914
587
530
852
938
153
381
132
339
200
224
957
494
463
643
93
822
565
538
791
432
7
253
87
834
215
860
448
355
280
890
466
412
159
694
542
445
904
932
756
630
318
512
93
240
603
605
641
964
558
162
612
160
269
816
309
219
845
897
956
141
968
422
615
22
463
497
546
995
185
634
606
514
880
693
260
901
910
615
668
439
87
732
714
482
437
333
441
877
243
46
923
688
105
399
881
720
872
474
239
106
499
108
212
62
481
47
469
33
887
401
326
182
213
257
987
915
144
350
706
524
323
230
33
918
907
370
536
721
128
640
22
557
817
619
758
230
879
401
283
394
189
862
952
221
567
761
341
169
705
587
248
502
362
587
733
418
526
528
186
332
548
230
320
731
585
546
553
685
345
266
820
670
470
748
213
616
149
217
714
625
430
819
72
922
686
531
751
444
588
180
358
634
758
18
579
0
454
855
92
979
787
167
161
212
857
394
229
255
6
143
61
592
310
995
104
926
989
226
578
712
188
220
232
532
489
469
267
612
547
154
731
905
154
641
939
305
151
47
507
798
288
8
101
310
71
384
924
15
536
789
992
337
633
714
909
229
839
322
142
801
664
434
745
614
32
911
811
429
893
801
210
731
984
293
366
952
647
637
502
463
172
876
526
633
431
49
85
496
423
801
192
941
606
267
800
763
50
273
720
729
564
129
365
368
921
227
884
619
647
310
201
837
577
833
4
844
299
259
910
399
18
875
747
334
852
609
218
363
942
448
368
281
382
829
917
265
767
257
174
818
948
755
37
799
537
281
10
879
428
961
123
302
181
996
841
747
616
57
712
934
13
166
217
95
242
868
994
597
499
106
104
41
102
494
418
517
676
857
410
844
948
945
184
136
575
364
56
77
55
532
649
82
943
171
279
844
40
65
58
311
198
451
241
923
136
166
672
514
663
617
834
246
990
793
883
864
964
192
796
956
800
596
788
192
451
688
327
928
85
355
22
918
50
979
232
757
17
995
252
822
536
691
459
585
834
527
192
541
157
380
896
141
947
662
541
733
362
426
152
619
952
257
922
959
283
390
956
304
447
849
533
559
171
160
960
699
291
490
742
257
600
369
804
125
274
54
978
212
342
575
575
649
626
465
448
70
497
339
840
254
71
445
747
619
758
324
32
949
583
400
287
136
780
347
666
267
562
150
28
700
893
603
432
416
832
257
686
659
127
756
73
961
273
883
316
249
851
25
662
299
139
361
238
130
554
192
712
918
263
503
338
299
93
930
855
780
765
27
373
959
659
788
132
447
109
374
49
940
578
56
118
180
656
588
397
20
89
323
663
565
837
985
882
678
595
519
727
737
30
548
903
500
205
329
249
932
377
246
147
269
380
489
903
215
241
145
750
826
392
641
530
892
886
114
821
332
420
19
222
743
768
443
59
382
459
24
681
826
77
944
203
650
330
611
599
427
208
215
142
925
837
264
80
512
544
788
707
792
163
359
9
656
263
981
17
467
154
261
237
947
153
21
991
731
546
725
752
774
875
623
77
992
844
853
106
972
96
223
746
883
730
683
573
60
802
13
608
450
925
913
957
304
287
683
885
253
250
82
725
407
231
308
714
3
935
492
687
483
355
548
270
263
393
412
625
411
349
39
315
116
448
597
694
842
365
185
440
788
237
216
376
408
745
532
865
970
474
335
658
188
281
739
799
358
266
922
432
889
870
405
16
228
507
683
531
902
952
225
873
409
409
401
114
528
85
728
203
725
397
697
409
692
572
152
975
687
507
862
282
76
269
840
243
168
193
753
107
553
877
83
990
286
503
400
844
447
395
181
119
407
747
962
561
998
131
995
566
800
907
102
959
16
664
919
917
354
232
669
345
1
383
629
314
355
305
926
19
775
761
763
68
451
872
937
546
777
600
589
793
551
301
260
324
889
108
600
350
237
394
775
397
650
715
901
232
911
497
761
590
55
267
516
484
117
493
238
561
161
30
900
999
617
160
699
944
333
925
955
511
834
553
367
971
359
528
526
784
752
275
115
57
762
148
806
397
705
374
167
291
951
742
743
390
448
734
794
462
187
582
436
553
250
158
549
55
129
10
511
398
242
2
207
681
564
904
375
760
808
913
304
977
873
466
787
888
850
641
608
282
158
816
344
960
99
496
110
140
889
230
711
162
572
554
534
744
532
239
350
649
586
551
711
410
589
404
341
6
868
602
749
302
681
38
833
401
558
959
120
735
30
524
628
81
967
174
279
817
668
274
703
325
496
836
666
83
424
761
566
183
171
121
37
500
118
870
961
466
894
248
865
901
344
170
81
759
478
212
642
698
169
128
788
913
88
417
993
834
167
153
267
777
668
598
44
820
237
665
639
607
880
168
906
457
820
652
67
246
664
61
93
533
902
394
72
453
889
991
198
729
7
668
836
737
623
479
354
756
1000
988
631
927
383
365
494
718
110
927
166
986
704
484
797
169
188
338
142
381
575
355
335
858
62
130
777
204
808
47
766
92
564
75
340
453
303
792
686
344
331
891
72
280
283
817
926
531
491
967
694
786
799
679
407
128
385
41
239
705
614
694
826
841
224
436
24
73
839
506
228
431
734
445
863
620
914
236
931
777
468
492
541
410
306
910
430
411
486
373
225
425
409
645
565
96
0
986
788
859
17
404
877
419
767
901
725
619
407
226
950
612
972
802
141
124
876
630
166
660
14
837
112
938
183
173
290
915
315
115
911
272
164
224
401
980
73
305
700
75
607
907
135
771
521
52
8
455
379
464
598
792
814
82
131
207
432
185
997
908
785
214
728
903
639
276
523
69
962
914
737
386
453
707
649
476
303
340
94
583
458
408
984
540
924
704
627
856
7
897
485
238
428
823
486
257
629
710
243
936
409
451
841
396
653
628
136
770
964
438
671
343
318
32
797
663
787
766
852
158
1000
627
509
32
991
744
13
235
622
514
777
316
852
588
189
810
4
779
196
188
285
859
656
964
462
480
996
145
38
334
117
781
860
270
306
971
352
193
521
657
137
517
353
504
393
464
813
256
79
839
232
290
42
848
552
797
957
998
817
56
250
623
376
310
70
30
125
19
855
391
863
938
790
857
419
549
801
424
591
486
10
860
604
921
614
329
771
644
432
674
711
957
919
847
227
930
414
9
963
904
241
761
213
206
225
40
698
523
778
22
516
172
757
671
414
950
638
434
44
904
819
905
879
431
947
162
855
534
502
354
31
371
717
404
392
926
125
147
130
523
482
549
226
377
50
471
516
3
354
29
749
896
79
454
2
822
224
463
556
355
978
522
822
194
886
424
332
271
264
98
139
932
213
971
477
820
449
563
509
999
998
925
377
594
3
399
777
554
250
585
11
334
785
130
42
167
550
601
819
13
451
389
426
892
729
992
605
608
811
294
210
608
937
665
799
627
683
388
378
752
514
303
12
11
693
316
885
106
176
451
545
848
56
616
644
832
718
255
859
242
290
381
448
792
2
208
736
751
505
969
465
355
375
663
733
846
509
316
816
117
693
699
790
855
486
954
723
676
272
881
808
141
872
850
64
799
425
779
759
110
688
203
711
64
449
853
931
953
601
740
521
62
164
272
682
303
975
147
811
900
678
454
927
852
43
94
854
107
899
13
350
37
215
525
267
866
960
66
8
837
166
237
433
829
117
44
994
792
318
315
66
736
152
243
546
574
918
555
622
12
782
548
574
989
639
467
772
770
589
436
218
130
641
567
466
590
743
625
614
370
819
617
870
971
110
249
842
428
844
39
658
301
833
963
612
74
601
346
872
544
952
834
459
914
83
323
283
12
163
91
811
477
400
582
608
621
101
680
903
397
530
932
262
315
539
309
554
798
983
376
435
981
594
806
211
129
323
676
559
581
699
939
172
679
227
313
419
251
401
217
399
382
455
451
217
889
788
315
811
52
288
817
338
158
992
636
338
110
15
899
450
275
68
923
461
460
85
756
658
455
952
483
855
942
659
660
525
142
395
709
172
917
262
28
943
914
287
815
817
373
586
575
330
829
453
746
23
963
737
426
425
314
833
571
965
22
747
930
463
486
642
428
808
328
272
951
356
637
555
775
267
561
553
392
588
62
171
785
59
188
564
946
836
995
377
782
748
700
355
998
792
559
678
85
738
883
924
622
434
946
65
685
369
445
470
877
620
757
265
418
939
588
985
511
487
627
56
623
599
497
482
444
754
81
645
294
362
830
916
660
513
11
754
656
236
241
923
129
779
982
179
230
89
210
450
891
721
894
742
73
295
268
97
627
73
1
820
613
460
338
246
989
415
292
753
535
306
32
120
90
163
360
554
751
848
552
241
960
98
499
560
319
198
848
796
331
18
822
676
804
131
174
478
430
235
476
330
582
130
817
245
540
414
744
962
242
402
708
936
696
195
907
981
17
579
874
939
331
544
536
619
101
649
290
942
855
24
66
745
322
905
720
841
359
594
64
109
646
317
956
676
859
330
134
994
504
28
223
452
561
617
428
983
683
874
292
58
439
109
327
392
960
939
524
217
212
574
955
962
904
747
230
371
102
308
690
194
848
311
376
827
265
952
333
36
461
42
176
553
524
505
14
600
431
394
931
42
662
648
395
87
636
485
61
292
866
678
370
375
593
514
197
584
999
744
314
711
557
981
802
916
701
296
966
154
90
283
501
223
312
916
326
783
196
443
696
212
216
472
997
54
222
102
474
78
949
204
723
872
30
420
475
261
459
994
248
509
818
788
248
764
140
430
511
9
619
649
236
996
536
473
146
621
694
922
650
958
613
493
935
578
681
947
631
677
598
648
952
520
645
416
515
225
165
255
201
662
673
506
181
809
41
472
216
660
904
667
293
908
63
314
877
821
985
256
623
612
757
999
984
237
336
317
360
679
39
941
939
298
600
7
948
585
793
213
566
218
223
412
892
440
742
324
704
994
416
428
400
809
146
591
214
437
396
225
437
816
728
514
288
674
581
522
606
352
686
720
106
478
758
83
59
366
396
190
861
949
131
390
362
48
349
393
333
238
739
256
586
830
502
18
838
211
272
65
90
170
192
231
303
818
289
251
68
797
617
64
342
941
754
185
35
938
257
182
787
15
280
169
772
747
533
243
196
792
4
502
519
929
623
735
584
813
810
67
106
404
834
581
374
686
382
501
601
382
599
685
779
544
614
309
879
624
36
194
734
434
374
284
134
551
392
493
195
437
309
599
489
425
577
913
734
300
319
609
894
323
681
642
332
528
334
400
919
613
803
628
635
619
658
770
100
522
489
460
141
130
456
229
924
867
426
658
220
361
74
162
877
528
174
11
697
342
448
280
557
102
991
308
50
491
71
169
708
630
212
863
448
463
125
987
300
562
591
959
393
583
367
193
432
328
329
763
412
554
228
905
116
373
333
220
947
127
362
72
166
956
494
413
165
0
929
15
108
173
326
435
833
141
385
584
567
561
701
614
303
663
95
607
308
940
138
95
49
536
159
654
546
413
576
304
632
177
685
575
547
869
258
665
674
142
259
596
474
683
953
501
956
836
736
571
501
414
819
676
107
392
96
262
368
948
275
8
944
154
888
38
151
907
585
292
278
356
857
605
208
395
849
369
711
433
778
95
452
175
358
189
891
94
10
301
278
68
775
683
218
966
299
629
640
581
815
123
827
753
987
575
744
15
464
914
731
749
57
122
841
431
583
77
194
916
948
821
49
585
305
29
599
633
94
481
120
13
89
769
992
701
194
905
444
106
713
310
666
475
615
182
942
954
158
61
99
587
422
249
639
868
731
965
514
846
181
311
358
96
596
530
735
30
438
522
65
320
613
220
194
504
700
446
743
547
321
79
447
772
629
866
864
587
958
154
152
431
413
218
773
813
890
246
40
975
678
56
282
345
757
48
15
922
563
673
95
845
151
81
99
800
27
63
728
448
264
746
990
204
644
150
644
917
571
978
650
224
342
196
161
960
311
950
115
478
866
529
504
986
830
499
944
933
491
880
624
512
972
636
994
854
138
699
437
253
874
265
859
875
275
270
159
451
547
89
240
859
5
269
866
994
111
249
153
626
361
409
72
610
33
995
952
58
898
43
10
438
606
663
189
213
322
990
122
194
310
321
423
413
325
259
732
604
64
257
660
738
985
449
247
608
452
418
878
368
132
4
608
650
357
941
248
463
267
385
553
338
548
307
454
685
901
513
43
439
652
669
683
853
587
588
244
727
330
573
870
794
257
520
133
897
141
413
869
246
370
397
875
121
785
659
412
152
751
626
928
627
88
641
937
425
193
323
548
697
876
284
723
543
159
377
880
218
491
79
909
173
93
80
901
553
855
473
400
958
365
104
108
857
16
76
952
636
973
1
35
335
606
182
51
694
668
743
795
955
42
218
42
466
110
339
304
736
958
387
13
440
443
513
229
648
594
364
486
333
98
352
709
233
878
383
756
580
348
898
481
9
798
60
908
68
563
194
946
805
401
462
664
604
623
586
853
552
612
106
117
28
419
951
18
72
887
952
231
142
973
240
668
849
543
377
961
858
801
45
74
930
270
565
258
385
546
647
404
155
642
450
916
169
785
19
278
570
933
497
896
313
991
280
5
237
695
160
414
110
380
672
595
374
283
780
254
916
793
395
492
402
418
229
973
658
458
365
720
739
626
846
453
424
588
645
269
976
981
616
506
300
800
438
803
434
206
410
340
730
889
912
588
6
927
819
934
538
968
441
438
159
413
305
898
210
687
605
418
955
966
759
495
832
559
87
385
705
436
300
756
556
830
865
82
980
313
814
674
576
990
282
976
709
848
198
450
394
623
15
539
836
57
26
665
41
99
746
684
345
680
983
27
319
349
299
756
426
772
553
885
677
466
837
738
90
793
591
150
839
465
114
107
373
765
133
850
931
69
650
695
343
219
531
176
612
855
905
574
692
70
861
485
939
281
369
48
781
477
505
530
601
757
250
256
827
907
540
585
963
589
625
807
189
705
972
512
161
493
693
836
7
343
307
478
395
526
55
359
82
443
503
410
402
719
625
508
812
141
192
16
736
455
668
797
734
832
609
366
215
353
584
23
580
302
475
829
270
498
924
40
330
333
99
899
163
570
348
569
450
967
780
253
575
732
99
629
329
664
701
92
365
994
83
539
975
231
899
321
194
968
848
117
956
103
88
596
735
946
114
7
954
985
948
959
677
157
616
863
422
104
778
805
926
915
340
647
53
518
392
232
726
909
615
213
157
75
213
126
366
744
0
784
838
104
410
552
229
680
31
241
493
101
594
168
143
621
91
531
449
127
248
125
149
506
64
664
696
881
497
933
36
541
930
306
646
342
308
478
820
719
539
635
587
237
176
606
668
291
980
765
152
596
245
854
358
412
477
668
634
257
444
950
859
384
207
314
755
288
791
467
703
163
446
99
310
136
505
564
872
311
971
313
657
830
642
497
233
490
187
78
124
515
41
606
143
265
518
263
572
369
21
9
595
845
175
286
39
60
309
248
265
806
939
62
550
44
241
954
58
806
442
403
562
68
758
145
130
910
396
203
69
118
381
883
612
804
999
295
510
47
594
416
290
103
342
759
188
295
531
882
314
371
334
276
697
377
606
840
992
986
490
106
48
114
998
621
331
79
569
89
224
37
317
847
850
211
22
597
22
476
279
959
615
461
810
783
579
534
18
714
94
898
830
334
813
302
746
783
467
859
919
286
985
482
183
815
246
402
196
635
535
320
468
887
570
764
458
73
27
943
237
553
945
993
560
432
24
466
247
481
195
597
194
422
422
735
176
881
245
362
934
584
509
400
830
392
184
174
984
542
956
107
191
697
506
824
673
279
115
968
874
317
621
424
128
896
465
456
229
895
747
511
418
813
288
128
106
488
134
589
941
651
308
581
350
238
676
152
807
467
81
475
946
922
517
472
361
556
341
882
290
199
112
478
212
79
784
960
261
415
554
846
262
45
595
813
875
563
14
738
452
450
481
556
62
472
851
20
121
112
577
616
53
218
635
98
732
61
939
249
265
497
716
725
263
293
625
33
728
813
283
490
210
71
905
293
573
377
992
880
13
664
263
308
165
811
9
680
297
34
257
398
575
553
615
743
578
557
769
840
299
152
639
585
66
361
39
668
305
864
770
8
289
496
52
977
817
448
390
204
288
251
812
643
128
420
917
623
14
448
697
406
784
769
704
873
852
208
74
706
305
651
418
629
254
754
633
949
677
565
863
924
257
32
235
328
611
965
421
31
967
176
644
744
64
137
28
208
779
689
293
537
898
9
628
378
391
769
519
185
371
883
651
763
77
886
929
370
719
335
182
368
942
399
877
438
300
493
36
591
442
739
275
130
153
441
493
895
764
733
260
163
330
677
702
593
266
234
124
524
633
176
127
978
829
901
226
181
134
622
671
289
282
478
903
765
832
262
304
756
819
757
705
993
408
716
630
283
455
365
352
387
752
951
379
676
896
858
88
237
692
273
483
246
594
890
354
88
762
550
281
750
116
608
59
888
1000
525
717
646
392
486
968
864
748
348
993
748
996
834
420
975
109
545
484
407
577
875
105
56
935
137
311
397
332
180
504
576
720
713
437
699
940
194
835
492
248
876
216
895
361
844
213
807
742
232
614
129
755
256
729
996
143
412
213
635
521
287
842
951
192
853
201
935
74
742
172
591
424
270
702
345
604
235
759
781
220
479
483
507
823
452
299
277
402
519
265
398
587
131
646
685
261
805
80
314
888
242
971
377
660
820
296
741
453
805
176
989
128
656
630
105
535
802
983
375
206
360
618
829
551
43
51
818
45
981
81
212
117
791
44
848
562
572
779
933
219
473
883
155
63
894
791
432
286
829
983
131
327
126
413
278
77
803
493
967
620
552
404
269
819
279
248
368
274
125
594
34
125
553
330
787
369
404
630
201
118
652
64
171
227
297
928
37
416
784
234
585
803
182
652
68
694
585
994
614
896
309
380
44
507
14
61
21
607
362
954
599
393
576
290
221
907
109
635
399
196
282
306
702
958
354
886
132
824
441
996
895
274
504
446
491
23
744
392
308
879
762
552
547
381
33
289
376
851
823
940
68
161
250
569
184
868
42
837
988
139
974
795
297
267
377
28
580
504
755
464
936
713
824
92
115
674
843
987
779
497
453
178
752
702
294
446
6
860
774
901
307
421
965
967
280
950
827
562
724
102
453
452
293
440
853
965
641
771
277
608
673
824
839
617
833
525
881
867
449
480
569
932
561
360
115
386
877
675
301
409
807
878
162
95
84
347
380
225
399
759
938
205
142
29
306
189
961
250
663
645
162
18
474
189
98
233
252
755
956
749
274
73
920
476
599
962
848
732
963
864
141
633
611
601
110
321
944
22
669
816
418
572
106
251
82
863
539
693
594
809
229
488
240
517
891
190
869
123
494
374
708
268
557
444
741
710
545
862
389
650
18
71
846
530
81
492
752
599
911
512
542
584
246
960
719
161
693
630
997
8
977
536
481
289
546
682
896
217
313
89
40
324
486
979
770
966
724
481
857
186
511
310
361
207
129
709
987
301
834
582
871
819
352
493
907
444
6
626
563
370
324
190
585
440
549
351
934
94
512
233
536
872
47
351
234
311
108
768
872
427
494
415
562
313
520
739
899
709
249
261
357
245
329
303
463
850
359
853
472
491
763
514
476
566
964
15
472
886
455
175
697
756
65
881
269
820
951
304
654
933
324
99
815
215
448
843
144
72
544
55
647
968
103
302
123
115
913
533
569
426
75
459
73
374
672
578
846
962
219
915
133
955
750
86
593
426
578
708
381
295
463
382
639
695
792
857
684
294
16
513
144
254
185
890
635
566
854
489
63
663
476
303
51
752
988
495
540
114
518
544
951
898
893
104
548
879
134
653
915
810
811
415
946
257
104
485
36
811
414
707
292
409
710
951
677
230
706
238
95
549
844
214
124
460
607
140
337
286
273
914
595
563
626
342
167
354
462
218
959
255
98
442
352
986
484
822
37
759
44
344
886
831
503
859
991
694
58
993
624
455
723
344
735
328
411
249
868
293
256
868
103
712
597
284
453
741
201
893
183
370
350
958
929
828
279
834
865
40
966
72
680
281
304
926
424
399
646
205
758
857
59
164
460
716
68
673
665
323
633
92
451
500
441
72
897
499
269
510
146
75
194
377
433
693
678
329
984
413
488
394
206
391
490
322
512
944
409
427
244
678
331
892
672
309
343
62
852
577
671
475
933
837
612
17
203
653
81
767
285
731
829
644
235
805
61
566
31
264
192
480
837
579
479
713
231
361
21
680
248
619
257
63
404
291
27
752
965
688
854
668
223
910
239
367
995
776
600
871
77
215
198
617
480
306
572
993
269
413
180
795
459
748
170
887
499
73
722
920
816
418
173
945
187
380
763
359
288
341
506
425
466
527
208
266
131
760
945
914
215
360
731
594
720
854
597
508
913
484
918
508
778
968
794
49
117
296
175
526
575
305
281
698
38
865
682
707
343
345
33
612
258
88
258
971
715
656
828
241
629
20
103
352
525
286
307
861
713
745
935
156
235
36
270
108
923
558
547
597
384
297
585
29
608
884
618
343
724
437
728
143
657
374
387
670
860
627
881
532
698
211
230
122
244
203
860
356
738
867
942
179
382
618
452
531
764
964
338
304
477
250
531
286
759
904
934
525
974
803
50
229
345
381
198
208
764
300
334
354
661
247
475
873
121
933
324
290
983
213
158
560
302
504
781
958
255
370
794
364
507
662
395
336
158
868
443
44
609
327
26
30
887
823
696
150
779
843
465
165
808
712
286
404
976
112
596
195
955
523
284
748
963
146
865
719
459
953
776
851
723
908
105
530
371
648
893
395
447
835
716
294
543
470
667
38
869
819
196
516
223
720
132
616
970
701
719
519
796
376
217
16
438
903
580
274
827
441
292
840
82
371
283
295
513
166
392
986
805
928
910
717
652
309
331
494
606
864
318
834
272
281
522
254
271
532
563
373
49
386
332
831
91
272
685
272
597
937
87
677
467
779
104
279
915
775
24
551
810
473
130
506
10
743
122
658
602
520
477
742
533
327
183
97
476
393
277
72
431
794
788
393
193
11
257
493
916
326
884
808
441
664
403
921
160
764
187
962
993
950
849
250
855
780
695
480
687
886
521
558
880
735
0
268
242
621
945
338
110
311
463
193
750
871
15
149
363
547
828
489
133
936
779
515
348
452
716
672
772
997
451
808
419
163
706
76
1000
578
56
67
182
271
115
428
374
92
156
14
342
224
361
940
103
364
207
900
843
721
511
9
966
475
413
648
962
411
352
445
505
742
584
891
899
945
73
671
878
360
386
611
783
63
843
130
639
211
915
250
984
156
343
414
890
164
648
652
500
742
68
380
188
945
93
820
253
471
101
400
680
63
572
990
192
58
266
727
130
285
782
424
909
997
418
453
293
677
915
875
785
86
719
737
401
642
990
28
59
923
111
742
388
833
421
212
302
870
365
306
888
367
473
764
780
410
413
809
376
719
606
385
326
835
110
282
619
59
519
760
829
830
16
933
734
653
215
87
929
89
285
27
553
123
551
90
313
498
213
10
933
764
421
469
921
43
784
571
239
719
500
212
683
391
673
327
370
18
340
909
850
975
170
167
749
729
885
711
979
555
643
705
414
114
697
424
654
172
490
864
519
975
120
63
974
204
405
864
74
776
285
713
662
979
110
381
693
449
922
736
745
279
265
449
721
638
16
30
840
404
654
211
902
474
349
270
812
66
12
657
546
545
585
22
457
222
928
439
257
52
210
173
393
562
114
854
83
704
395
815
608
324
440
838
220
904
50
742
860
498
972
874
608
507
878
106
140
20
125
225
972
