225
794
212
275
784
444
694
410
312
560
585
962
901
425
895
397
580
416
459
745
174
326
300
407
550
670
252
109
146
97
505
646
341
656
808
723
491
227
87
841
384
732
201
752
210
997
772
667
305
627
533
64
290
401
329
200
618
627
129
261
349
60
916
582
325
785
781
593
210
585
375
331
263
78
125
111
526
674
16
461
676
70
604
566
802
459
955
92
692
520
759
538
616
458
635
312
403
690
110
927
678
901
529
881
936
146
169
326
175
397
317
746
96
780
761
966
545
649
179
614
39
313
692
472
533
98
276
495
833
190
993
316
92
559
904
138
422
56
623
704
680
781
686
347
474
624
309
204
550
797
709
8
434
549
697
146
560
202
306
126
495
945
373
113
581
357
967
886
778
33
527
577
228
915
42
219
339
315
832
42
44
730
774
854
743
605
819
878
615
724
305
176
511
715
942
694
941
359
303
819
887
877
136
34
206
621
628
764
198
402
127
735
655
689
311
704
600
231
319
59
548
828
232
685
95
839
873
720
898
38
345
497
194
489
250
720
929
668
120
510
443
743
746
86
207
648
45
181
734
956
739
317
877
883
164
404
230
490
87
346
372
608
436
931
918
83
354
32
112
27
728
376
706
832
980
133
457
321
613
360
643
939
570
297
47
464
760
949
257
155
989
547
955
487
504
990
363
713
478
397
937
880
357
938
712
941
872
993
824
832
764
436
917
654
52
465
439
887
854
855
755
954
993
789
900
299
857
198
877
796
866
996
243
875
975
424
221
976
682
744
927
307
363
527
915
411
703
513
627
139
866
780
928
49
999
560
921
143
387
739
361
800
982
561
811
137
454
455
556
152
681
551
49
549
125
878
825
625
255
423
585
949
65
307
483
709
650
638
401
322
161
711
23
292
831
586
342
997
990
42
603
791
890
540
405
98
146
652
134
19
661
463
488
983
366
406
690
305
810
294
124
817
568
548
365
684
636
588
477
459
952
116
16
520
808
921
141
436
901
874
363
423
414
396
436
646
799
438
649
254
620
882
862
137
639
661
456
956
838
367
518
533
27
1000
810
73
420
865
864
44
713
17
861
239
962
537
465
756
240
421
493
75
436
451
260
946
256
58
924
196
682
223
966
169
552
138
765
288
723
363
51
554
22
421
538
973
26
958
274
660
215
763
652
395
365
402
425
636
682
669
434
331
575
739
513
523
709
166
228
783
193
429
643
596
914
809
76
440
285
755
760
855
833
790
652
411
257
96
129
75
26
280
215
66
258
786
730
753
61
841
579
335
59
303
773
273
790
356
250
562
425
46
750
570
845
221
256
897
713
450
74
73
784
661
321
535
367
260
173
164
22
311
554
978
27
575
978
101
966
101
869
98
147
240
472
775
857
901
853
464
813
401
162
646
823
382
314
123
608
551
801
65
651
647
131
905
554
531
726
126
870
206
302
381
841
500
352
586
850
328
331
830
388
645
956
546
601
729
847
849
904
598
239
968
855
306
910
353
577
277
945
542
251
284
692
585
965
279
273
648
658
188
676
19
749
430
688
466
218
111
872
304
397
101
840
593
657
140
463
403
311
676
700
14
298
73
802
985
137
524
259
21
494
25
905
163
219
500
50
573
628
595
903
920
242
312
87
867
195
654
254
971
659
614
780
473
989
437
899
904
518
997
263
500
950
776
335
230
341
885
402
976
158
636
226
702
340
447
668
189
988
8
248
811
66
530
849
733
741
690
814
31
14
954
962
823
940
826
847
764
403
371
504
251
256
347
220
761
339
803
931
901
665
755
975
521
194
826
559
875
293
741
942
633
488
676
642
462
814
893
618
147
705
566
105
718
747
967
30
516
104
171
949
77
711
836
262
270
453
250
963
919
499
686
712
76
338
466
844
834
716
142
657
336
31
37
564
101
776
180
161
757
251
367
406
738
517
849
767
67
1000
254
782
95
120
746
645
39
655
179
245
295
227
133
3
657
647
909
228
133
398
7
622
844
668
756
975
374
531
45
914
761
207
365
933
104
505
60
32
41
71
162
454
469
986
284
999
481
565
589
847
483
783
183
986
451
934
197
729
683
109
335
486
302
730
345
260
587
114
632
993
969
170
54
274
393
271
462
543
812
546
981
364
30
215
35
652
618
168
577
673
303
988
486
773
689
434
32
810
924
792
648
678
750
814
248
912
840
747
661
105
432
832
540
864
124
831
78
791
226
444
327
7
876
959
453
624
551
938
971
495
699
229
951
805
421
80
161
298
256
189
1
450
762
679
215
415
586
143
689
930
200
112
115
600
718
518
580
985
299
869
780
487
175
28
978
654
592
61
30
501
359
694
789
377
527
558
509
495
178
783
427
101
834
474
421
249
620
688
338
36
243
72
576
562
882
846
618
803
240
801
787
785
276
531
717
778
558
690
680
976
872
492
243
902
523
374
484
419
105
929
648
588
470
144
765
752
759
249
149
394
655
883
714
342
872
824
608
313
998
41
11
724
372
662
479
752
448
610
38
34
849
285
24
950
438
423
770
696
484
919
713
337
696
847
318
566
217
541
202
474
89
592
809
476
63
735
603
376
419
725
900
688
54
921
640
258
445
733
778
760
942
386
898
638
331
508
135
719
324
299
898
46
918
272
401
430
65
595
532
265
822
12
846
371
337
373
852
954
95
909
997
974
222
828
153
599
629
900
513
581
208
564
951
385
405
292
405
716
971
180
44
269
351
775
739
67
51
34
878
772
366
268
451
300
625
739
851
555
441
802
500
279
294
916
805
608
785
79
194
392
781
606
308
740
336
534
138
633
755
939
855
275
276
611
129
366
181
792
488
673
514
741
758
664
747
49
293
931
659
806
167
657
767
38
942
390
416
559
217
117
215
973
312
64
478
221
838
527
604
711
744
415
908
729
646
514
464
304
639
600
937
392
8
695
612
822
160
436
537
601
846
768
405
134
905
36
407
922
877
744
76
662
899
545
253
786
75
279
757
607
722
692
634
774
162
96
262
884
835
921
546
422
713
498
768
540
735
650
659
225
834
966
251
866
943
122
22
152
247
337
675
996
811
317
341
835
94
381
80
532
18
451
806
269
0
416
692
419
768
195
80
656
318
547
992
187
199
36
791
815
854
999
472
420
96
619
485
739
560
733
161
660
628
669
574
136
442
32
299
911
625
730
417
752
229
36
364
606
443
947
973
774
141
503
610
414
364
98
599
602
71
800
546
598
501
44
422
496
531
54
920
209
582
876
459
0
693
647
908
217
573
602
27
244
113
22
286
364
115
292
261
817
693
629
744
205
598
80
227
839
782
117
560
153
39
816
630
170
919
526
841
231
613
790
784
191
798
661
111
562
447
504
682
258
454
465
737
779
536
579
504
604
734
527
493
964
585
36
133
243
78
750
645
237
302
594
173
591
980
450
697
152
640
131
115
548
465
217
714
465
118
436
73
773
948
312
404
707
665
582
542
480
428
327
215
675
449
926
909
902
525
828
861
865
101
872
188
792
596
992
806
997
478
49
596
281
273
108
716
832
913
535
268
832
451
196
183
98
571
731
601
800
737
955
363
602
897
984
834
578
473
561
615
749
465
179
309
76
317
542
54
374
86
68
296
788
182
227
122
706
52
254
904
237
527
657
702
588
741
496
89
768
12
892
215
480
786
84
817
588
711
376
992
541
334
861
452
791
152
957
342
282
193
835
47
386
774
899
48
955
746
531
568
917
151
355
888
530
807
121
32
257
107
100
99
595
990
684
136
827
442
382
94
256
686
313
161
429
641
634
315
892
674
245
986
647
322
782
855
886
548
413
710
478
712
74
890
975
985
607
115
569
893
637
103
907
349
625
887
31
582
219
352
26
415
357
368
475
38
667
340
382
155
177
706
924
695
649
555
438
696
734
204
968
631
580
297
627
186
475
502
76
72
676
14
307
781
621
846
255
777
173
982
973
958
663
923
10
307
577
285
123
102
262
319
719
279
208
814
189
590
925
593
988
80
486
831
61
236
146
122
264
833
925
149
250
414
422
631
111
295
276
746
812
892
628
480
209
10
978
998
218
816
540
849
144
127
799
540
731
372
284
6
320
994
947
689
132
370
565
942
874
691
96
11
873
88
154
19
897
22
747
662
247
832
717
536
199
760
430
85
138
701
478
882
193
601
459
387
444
594
770
537
430
21
113
423
51
898
405
106
924
5
97
95
597
204
146
493
496
277
391
411
693
859
206
968
404
488
84
235
861
242
10
942
657
896
273
472
211
181
37
14
918
466
752
260
297
154
88
192
183
273
357
406
973
404
38
62
10
778
436
965
437
864
296
519
651
620
984
177
594
930
476
592
314
141
360
859
430
557
566
887
97
359
468
634
353
284
314
800
497
615
733
245
77
399
465
940
785
850
318
707
761
783
505
261
969
319
300
797
722
208
229
933
353
642
998
395
645
574
673
921
624
166
184
220
803
971
917
246
649
938
283
229
715
41
146
549
281
312
555
452
751
767
966
791
548
46
417
727
979
796
580
737
898
888
137
709
12
563
821
53
580
585
343
385
776
395
781
821
602
455
98
147
474
74
491
496
759
991
391
343
396
71
801
138
45
730
135
63
486
82
441
79
665
720
101
963
646
924
558
752
294
575
572
409
228
834
351
924
812
443
520
431
995
438
665
381
332
927
916
252
323
559
808
90
734
295
354
281
877
890
722
122
471
52
16
501
935
669
594
255
547
603
535
381
44
593
269
501
449
741
619
304
797
946
48
954
102
550
833
600
663
157
283
814
724
292
199
364
161
593
627
44
18
223
898
58
401
887
805
435
628
983
580
867
768
846
54
906
568
12
933
593
52
35
553
755
395
986
24
941
323
541
624
684
767
341
733
5
567
531
496
162
317
428
65
382
473
994
550
228
939
439
774
730
204
432
200
243
306
787
593
851
217
308
326
608
605
754
833
292
626
921
397
767
245
672
744
177
738
777
290
42
773
667
349
360
925
703
397
884
293
699
199
448
755
874
772
889
566
753
451
875
309
581
594
907
825
65
274
842
559
238
125
838
843
499
112
839
604
66
880
918
673
952
541
31
696
343
89
904
697
445
977
710
933
688
208
79
12
247
186
174
993
545
408
148
671
289
184
723
12
660
949
99
983
800
777
370
448
480
652
874
259
963
259
224
720
339
717
888
983
616
206
387
264
53
320
613
526
681
879
781
770
12
466
81
297
49
200
176
265
433
187
856
262
665
817
787
483
761
105
240
656
591
993
219
925
241
872
975
689
73
445
248
407
42
329
829
383
264
97
896
519
277
456
482
464
728
360
711
410
564
712
153
436
882
662
827
163
244
843
18
657
627
529
42
37
325
264
878
547
767
358
920
960
208
786
753
634
87
268
573
807
286
118
217
2
954
204
833
291
587
575
166
413
788
977
343
892
90
29
134
48
169
867
372
452
79
535
981
759
701
851
98
92
585
262
859
460
297
71
71
465
185
975
885
213
554
827
479
314
958
683
550
159
102
906
323
711
400
157
49
307
550
349
13
802
43
115
82
984
955
173
109
486
142
247
5
534
890
522
44
558
202
375
709
898
490
956
782
96
805
608
949
27
639
670
251
848
631
950
523
701
931
28
194
743
418
896
675
598
309
699
311
935
493
763
240
501
744
897
759
820
376
940
771
617
258
181
687
261
709
598
599
222
578
146
307
268
895
251
138
109
882
190
287
661
884
858
878
483
569
70
942
938
530
233
655
317
193
917
196
655
295
458
829
169
479
701
637
942
581
681
956
51
167
967
658
807
354
178
929
575
954
221
757
687
869
668
105
56
783
311
804
818
62
226
839
913
974
533
49
27
404
112
316
95
222
724
845
85
5
333
70
991
381
551
570
91
645
659
204
42
122
261
63
594
72
634
297
775
483
150
677
636
950
509
456
451
448
293
742
531
861
969
22
219
625
668
484
614
508
981
343
697
330
595
679
265
515
239
772
620
391
51
328
525
659
662
450
548
945
969
653
821
334
27
611
972
5
635
280
775
493
442
809
722
549
69
616
643
292
898
345
530
639
75
284
34
163
662
477
565
895
972
415
749
230
279
501
701
813
657
208
267
292
414
671
33
473
580
521
237
375
31
999
333
185
583
768
151
218
161
555
160
976
930
749
224
7
796
930
346
416
396
993
105
990
567
368
298
23
12
247
883
448
94
758
78
751
540
739
711
499
849
747
4
622
929
902
797
517
681
506
121
414
447
828
948
323
871
647
663
414
653
381
792
791
104
753
352
606
639
361
666
69
974
13
517
349
454
538
77
528
600
617
932
957
71
587
566
421
857
92
289
406
454
455
291
133
644
688
962
516
238
744
610
860
350
96
805
374
456
320
848
673
315
282
955
217
725
877
585
598
356
662
553
993
566
470
561
804
592
371
665
801
99
467
461
774
91
105
780
995
283
588
474
767
562
835
383
600
0
513
8
498
29
354
845
982
67
635
686
313
393
922
294
3
707
580
306
521
875
726
575
736
482
891
970
753
225
708
97
854
483
254
952
217
39
538
301
412
234
364
339
828
523
824
101
491
212
342
559
788
409
214
802
206
528
40
932
493
169
911
519
691
156
858
650
505
908
156
277
874
215
547
308
111
24
876
619
383
170
216
8
122
704
464
822
715
564
734
602
710
83
556
22
378
672
493
715
709
189
462
138
981
146
11
24
641
502
711
858
825
593
611
824
731
126
884
743
651
665
933
808
577
487
802
258
939
878
334
873
625
740
341
736
368
570
323
239
756
121
70
313
985
163
933
290
941
547
513
685
897
363
806
284
127
931
174
96
685
551
494
702
910
711
460
664
167
218
990
880
921
557
266
760
789
755
266
544
531
400
231
456
889
68
464
354
51
532
39
418
951
136
28
895
406
84
648
267
325
230
990
458
313
103
188
921
980
647
433
96
879
685
230
405
290
174
225
719
428
441
337
57
565
540
259
52
817
874
985
107
546
202
244
334
710
823
563
535
265
312
932
845
543
697
538
100
319
216
408
194
523
635
848
655
173
537
921
832
30
659
183
757
294
398
412
779
540
79
486
85
434
421
261
266
948
296
552
121
480
187
480
712
461
125
923
273
914
898
218
65
60
317
62
803
55
749
90
650
155
799
97
10
240
779
599
487
961
907
449
265
770
483
171
581
760
17
21
520
213
788
94
904
312
553
217
517
134
644
616
446
31
471
644
553
784
181
593
479
51
457
307
341
209
431
157
700
385
186
174
481
521
309
904
408
110
841
616
716
798
877
738
990
566
884
208
647
863
32
628
862
137
497
982
640
638
82
320
872
899
68
254
463
45
492
1
490
434
483
326
697
131
433
468
276
15
859
184
499
93
727
766
573
467
347
962
201
858
96
10
753
784
135
970
47
281
298
686
645
860
817
465
975
714
970
500
884
824
311
600
272
853
323
276
728
266
625
783
283
222
388
260
583
442
217
872
36
748
357
992
545
680
272
515
343
675
335
259
245
824
191
790
670
800
18
427
758
97
512
81
681
375
478
364
779
874
912
818
711
986
757
628
179
779
48
533
546
374
47
588
964
503
746
401
613
358
265
166
743
438
489
601
148
452
878
29
73
262
115
302
631
295
252
780
184
231
906
153
606
519
818
856
966
212
787
714
239
969
121
914
608
688
130
393
448
140
501
968
113
446
289
862
839
529
1
99
310
233
907
111
763
250
760
316
289
485
422
53
967
365
106
292
399
374
248
615
295
622
927
564
861
125
458
873
594
31
621
450
893
903
204
718
268
55
449
18
620
512
592
376
956
35
201
401
803
675
13
730
213
367
194
677
928
451
679
80
168
702
659
898
440
484
193
122
856
649
861
895
491
343
3
687
323
492
257
278
90
900
367
309
678
398
10
636
37
169
103
275
315
931
66
719
784
876
624
314
8
302
431
142
819
951
926
826
462
801
587
434
180
802
341
24
647
700
749
713
28
210
386
616
66
663
518
659
134
634
546
121
689
40
999
637
365
961
459
741
246
520
435
850
841
472
738
861
354
76
241
916
121
897
540
571
877
336
826
671
78
701
779
947
609
649
863
725
275
389
736
952
300
966
711
716
951
976
924
374
990
88
459
930
118
940
818
714
6
675
999
179
58
680
971
296
227
732
458
489
808
644
453
81
462
537
785
898
510
446
91
755
15
586
95
441
468
443
360
189
935
692
974
286
893
559
596
723
219
117
682
425
71
790
605
802
850
596
900
527
423
468
940
240
115
176
250
79
736
430
281
249
886
159
624
94
514
988
900
674
805
192
94
29
84
542
485
679
798
58
289
413
654
15
789
169
984
224
213
148
599
48
789
720
304
872
748
384
708
0
956
381
888
95
456
742
449
12
216
796
388
863
587
837
807
187
200
191
796
648
681
485
585
632
920
999
911
645
550
937
903
290
605
441
917
995
456
205
620
964
954
869
714
704
94
21
869
4
827
589
213
655
542
74
868
376
949
591
908
585
222
946
377
205
783
28
27
340
183
804
224
285
151
188
823
831
571
925
675
141
621
955
641
412
147
900
470
131
774
573
981
289
830
607
525
219
459
153
898
343
662
594
946
53
92
885
775
987
446
448
443
400
97
190
498
174
721
625
795
403
799
864
297
910
634
55
118
725
430
404
421
238
904
373
111
204
94
662
903
201
814
230
237
237
276
833
421
419
209
912
829
350
518
218
301
620
90
636
311
242
262
470
977
812
261
142
693
858
301
329
969
527
227
584
505
764
64
725
794
447
227
102
471
527
461
231
656
86
322
429
313
740
351
615
218
77
81
109
719
996
892
2
272
776
378
562
68
747
345
552
10
47
55
8
202
138
457
74
506
529
384
926
33
254
654
209
754
604
109
427
657
787
344
905
861
311
418
420
76
81
357
839
422
299
171
178
415
252
897
756
273
192
260
150
443
800
898
666
467
981
288
246
762
257
699
362
471
990
430
625
848
313
374
681
917
776
717
308
557
652
470
388
331
74
602
8
889
989
903
31
460
557
490
396
733
885
89
479
911
220
164
581
286
914
970
547
73
867
296
625
984
716
961
394
333
202
787
671
96
352
524
663
581
704
254
177
321
479
626
261
145
908
301
433
678
474
543
947
11
454
384
768
168
742
392
300
146
150
798
518
645
812
914
756
692
611
51
362
452
563
303
20
948
242
450
795
158
983
529
497
70
975
446
377
696
420
880
207
388
724
874
605
756
681
318
346
342
166
549
930
373
257
357
647
306
967
420
958
239
607
662
917
68
827
84
771
3
94
103
56
422
281
125
989
236
456
487
41
152
339
814
536
976
602
117
867
695
789
684
950
818
378
767
969
840
22
363
473
908
501
510
625
359
939
861
668
537
232
734
556
430
859
110
369
0
556
210
511
598
968
117
5
372
248
174
788
697
7
746
9
603
30
643
532
56
363
846
584
962
287
730
442
969
210
898
497
568
677
562
985
983
316
585
37
25
294
309
80
702
308
158
584
873
463
342
972
61
717
250
679
925
291
387
563
98
434
36
256
916
234
133
799
298
875
824
223
17
41
627
658
666
210
926
869
405
236
215
238
256
451
644
572
488
304
444
883
106
797
584
926
392
832
240
242
5
973
31
683
437
349
887
376
614
24
572
747
212
176
702
941
417
35
587
354
33
305
203
208
25
384
264
988
729
256
707
769
50
226
338
214
753
259
935
725
852
815
551
569
214
30
67
787
391
439
41
854
586
135
267
919
901
304
260
400
241
214
183
609
858
9
538
614
812
206
391
503
899
939
981
632
181
674
345
328
979
708
637
308
818
823
800
231
258
628
893
324
889
745
618
100
867
721
622
623
784
544
172
84
760
35
914
965
733
633
135
953
726
118
196
695
718
251
735
471
845
38
943
131
483
867
523
154
999
44
984
719
277
751
288
948
980
244
332
277
135
827
864
357
929
972
210
727
658
761
364
4
948
921
123
662
742
665
445
50
656
425
475
789
689
432
784
672
529
251
677
278
502
831
462
346
99
119
631
262
388
281
750
833
539
736
284
434
176
202
495
379
255
328
616
990
591
645
471
885
917
238
264
619
593
875
483
825
292
171
810
959
774
934
250
265
874
651
262
231
0
876
875
567
696
244
858
622
408
567
786
582
401
677
398
893
223
843
720
744
778
497
30
88
794
960
319
189
685
439
300
517
219
265
762
884
91
480
316
786
411
508
934
331
193
321
256
164
911
481
59
423
783
16
509
720
279
523
177
859
453
840
304
959
10
341
222
905
364
40
304
196
519
221
152
278
516
689
4
500
702
723
420
492
336
410
390
71
706
916
610
99
408
881
113
431
140
465
825
107
597
750
66
365
497
798
774
670
339
53
682
113
78
622
552
213
688
114
15
95
660
79
701
50
732
612
289
812
751
920
967
747
676
453
511
952
227
37
164
327
114
506
788
219
375
423
502
366
304
856
393
216
319
883
628
218
412
370
270
652
837
848
816
181
970
20
11
351
974
339
988
914
307
364
754
239
246
963
350
890
928
912
463
65
767
48
71
684
861
251
950
713
36
576
896
347
66
78
808
166
111
287
0
929
600
238
676
802
785
263
5
506
521
523
830
952
406
962
542
368
294
376
892
491
838
559
500
811
301
278
134
471
867
591
466
712
422
286
582
478
403
740
411
777
55
14
295
449
817
451
110
499
885
885
854
161
110
169
486
655
755
822
625
546
111
879
472
442
951
633
962
573
631
932
339
629
988
938
326
545
898
680
621
942
550
206
996
632
306
908
10
596
788
671
581
614
302
642
940
608
373
748
174
602
907
827
329
303
255
398
851
964
192
732
273
867
956
530
203
286
789
192
527
660
180
280
762
634
805
820
23
802
833
801
571
283
721
11
279
140
809
994
198
898
94
875
770
23
514
330
233
181
506
305
584
506
257
921
597
773
569
214
506
455
483
781
640
281
8
255
858
795
79
140
631
220
111
707
645
261
119
842
568
850
49
712
497
309
89
623
180
136
397
282
200
839
961
696
799
522
757
190
29
286
985
482
74
276
397
543
994
272
416
321
622
556
864
532
882
143
701
174
64
305
265
870
955
798
178
579
191
83
597
632
324
945
449
217
446
408
691
292
947
55
792
312
680
246
239
484
446
124
392
652
943
331
732
8
181
282
2
958
835
777
12
788
835
942
884
298
271
110
372
315
461
244
855
118
547
600
379
999
669
475
681
418
967
470
943
594
119
284
45
175
204
886
395
991
218
550
180
970
534
875
412
302
529
988
488
594
106
239
70
840
325
257
98
331
217
924
219
171
778
433
934
68
708
901
457
492
900
618
242
232
415
403
422
660
442
597
796
824
762
258
480
484
549
104
393
271
446
892
465
948
995
664
510
497
419
519
290
201
398
568
193
374
498
337
864
655
582
429
890
444
51
958
889
271
715
758
855
199
598
723
967
43
905
19
895
875
609
380
630
887
0
191
901
178
295
54
845
473
839
415
102
113
447
845
429
931
553
1000
195
513
753
295
857
918
207
849
159
843
948
124
534
768
823
324
776
509
781
878
793
163
193
590
513
514
349
163
143
375
299
514
937
690
985
903
915
2
902
608
656
860
568
69
233
659
544
908
388
193
330
598
309
222
925
92
477
87
90
570
656
116
548
763
284
231
766
572
507
329
18
855
685
877
267
4
750
826
879
984
112
347
251
479
50
745
346
107
303
562
935
987
443
113
660
577
989
134
973
273
377
585
418
928
827
133
510
190
809
128
838
907
544
905
45
197
114
273
600
185
46
688
77
13
157
453
829
362
752
945
468
448
913
376
260
63
879
894
486
831
926
879
261
871
21
498
883
695
386
213
863
454
511
976
909
455
503
611
747
363
288
968
993
9
88
434
266
544
914
178
258
598
793
984
24
435
369
105
862
120
663
890
137
881
512
487
956
590
97
720
734
399
794
268
5
78
729
412
457
490
961
560
348
374
684
63
829
944
157
671
13
36
385
752
462
3
818
776
472
433
404
566
876
393
214
728
108
185
832
87
888
656
56
371
945
778
255
808
410
369
969
689
35
3
784
170
439
469
473
953
847
410
268
593
559
578
504
720
625
659
715
895
707
311
989
701
698
838
276
883
69
999
602
944
351
56
531
908
968
495
4
352
194
948
122
104
731
820
308
643
752
240
342
923
95
359
25
928
658
584
634
288
669
219
342
712
254
643
616
115
511
138
424
394
768
417
304
588
170
29
76
652
942
610
263
650
269
12
654
451
807
992
326
472
841
729
747
557
500
473
940
866
97
33
487
725
278
394
741
188
159
693
214
986
252
453
669
476
803
854
165
961
57
239
735
745
311
596
594
802
776
939
723
89
786
180
699
280
369
661
1000
910
71
194
606
580
468
393
131
399
508
507
277
638
255
243
87
601
103
461
672
588
433
899
831
908
203
360
310
17
822
3
236
678
845
431
680
455
40
264
546
126
822
969
248
952
175
861
729
130
540
540
725
16
20
423
507
827
535
252
528
183
404
618
249
808
922
673
817
123
85
633
448
232
417
809
817
659
522
158
915
875
978
623
34
11
489
786
583
746
740
846
361
516
26
437
690
536
103
289
880
384
916
11
757
676
329
170
676
12
199
672
953
499
867
133
840
986
513
733
534
957
131
439
510
43
524
601
585
224
959
699
8
531
40
852
237
342
359
300
798
813
245
145
63
326
690
540
652
906
905
952
417
666
794
700
951
345
462
456
815
624
885
951
560
677
839
342
36
767
138
287
162
889
424
792
314
67
966
416
939
763
672
398
940
211
110
135
612
964
10
557
903
672
313
874
906
423
949
879
153
83
330
527
706
293
903
504
419
827
567
907
442
776
755
644
184
849
821
825
965
525
330
927
222
168
770
934
896
665
875
328
699
141
427
519
375
163
41
911
146
627
140
999
125
980
22
321
555
960
641
424
696
883
985
798
262
829
17
167
600
315
322
500
428
650
957
605
335
130
605
377
706
881
629
783
960
433
277
946
366
109
907
429
714
444
466
874
360
765
444
923
632
783
189
410
684
237
743
698
292
848
815
679
624
392
537
392
401
691
986
34
782
196
727
701
464
373
465
801
29
738
940
916
290
559
41
546
717
395
969
816
640
991
828
330
810
622
937
597
388
855
546
44
80
98
772
885
347
859
70
694
574
906
488
172
415
98
111
132
834
798
792
551
316
524
200
52
551
685
461
473
871
791
818
436
656
289
273
520
42
641
100
614
0
812
843
87
66
407
90
804
779
512
994
807
944
434
683
36
986
821
511
940
280
383
798
818
545
161
766
931
915
688
242
620
843
658
586
365
786
780
338
934
89
730
858
381
689
202
225
150
630
927
319
487
533
806
206
796
373
971
816
70
134
521
646
448
71
564
862
550
126
6
878
367
742
91
763
591
670
861
913
1
854
83
414
975
292
992
637
451
877
685
80
940
563
421
655
574
981
777
320
287
123
897
667
889
294
570
383
650
284
731
818
931
402
968
890
574
230
896
409
277
703
871
991
641
337
956
15
883
773
200
496
270
562
78
122
493
893
590
166
818
143
97
890
691
138
441
401
293
504
760
507
296
557
12
802
119
341
450
406
526
232
860
903
826
706
410
796
643
123
697
916
455
874
326
535
510
304
493
374
981
490
851
847
413
315
723
70
156
146
781
964
863
529
971
144
587
834
771
703
541
360
97
201
501
318
542
829
614
991
767
63
323
573
927
11
802
439
798
914
373
397
57
963
399
679
870
122
30
441
595
788
800
154
648
897
995
332
630
39
377
671
560
284
583
889
565
43
840
772
894
222
437
897
938
874
437
342
816
305
469
770
70
398
769
904
336
701
288
253
493
839
440
400
563
625
125
316
570
387
583
270
589
975
646
516
103
629
691
767
930
193
54
76
413
75
4
858
65
875
100
165
593
623
386
145
384
29
892
955
565
418
88
742
380
452
139
817
262
30
346
373
251
113
516
832
860
558
535
913
131
187
194
637
880
927
738
988
230
210
659
652
666
709
90
637
97
232
837
374
139
873
531
373
740
695
684
256
670
987
330
547
221
27
970
247
858
478
492
327
757
179
782
265
275
496
59
995
283
928
556
507
224
819
375
151
217
598
964
847
124
695
96
148
677
25
868
794
997
938
646
742
8
777
984
134
556
214
673
23
343
244
422
756
23
261
948
946
424
48
335
788
797
952
217
427
759
167
435
85
376
898
80
390
893
878
765
83
957
697
285
727
867
656
873
934
867
257
998
840
228
363
147
275
749
690
813
737
591
209
322
413
775
615
469
549
32
183
528
683
951
978
517
545
38
730
243
810
42
528
805
565
682
364
794
519
597
37
209
811
951
471
224
817
525
808
372
874
113
165
452
515
768
280
666
974
229
804
648
693
659
730
529
702
962
437
36
210
983
790
942
967
802
837
205
82
981
67
612
134
806
654
353
114
192
500
502
420
201
777
569
848
583
713
129
210
636
797
212
258
35
673
748
168
969
752
905
950
785
238
221
481
106
717
354
294
766
931
735
403
371
377
802
17
439
256
180
164
194
955
232
849
709
610
841
966
665
433
798
964
72
37
643
913
464
45
683
350
522
592
549
29
280
368
507
755
403
810
787
225
516
192
377
385
914
188
640
814
555
187
673
357
268
379
586
280
454
571
611
56
313
907
126
49
657
545
892
770
146
486
999
227
605
415
970
282
649
663
769
756
637
94
216
378
819
371
966
343
776
583
46
941
15
491
536
328
89
61
266
314
891
125
69
325
652
501
439
174
402
750
61
952
618
325
627
282
457
524
112
181
581
403
469
273
733
629
373
845
85
576
310
651
353
438
461
53
973
953
319
972
951
830
85
201
808
82
5
546
147
809
355
47
613
389
404
808
385
801
915
695
544
576
748
469
66
861
106
590
537
38
715
272
95
951
86
159
695
872
229
127
198
599
495
518
69
725
540
311
653
886
641
89
20
110
142
260
529
231
616
436
972
595
780
481
866
91
45
326
635
495
283
260
620
462
10
810
743
158
81
768
238
228
505
351
195
264
426
737
320
850
130
999
29
489
828
955
636
958
889
378
163
846
782
134
237
899
117
463
610
472
599
173
866
569
196
184
933
683
311
92
247
415
939
272
118
948
689
799
11
860
10
785
944
590
859
477
636
338
706
456
773
277
240
742
283
113
552
410
489
579
144
267
407
560
66
896
830
700
561
601
619
836
278
186
295
219
13
442
687
613
935
87
519
688
521
963
263
731
675
696
982
197
844
481
447
110
479
91
353
39
749
225
639
853
236
73
457
732
586
253
757
15
109
770
999
441
473
281
865
694
875
91
711
610
169
373
245
560
145
730
797
89
864
754
480
280
430
789
263
10
490
557
28
506
803
562
751
780
288
416
639
998
138
25
369
924
191
392
966
598
447
792
190
3
92
750
367
213
83
583
1000
179
8
279
648
238
526
373
764
37
207
306
957
308
189
512
40
809
345
203
326
316
764
111
423
504
726
792
19
620
418
763
811
926
940
89
109
769
472
960
624
53
306
901
415
688
223
474
728
499
380
954
8
0
421
902
306
606
158
937
445
927
807
72
28
766
509
142
870
380
95
989
100
761
769
369
902
664
846
154
294
528
411
540
39
133
948
489
40
628
95
992
674
21
152
314
109
513
193
74
675
961
532
450
826
389
85
154
590
692
195
708
54
727
863
603
411
599
82
318
481
449
78
244
758
401
768
935
900
16
103
269
822
654
386
239
880
733
587
920
411
630
559
871
653
223
737
798
405
478
563
209
140
778
226
998
509
550
971
757
166
951
186
121
838
742
469
104
941
621
707
810
321
798
957
25
450
978
666
732
851
782
275
836
655
828
290
768
291
355
222
191
68
292
437
245
802
699
66
908
606
178
986
982
827
915
148
142
666
981
63
760
76
450
371
249
318
168
803
87
225
901
519
295
890
50
749
738
815
671
138
361
392
628
476
339
664
897
304
97
177
789
712
777
429
829
944
352
77
610
662
968
191
935
530
972
362
325
56
233
2
994
912
86
678
956
395
3
123
857
595
87
251
255
232
104
545
721
30
690
537
851
344
904
358
137
400
507
552
990
609
60
983
409
25
24
764
716
740
109
515
41
872
956
73
62
821
602
84
863
138
661
691
562
162
405
181
386
949
34
238
743
815
821
191
382
591
27
336
288
141
273
909
428
984
924
222
662
512
349
465
389
777
510
923
774
3
460
874
958
261
333
796
581
598
598
557
516
720
532
743
558
273
859
398
389
193
799
665
69
917
172
391
901
600
129
272
816
126
808
408
325
837
770
785
538
254
961
562
607
673
354
982
769
916
977
364
233
29
767
25
127
746
909
591
658
1
524
172
785
832
666
308
158
174
617
893
2
651
223
180
651
709
425
914
932
687
955
474
197
433
131
52
713
288
616
818
858
110
817
235
872
790
2
858
529
451
203
461
340
760
448
411
43
296
319
851
888
781
400
625
981
817
837
681
267
672
831
844
360
734
977
411
301
981
531
362
438
315
298
751
802
127
444
540
375
846
670
965
509
227
134
268
151
329
415
971
264
125
369
937
222
147
621
359
127
753
450
149
349
887
461
621
879
610
237
139
168
501
545
81
500
164
994
874
272
326
513
636
271
662
264
447
433
838
949
867
907
500
702
836
861
758
690
378
155
697
133
277
612
617
807
950
597
300
29
940
40
577
155
47
626
453
560
953
911
23
69
583
820
720
243
797
297
931
567
192
516
187
652
572
90
221
18
441
833
657
44
718
83
378
750
703
492
455
256
55
976
340
416
871
815
13
719
430
120
411
527
682
141
720
61
873
391
612
538
85
72
887
113
14
490
177
550
18
333
460
891
174
675
685
61
423
610
557
314
420
989
677
649
796
778
772
115
845
290
761
363
801
477
953
738
395
751
688
928
536
648
894
957
956
190
371
197
650
811
101
697
211
18
615
859
934
938
661
841
174
169
582
405
427
508
126
489
918
553
297
368
248
761
965
223
70
165
711
126
555
999
234
19
270
200
117
464
357
495
11
217
46
139
258
97
930
924
581
627
456
248
869
266
214
561
983
413
5
645
694
269
329
110
385
178
350
250
14
890
777
91
821
239
929
710
117
844
928
46
531
423
910
385
204
807
736
707
362
525
478
135
782
424
22
118
87
820
964
283
877
406
498
931
656
647
314
853
18
576
698
763
767
631
404
914
107
615
918
951
92
39
492
808
437
978
607
294
918
807
912
880
213
197
749
780
928
133
983
204
704
661
906
258
447
17
149
510
797
902
580
812
472
657
338
236
5
221
973
736
85
278
17
751
212
764
146
444
352
197
208
333
711
54
874
486
306
302
582
987
754
725
933
640
434
353
802
984
363
35
609
46
113
594
597
338
857
988
227
551
548
293
817
209
195
824
48
23
915
10
428
349
609
53
45
346
218
587
221
750
63
679
450
718
95
121
785
482
748
132
655
296
646
354
393
529
374
153
328
951
155
827
436
539
523
444
440
877
642
33
693
166
867
790
296
950
229
449
943
956
753
574
749
377
146
328
810
123
79
606
941
912
279
505
376
425
540
829
498
476
890
913
334
797
270
592
866
830
820
176
516
726
210
803
483
586
654
645
431
551
677
862
566
114
377
755
573
810
499
257
254
954
457
864
553
398
711
953
266
686
213
120
913
162
607
426
957
11
817
745
175
769
945
712
270
66
582
768
313
158
122
894
669
945
676
600
514
395
836
591
263
204
126
639
359
95
224
901
455
307
391
289
985
669
659
801
986
837
399
8
703
872
399
16
558
119
721
257
668
409
24
605
11
839
585
780
310
22
227
592
123
426
496
683
293
808
542
681
91
794
169
901
869
809
257
19
926
183
868
513
964
461
338
207
55
873
719
868
36
370
783
450
293
352
34
80
87
200
254
490
92
606
547
140
433
229
570
204
900
197
437
997
898
769
305
991
861
356
233
442
569
968
526
807
156
902
277
648
378
532
196
480
886
767
552
642
570
60
211
667
265
463
386
616
993
482
459
867
285
437
199
56
695
900
773
844
88
452
69
239
934
416
237
285
758
279
515
333
475
690
730
673
196
640
979
231
527
415
478
925
308
291
471
749
491
327
575
119
327
885
361
514
544
134
659
386
179
498
870
359
839
172
885
340
789
422
53
509
69
108
777
570
99
928
536
35
320
932
188
574
31
704
409
823
288
162
276
175
748
817
362
877
169
757
697
168
262
801
554
274
945
711
509
119
949
121
453
713
776
532
815
735
14
183
577
789
269
643
785
365
187
925
104
524
203
830
74
239
759
332
262
423
767
358
503
742
807
477
594
529
532
877
124
34
214
632
67
256
612
916
411
46
936
76
784
955
228
503
188
279
280
134
800
274
171
593
324
188
10
899
699
244
491
646
525
495
756
714
390
344
934
248
59
958
496
824
662
35
557
291
416
396
277
360
97
690
289
883
215
384
554
587
80
101
845
717
100
249
359
599
427
392
671
315
576
153
824
282
841
384
259
904
816
17
63
726
190
13
67
896
155
842
87
307
626
354
70
366
674
76
193
285
632
954
752
981
72
601
527
131
523
364
692
714
443
215
606
777
953
807
210
699
331
187
651
388
329
476
877
67
743
608
554
335
769
392
394
309
809
852
77
556
489
822
971
560
32
705
264
561
97
908
182
821
398
162
674
193
20
687
316
490
542
322
864
344
499
491
838
29
311
100
601
361
828
614
500
149
790
525
581
221
649
106
999
192
957
151
243
914
841
483
879
441
513
607
729
469
2
842
344
537
516
395
407
858
527
82
707
180
657
90
962
932
997
737
905
939
78
127
99
242
299
785
663
451
569
437
145
169
825
461
935
424
363
159
933
450
87
50
39
489
518
463
465
963
108
84
697
116
775
704
375
764
951
318
734
719
566
902
502
730
616
169
919
477
1000
670
742
45
647
88
442
370
936
289
73
87
258
182
726
715
60
818
593
34
983
26
443
842
829
734
841
471
71
740
893
620
246
317
314
174
649
514
940
522
1000
329
625
170
622
811
305
387
363
844
459
971
628
72
164
146
892
251
66
9
521
960
681
238
665
401
55
608
174
392
519
100
951
255
147
113
887
496
300
984
109
212
277
519
488
424
561
94
496
153
62
794
71
833
927
382
285
277
962
208
552
4
990
668
766
56
793
114
377
779
600
757
668
998
537
665
474
473
317
342
852
784
778
39
731
639
295
298
815
474
484
137
539
912
649
712
891
634
367
201
725
623
382
683
617
390
853
484
602
887
613
7
114
804
347
54
286
879
680
901
965
843
931
592
408
891
350
185
982
944
334
699
666
325
582
876
268
430
758
349
459
818
443
80
437
521
562
181
895
796
56
32
120
878
796
859
64
731
438
174
633
115
547
702
511
343
893
911
347
66
178
671
741
427
33
276
389
95
603
591
284
119
366
469
405
188
436
734
726
909
547
495
915
393
513
929
410
678
293
763
845
569
429
421
183
96
897
713
272
592
40
695
26
855
631
917
619
498
127
630
446
239
332
94
365
343
867
334
352
809
55
604
694
586
482
133
425
218
96
968
864
400
838
54
263
695
100
13
563
383
270
940
120
428
474
385
466
706
163
971
165
701
204
537
505
413
964
379
616
137
456
753
615
20
141
943
509
139
579
327
981
325
717
675
745
254
939
178
434
539
613
922
517
65
790
862
890
928
625
556
808
743
29
510
715
129
959
255
585
110
627
93
557
865
915
353
363
184
187
748
166
547
550
98
119
96
887
748
666
389
139
358
359
137
212
79
824
196
217
920
151
338
565
476
243
715
965
851
387
696
233
767
293
286
231
182
584
264
853
622
594
171
569
518
939
910
635
234
14
126
237
902
181
240
530
104
875
439
893
281
68
281
582
370
918
954
38
948
299
727
545
780
171
762
368
858
115
924
946
942
891
881
993
725
808
776
887
739
814
450
110
383
966
382
292
94
555
599
271
203
555
185
367
717
570
30
910
235
236
260
347
571
203
331
582
10
150
857
553
870
103
543
688
396
744
720
183
673
988
121
360
320
156
823
752
122
701
694
959
541
753
221
272
953
440
199
26
882
757
141
472
857
258
624
819
127
908
497
358
503
672
64
651
704
539
775
885
615
947
851
139
759
220
911
970
584
826
586
736
291
690
567
75
786
732
982
353
210
269
870
150
180
539
822
883
589
717
454
977
954
99
449
793
642
239
123
180
892
730
176
41
488
646
758
353
675
983
753
63
310
274
63
241
964
992
430
448
507
275
284
262
621
221
345
855
37
44
401
936
970
55
832
871
289
632
880
47
942
879
192
579
660
151
466
274
46
106
250
603
289
169
380
263
28
313
454
445
295
913
562
552
108
118
204
864
805
756
316
194
936
24
195
981
52
760
267
182
817
700
283
315
331
133
129
523
464
53
596
282
389
757
377
842
528
968
382
258
448
438
198
848
467
499
245
947
788
269
878
185
61
324
912
887
324
803
670
610
467
654
974
797
530
270
629
638
115
863
40
478
929
203
138
822
13
55
204
339
50
688
925
525
32
678
370
66
528
855
620
584
716
206
845
17
25
512
849
328
955
1
972
542
49
677
498
955
187
449
314
145
1
866
576
939
381
725
5
732
966
807
83
59
818
69
906
156
215
119
785
57
794
322
78
182
119
532
650
636
122
377
667
273
424
489
956
979
953
109
544
149
287
280
643
672
577
544
172
288
0
94
462
993
313
702
648
995
538
811
184
748
28
479
203
759
342
85
195
428
527
209
564
240
380
471
425
818
464
137
43
672
114
223
123
324
390
490
813
228
740
127
438
933
371
395
40
288
135
489
913
886
813
345
287
848
961
414
509
441
882
829
293
956
528
657
493
3
301
243
352
523
724
936
498
177
17
443
615
209
484
170
206
180
922
44
521
674
309
720
456
985
161
804
284
650
97
389
839
794
520
989
898
174
49
1
930
906
767
147
743
255
571
379
716
222
689
835
451
343
3
364
104
912
568
721
286
982
187
250
851
428
716
699
192
134
50
987
578
357
347
299
355
817
202
1000
507
620
352
660
646
869
922
371
509
237
559
913
157
504
193
381
761
717
961
813
359
480
883
68
711
323
420
570
497
941
689
958
919
330
816
194
520
185
502
869
474
472
999
716
131
962
135
26
283
701
255
244
108
472
535
58
666
295
310
164
596
799
170
816
304
272
710
58
135
352
751
85
550
412
676
144
561
749
536
270
879
239
63
849
58
499
763
77
207
113
542
700
190
482
83
181
970
920
535
873
609
821
441
299
34
879
846
946
174
653
482
771
964
154
983
688
413
338
151
350
902
842
834
262
407
209
164
28
232
767
519
405
760
962
172
152
708
715
161
813
287
323
624
25
492
84
339
825
19
424
53
676
6
838
774
943
546
117
243
111
892
333
818
956
201
535
376
130
832
786
208
171
862
122
912
636
374
692
595
471
312
110
916
693
791
211
945
712
226
736
387
350
762
160
463
969
452
959
987
25
683
982
768
393
236
8
592
513
59
399
670
366
635
611
483
144
535
896
327
336
714
247
761
442
135
812
740
158
884
774
28
470
752
949
288
789
806
861
741
408
954
648
154
401
649
60
801
816
472
47
836
998
860
227
351
454
526
610
67
913
511
444
830
729
73
151
884
936
670
951
204
438
941
905
303
464
662
250
946
599
850
849
578
81
421
376
390
497
723
431
801
830
670
87
749
585
105
20
656
559
719
466
920
504
184
189
830
654
98
96
824
19
924
300
64
446
743
843
464
53
261
379
488
240
339
682
975
452
846
800
53
650
15
723
859
401
330
13
853
8
229
434
906
851
170
362
2
686
551
639
460
443
368
905
342
686
880
391
992
54
41
493
512
876
682
428
28
709
241
915
950
38
238
226
694
768
812
81
27
808
683
430
297
558
72
891
246
382
502
506
588
486
128
393
135
114
274
207
527
371
57
448
97
725
626
620
255
16
555
997
711
84
94
274
194
868
359
572
806
547
264
501
845
147
345
285
956
975
673
78
752
175
135
462
208
994
539
622
957
156
115
404
549
937
117
412
728
945
960
672
765
340
400
446
676
16
886
241
676
10
136
449
135
215
582
90
387
239
977
896
726
112
695
151
445
315
937
948
980
200
351
674
61
393
937
598
762
439
428
888
189
512
774
646
672
690
512
695
672
64
314
25
791
385
974
849
24
54
850
373
328
357
26
615
831
279
335
337
141
336
453
813
796
181
603
388
655
636
997
191
499
543
42
986
678
785
646
389
315
785
802
633
511
503
692
289
79
308
381
967
94
200
339
689
517
988
962
254
472
668
381
253
506
956
769
610
743
19
891
162
277
281
584
266
506
303
274
513
70
732
974
443
256
632
61
680
778
309
834
274
748
236
497
370
785
526
214
449
638
578
365
108
64
59
841
732
647
733
506
392
201
8
185
319
297
537
491
975
670
795
52
603
734
632
919
732
304
947
215
648
522
788
7
191
233
838
860
881
37
398
72
525
803
333
881
864
187
930
307
47
8
236
360
785
916
250
176
877
756
649
251
8
439
345
175
135
537
545
779
482
876
951
140
326
398
844
832
940
458
924
404
133
217
696
555
550
406
264
606
302
233
6
124
517
674
521
300
949
658
313
114
433
862
148
892
175
917
882
193
597
205
682
158
489
240
645
78
226
555
748
496
594
292
67
546
755
339
896
765
134
475
279
501
550
