790
586
251
535
746
1000
702
9
295
733
490
658
627
821
19
325
806
819
617
295
623
149
810
754
112
154
437
750
5
460
419
508
754
433
365
625
202
747
476
8
950
180
742
208
388
376
784
748
637
965
283
508
377
508
856
143
703
348
193
138
990
669
997
908
879
964
389
893
744
354
748
78
896
703
798
465
201
933
689
523
618
980
229
617
904
345
476
1
914
47
395
872
570
131
210
264
122
25
965
134
816
992
396
96
689
347
759
778
205
113
371
128
88
766
734
767
421
595
574
266
789
717
150
74
821
545
151
958
736
777
476
108
734
830
352
329
714
941
476
47
674
425
379
637
688
531
557
597
139
137
436
533
993
134
314
897
12
549
293
550
273
273
324
392
278
249
989
227
593
473
809
668
78
169
372
42
146
591
205
92
406
586
460
316
960
914
224
241
80
784
956
202
850
86
594
525
157
305
733
575
573
450
837
56
349
60
333
996
700
362
406
937
762
968
160
255
424
511
965
570
893
567
841
788
615
686
914
395
12
790
186
133
932
746
120
184
554
19
418
536
943
306
630
367
948
575
168
646
682
955
839
568
246
953
29
778
813
586
131
118
149
967
5
733
720
74
500
515
692
705
633
93
236
521
892
172
100
378
963
440
122
377
691
740
135
672
923
563
189
406
104
568
541
777
23
180
344
457
294
534
488
979
834
755
242
146
629
106
558
83
195
715
110
220
583
84
691
458
362
188
851
602
172
701
150
162
390
617
980
551
43
546
538
648
991
525
980
162
556
740
586
74
312
731
899
562
795
888
770
719
978
826
669
943
159
701
284
743
167
366
365
794
561
819
163
992
720
7
443
182
869
665
117
471
667
347
978
257
617
722
894
602
840
303
83
297
371
777
767
609
1
144
804
253
616
171
88
757
752
253
248
335
777
233
282
336
257
135
933
267
354
390
987
929
74
633
831
643
655
688
767
324
182
322
632
311
252
712
231
637
402
441
782
648
707
556
875
731
872
265
646
919
793
776
699
790
452
157
473
262
545
424
705
656
323
130
280
921
735
42
177
793
631
404
256
192
97
295
887
867
3
826
299
851
672
728
80
420
122
671
346
281
855
55
142
51
207
516
948
668
601
52
444
596
512
100
655
881
605
400
709
486
202
560
108
11
272
911
378
59
84
357
876
927
880
618
835
489
206
756
129
658
79
653
743
887
972
675
318
255
898
786
196
476
394
73
648
983
356
749
976
416
454
790
258
0
130
964
201
91
70
578
683
155
204
780
452
713
314
396
828
377
125
183
869
729
887
157
995
656
907
689
512
612
461
934
517
615
396
437
862
722
135
571
702
471
698
655
883
328
224
190
120
941
452
346
910
339
104
257
54
24
915
935
233
505
244
410
975
515
951
938
99
712
910
242
110
225
293
996
273
932
236
372
168
211
994
51
968
83
848
679
33
395
857
508
844
955
734
495
517
20
546
120
392
70
225
491
924
937
474
69
534
720
264
178
243
33
407
571
354
0
241
915
699
910
220
662
247
703
297
854
801
496
686
401
623
546
290
873
662
168
467
640
29
833
807
441
443
616
303
993
785
808
580
582
853
347
710
196
747
758
625
809
838
940
617
482
132
355
695
332
409
323
455
286
796
353
273
971
636
216
38
897
698
429
481
688
391
1000
44
411
577
334
50
71
146
659
335
617
665
393
878
469
78
909
426
551
267
97
923
646
784
929
984
889
670
995
473
425
448
793
157
889
434
589
22
10
70
65
56
24
423
556
395
275
880
739
320
796
605
827
864
794
880
481
991
860
3
904
667
113
45
962
997
766
414
886
840
384
787
411
4
742
277
152
709
396
793
735
563
403
372
302
849
133
220
382
394
726
400
168
288
197
180
112
256
409
281
590
915
605
971
990
890
563
499
757
339
134
892
657
588
516
61
699
748
773
395
773
276
160
231
600
474
570
473
158
848
737
787
477
572
742
660
732
430
569
351
91
450
653
547
101
314
563
97
660
12
212
356
577
465
388
327
686
681
723
311
853
962
424
28
62
188
727
129
139
565
336
702
410
850
563
429
714
407
203
101
569
6
606
27
350
539
128
183
856
9
595
118
788
738
171
622
64
52
937
542
27
243
992
675
376
667
339
508
769
543
442
94
483
678
29
958
220
820
124
963
540
410
459
939
395
331
229
788
677
566
880
35
311
635
422
2
127
674
639
580
119
354
512
559
199
618
419
461
893
320
671
288
848
950
566
792
682
643
815
211
31
984
450
842
278
918
537
405
273
761
717
947
455
216
405
380
983
6
630
420
175
123
555
186
356
339
497
55
491
321
224
772
471
200
199
19
729
755
797
6
362
929
279
533
510
49
668
637
249
664
174
278
186
264
118
877
118
137
284
142
37
967
515
748
336
435
335
866
362
821
627
329
683
31
890
31
920
196
129
340
208
263
689
512
148
998
931
246
125
755
557
291
316
988
236
618
116
815
189
568
187
7
802
154
462
566
33
905
361
806
854
168
217
121
467
162
120
119
641
379
108
248
128
511
688
216
754
524
832
316
281
286
52
955
790
868
137
146
853
502
617
449
451
258
635
876
721
98
4
376
132
23
473
786
201
640
621
23
928
806
914
31
987
540
645
47
147
317
880
233
349
149
43
772
561
620
497
71
790
695
8
793
836
860
626
389
371
813
360
1000
643
202
4
696
607
616
962
421
919
280
537
405
709
528
837
839
576
253
576
107
403
682
448
349
413
764
654
456
152
464
788
749
333
179
6
367
93
159
633
427
441
201
697
884
509
355
32
995
443
296
586
493
474
825
475
298
342
14
112
501
920
593
357
354
928
339
974
11
529
55
599
959
70
722
150
476
720
645
503
65
340
610
713
856
42
923
80
379
125
84
765
891
233
760
361
119
644
746
960
180
647
283
374
597
658
412
161
368
963
976
698
624
993
930
879
465
275
604
833
810
21
644
110
898
45
560
405
624
456
863
696
69
838
854
843
935
609
245
406
393
251
224
169
728
419
448
154
915
258
58
136
293
49
763
61
115
433
153
725
930
628
350
180
724
148
872
931
579
612
655
827
701
256
97
45
443
126
823
874
703
262
247
972
808
514
443
60
784
392
996
337
581
710
65
291
571
751
212
937
351
854
742
42
88
36
68
761
321
915
316
580
182
888
487
687
552
274
147
434
256
311
375
893
133
480
0
705
620
736
312
995
823
542
801
675
202
308
440
652
395
337
444
229
817
925
335
941
468
417
741
772
737
232
344
351
628
801
609
245
56
322
908
22
310
437
264
490
597
442
815
833
180
767
598
306
186
549
707
495
248
581
17
343
72
590
52
512
319
496
276
471
121
912
299
362
616
792
291
788
886
934
91
521
733
541
628
443
253
860
287
157
802
900
705
419
963
472
151
13
477
209
52
147
964
769
349
610
550
147
705
15
587
200
734
41
534
814
48
541
827
815
853
369
579
322
723
945
221
360
916
599
381
340
184
249
584
812
955
993
408
69
997
884
337
313
504
290
871
231
309
911
360
558
951
879
718
28
397
74
39
121
861
318
797
48
321
220
363
881
842
47
703
145
586
519
622
206
729
209
983
995
52
864
630
96
689
541
371
13
776
965
460
813
858
799
438
310
836
712
529
941
503
946
223
720
357
310
306
998
31
904
121
796
589
127
850
352
7
786
965
503
781
917
908
350
283
301
564
64
974
846
426
876
529
373
977
692
593
798
104
930
336
258
757
146
158
957
24
909
614
879
615
274
57
763
918
39
343
393
650
69
706
424
310
432
803
650
245
717
509
520
378
166
128
998
369
521
668
755
67
735
41
664
450
862
654
751
144
903
69
220
183
840
406
983
489
808
982
935
267
475
986
959
335
999
193
479
188
475
220
662
8
928
862
85
609
89
815
862
353
27
264
765
604
179
907
265
919
57
813
696
291
668
629
595
301
371
880
576
661
529
115
24
727
34
737
401
186
803
714
19
956
685
559
112
896
384
443
750
195
894
343
506
48
757
183
326
715
884
836
795
510
286
788
662
746
463
832
499
815
607
928
355
686
70
617
927
727
304
180
64
504
420
655
512
282
755
586
518
927
793
6
216
411
843
134
332
174
10
408
313
82
393
758
265
655
236
666
707
575
281
745
367
142
924
656
966
688
697
975
273
74
479
903
762
319
316
981
533
766
396
23
617
589
813
644
765
883
157
498
528
605
476
900
964
791
554
555
425
505
849
353
372
473
981
330
924
403
850
822
703
387
728
271
287
416
803
484
664
712
197
201
834
994
542
605
691
505
115
592
557
923
556
250
597
551
254
663
302
582
872
82
488
493
771
836
776
127
590
845
450
128
112
167
848
664
890
14
266
665
66
103
863
409
660
269
875
322
382
571
68
50
571
382
3
181
680
907
108
301
364
957
553
704
577
345
692
23
749
214
206
823
788
192
157
384
22
799
666
710
102
286
236
427
158
478
840
665
264
502
680
259
926
512
404
653
658
988
268
226
841
428
642
116
990
792
886
282
531
306
108
957
281
78
126
135
131
117
261
536
725
734
459
544
511
870
845
307
546
643
112
173
912
603
503
62
363
867
541
281
358
777
544
953
229
42
958
554
12
184
534
972
919
687
460
443
702
55
986
849
355
954
70
984
729
88
129
766
194
211
453
309
437
804
789
964
124
44
467
809
816
760
869
531
828
335
595
524
45
289
611
100
850
803
560
316
614
696
333
501
691
655
56
511
988
972
866
844
530
306
287
563
373
590
415
414
618
890
557
774
169
458
716
738
189
429
370
522
381
635
397
131
185
853
360
779
722
1000
267
825
196
820
832
645
748
880
60
409
848
658
935
253
667
381
27
818
923
106
865
960
867
316
549
104
194
230
477
281
907
539
163
521
736
141
147
420
816
975
899
417
936
980
100
711
948
335
955
714
988
408
979
2
932
546
485
305
97
306
565
139
830
703
728
658
680
123
326
266
949
678
230
987
749
20
262
642
914
739
639
242
244
999
225
241
252
596
109
413
457
634
415
488
804
268
338
814
214
921
829
251
807
461
828
512
16
985
530
819
285
465
430
536
206
783
748
12
206
666
62
542
699
63
128
679
634
680
786
946
652
514
425
984
72
989
405
241
389
371
261
701
749
794
149
109
250
24
738
667
516
624
398
129
166
275
645
605
942
314
657
125
963
182
254
760
921
331
148
330
907
775
447
556
67
197
294
329
937
19
488
243
870
1
168
727
596
716
744
583
843
476
155
539
767
239
766
683
610
14
715
520
999
292
185
340
975
346
101
468
951
363
602
849
771
795
370
795
643
929
780
735
477
200
19
755
81
562
510
808
361
971
439
667
16
114
351
282
280
45
277
119
635
480
51
16
218
664
471
113
823
754
208
402
536
859
924
187
839
857
85
939
214
589
658
270
436
732
454
570
290
91
203
788
721
91
383
820
498
669
146
109
837
800
328
143
203
82
223
369
834
597
724
361
701
397
647
682
125
401
313
929
69
152
736
297
126
689
983
22
918
864
10
58
248
769
744
58
953
902
539
211
783
350
229
373
642
649
893
102
400
742
852
301
234
93
731
381
629
121
74
927
545
172
948
616
805
397
167
936
13
13
168
3
321
189
716
19
144
262
84
377
910
872
567
851
158
238
192
622
398
744
929
319
263
242
721
552
378
985
146
104
170
312
617
624
680
543
934
297
546
558
917
466
16
271
796
280
240
48
126
455
787
266
713
469
922
597
628
16
498
395
807
847
700
886
859
591
541
610
675
748
265
318
228
178
414
187
450
246
429
447
743
221
10
905
640
863
921
12
376
479
348
526
110
723
165
960
343
276
446
153
836
126
684
990
860
970
247
166
808
416
905
21
462
585
469
704
292
527
211
871
675
850
502
836
124
245
154
221
458
430
859
497
890
409
267
215
861
615
785
319
194
943
397
26
908
117
687
270
29
709
714
547
910
93
925
350
961
203
279
552
331
388
632
533
146
376
443
40
485
63
953
848
304
987
132
178
914
979
846
246
112
401
160
286
941
84
237
126
99
868
170
706
499
659
8
652
20
234
723
707
459
585
65
194
403
665
417
858
783
704
516
835
111
815
780
325
96
17
981
316
125
730
487
428
32
339
417
607
501
463
110
650
451
93
95
896
70
370
256
112
289
948
926
70
169
437
616
35
649
996
290
573
403
819
642
864
883
372
884
447
887
292
102
709
601
617
669
785
781
977
738
187
888
740
691
490
268
238
944
721
606
238
18
648
666
119
867
825
532
83
353
256
374
433
543
917
991
35
802
259
524
844
709
256
766
699
350
725
497
670
588
881
918
550
612
585
751
363
358
585
140
441
690
418
412
344
977
974
703
873
637
752
927
604
509
896
319
350
567
703
781
668
870
947
6
114
174
467
540
28
393
81
810
1
886
407
874
702
28
40
764
973
769
521
186
316
295
407
150
808
659
652
90
444
396
279
970
24
994
938
285
605
480
923
643
432
321
469
150
458
552
151
874
617
648
596
76
109
451
230
333
826
601
364
29
693
591
642
172
428
217
469
810
272
410
907
950
312
299
675
2
49
690
328
266
882
121
98
474
800
447
263
884
482
492
664
514
61
313
259
658
385
650
569
515
15
268
768
452
276
247
869
762
129
136
996
58
748
952
185
566
483
713
72
555
27
353
204
561
473
34
20
938
537
753
41
903
773
892
904
403
868
777
250
868
628
814
775
630
579
823
840
908
940
233
888
39
33
123
673
233
600
925
747
469
172
903
255
52
494
146
909
468
745
361
522
801
958
197
422
306
323
752
816
629
23
279
668
975
980
75
586
493
862
499
456
442
428
78
143
145
347
181
44
785
415
131
483
944
483
522
420
881
307
469
429
169
11
351
242
263
934
194
757
79
362
975
566
257
824
438
671
672
246
641
767
695
769
133
700
456
643
309
919
92
976
565
89
337
457
769
635
218
74
63
770
839
17
649
426
990
990
536
632
229
384
988
934
280
542
545
830
868
295
838
997
149
148
552
446
781
661
606
596
892
228
980
564
985
958
577
848
980
409
577
855
251
906
912
600
561
383
930
568
16
48
676
400
467
234
66
772
455
876
697
748
277
69
305
116
777
530
308
41
248
945
158
732
482
968
655
279
503
259
302
641
848
315
148
71
932
550
402
842
157
898
164
173
839
390
384
436
311
626
946
415
20
102
270
218
770
473
484
93
70
520
10
870
407
670
870
620
639
262
35
996
789
475
682
623
776
358
890
623
792
88
614
43
258
710
818
301
66
281
157
420
905
155
851
106
787
960
475
850
889
387
777
667
822
368
624
777
439
996
417
285
257
773
195
194
601
973
837
800
634
524
252
507
121
479
479
772
183
311
360
965
453
588
884
792
837
349
711
509
442
700
745
652
60
15
126
541
689
478
16
829
573
348
838
328
570
448
738
579
630
804
207
162
783
109
743
135
456
613
155
99
606
987
249
925
390
904
70
480
575
193
967
273
824
588
272
259
778
664
332
810
266
734
456
981
326
108
656
763
672
427
931
20
429
484
226
196
68
2
775
279
579
667
155
642
166
618
672
873
479
783
883
777
276
469
100
212
477
60
55
565
314
11
560
943
146
939
891
532
436
628
685
933
430
833
977
681
482
769
174
140
144
373
936
622
949
535
626
789
99
88
763
939
791
333
327
936
199
472
55
621
729
106
592
100
597
0
474
230
700
379
737
497
451
850
364
522
938
0
808
835
0
691
783
638
345
842
538
266
501
59
982
920
964
717
252
110
755
330
821
165
853
538
13
41
283
274
22
480
682
417
177
142
456
220
248
452
532
998
785
868
642
54
57
449
55
17
505
749
783
363
107
187
74
816
7
805
732
28
97
534
985
815
821
966
217
876
682
467
539
747
154
605
213
926
60
264
435
45
152
940
35
490
818
297
77
530
684
749
831
667
960
286
227
241
581
222
238
502
525
805
864
779
288
802
750
991
425
249
696
323
548
333
806
746
824
266
881
745
827
768
877
803
634
901
156
959
58
969
419
797
346
206
844
3
581
184
990
479
504
114
683
119
600
980
126
750
655
221
401
745
712
685
317
219
8
576
302
976
407
251
392
834
371
393
388
606
721
146
146
673
778
812
401
450
179
596
970
768
494
59
810
823
906
991
866
23
154
75
561
315
276
517
471
66
741
438
513
992
884
540
637
295
116
913
168
77
709
626
514
916
652
242
437
757
257
107
645
966
270
989
669
482
598
409
232
271
463
718
72
574
68
620
824
859
309
232
347
720
900
647
678
686
623
528
925
601
850
917
783
175
208
410
201
463
863
709
401
132
725
375
231
253
763
367
66
317
273
206
460
162
222
437
53
423
762
504
223
96
846
702
346
102
478
793
43
727
254
185
704
449
845
647
520
408
479
633
406
206
844
508
284
87
169
965
971
118
609
792
653
264
636
414
609
108
243
359
920
20
574
746
73
870
527
69
783
166
18
730
352
651
248
172
756
246
991
604
966
79
568
577
107
604
636
728
54
401
528
158
187
309
317
493
650
159
398
476
700
670
940
903
622
946
103
266
860
611
755
658
782
56
693
77
585
365
77
455
900
306
543
10
720
302
63
197
515
463
741
735
55
9
352
325
669
974
683
889
417
367
758
156
369
587
228
606
864
279
420
604
569
527
888
90
288
458
358
87
752
36
698
807
947
822
332
839
623
731
179
971
88
982
585
734
886
120
275
241
886
824
677
114
164
885
289
81
710
455
88
531
856
256
596
688
100
427
300
215
824
861
381
268
376
134
373
18
222
484
592
895
105
491
90
856
524
46
923
758
903
509
847
618
589
875
890
672
761
956
643
159
875
588
263
780
619
255
222
774
215
829
593
244
879
458
249
630
958
63
296
662
627
528
36
314
859
229
687
614
69
694
563
834
525
520
454
123
731
788
315
487
908
210
82
589
606
711
440
904
452
362
632
165
217
693
90
839
106
569
17
937
213
267
20
275
263
643
710
423
730
654
330
784
811
538
784
206
524
187
769
340
997
957
747
939
580
670
930
15
918
462
507
93
748
456
470
243
48
528
440
631
679
998
699
750
382
835
548
995
713
573
362
534
519
772
379
480
994
871
294
398
883
651
229
368
538
850
184
903
782
655
977
999
539
971
941
874
76
503
615
354
353
564
843
482
893
49
189
529
308
192
419
204
530
934
650
75
553
990
929
877
837
91
245
339
51
475
268
101
765
795
411
783
200
813
384
375
727
945
164
711
949
10
296
316
864
281
96
362
336
164
19
453
791
16
889
31
592
158
983
521
315
79
958
280
852
509
182
866
835
193
541
889
181
716
999
80
91
724
80
142
271
674
269
325
697
256
144
956
313
889
873
204
277
632
992
467
947
534
928
744
240
179
353
22
109
445
300
242
893
726
503
156
313
38
777
645
811
485
169
618
4
542
17
100
934
786
581
472
288
574
865
994
435
134
616
103
941
818
55
480
362
811
658
713
789
787
663
493
69
760
513
763
29
480
991
351
775
47
242
249
460
2
256
266
592
143
677
423
663
670
879
931
387
144
492
148
334
933
337
621
938
719
643
755
588
546
446
826
498
243
620
789
885
943
394
940
882
196
332
629
427
382
877
869
474
275
610
632
423
236
704
974
763
649
890
202
929
860
1
999
743
847
482
641
353
794
794
261
417
872
768
344
900
19
973
29
925
68
741
101
368
940
689
896
426
212
767
69
195
759
829
70
149
177
48
189
702
170
319
676
786
391
767
550
645
456
849
816
453
831
533
587
59
34
34
932
954
395
916
87
577
62
120
909
35
467
663
316
135
437
64
353
514
562
93
527
8
989
682
294
982
659
27
886
753
992
979
819
903
355
897
555
104
604
830
312
190
738
532
531
169
174
145
71
866
570
839
588
702
189
465
259
165
824
654
892
749
561
250
698
714
574
130
331
174
698
196
274
876
450
840
580
685
507
965
332
517
719
284
875
13
646
949
639
605
181
764
265
720
710
928
167
93
909
224
576
229
671
747
927
292
914
574
303
611
774
949
570
940
953
97
829
336
895
643
561
372
231
833
762
645
623
787
968
955
864
910
746
816
538
237
388
380
761
701
576
510
534
284
619
223
539
338
188
369
487
344
818
7
796
994
639
608
761
420
293
153
528
840
126
584
119
243
654
757
61
46
99
722
623
706
775
725
654
723
992
920
456
138
396
467
870
32
248
532
333
179
275
750
370
792
773
965
455
93
177
773
942
94
610
488
358
182
1000
4
57
622
841
365
110
339
214
502
33
128
505
650
768
705
973
543
708
200
569
286
802
145
76
725
701
717
408
828
539
495
658
833
157
531
900
927
185
76
125
480
983
114
830
564
971
394
582
274
771
153
696
187
958
510
669
908
695
443
91
864
979
921
102
657
207
868
367
661
218
240
113
34
791
213
734
183
660
667
556
153
105
396
164
881
144
588
200
764
187
457
822
90
443
289
824
452
579
438
271
729
232
742
422
8
384
305
294
524
444
232
953
335
641
799
222
684
655
68
320
4
294
332
59
780
502
188
244
80
758
441
672
339
202
516
901
449
597
659
354
176
532
556
556
711
949
150
8
751
469
132
136
280
775
33
565
838
150
698
981
931
874
994
193
802
380
258
386
346
319
936
854
832
28
128
818
376
453
103
900
814
581
516
424
184
974
447
925
480
927
982
316
808
906
340
23
796
499
477
592
426
350
244
500
494
579
727
118
369
160
22
363
175
731
709
361
311
350
584
761
762
318
430
467
250
686
645
385
781
778
912
954
622
604
763
827
271
841
150
506
938
254
606
905
511
612
964
377
933
743
109
993
842
358
724
843
475
422
932
327
585
708
590
575
809
108
382
670
844
159
959
961
592
500
735
591
537
458
348
249
527
636
346
368
188
764
564
520
964
705
676
935
141
737
827
223
333
479
118
162
996
421
732
184
727
781
948
786
607
989
159
3
574
569
5
670
374
796
942
242
878
237
212
854
160
323
429
866
13
239
379
999
824
732
340
492
267
92
378
420
116
136
980
278
230
520
456
244
547
405
340
479
318
576
533
30
989
672
23
398
875
763
229
175
791
414
675
918
286
814
138
986
566
850
684
699
125
258
456
1000
691
346
795
305
653
653
283
239
281
944
198
117
149
537
384
250
670
597
652
431
122
699
409
9
295
823
901
558
92
991
683
879
161
61
100
52
397
254
766
289
63
837
891
46
274
432
956
81
73
97
679
666
56
90
83
316
483
702
284
551
174
247
676
389
830
7
809
187
333
71
408
286
402
535
735
345
896
164
441
559
718
745
247
187
311
975
918
559
353
943
775
567
886
935
160
865
462
387
290
844
653
118
292
165
737
174
184
370
131
833
260
932
629
114
812
228
581
923
321
690
27
685
71
957
945
76
722
144
138
886
142
145
817
791
421
632
814
431
714
672
568
385
960
688
937
1
378
745
297
414
361
961
938
83
163
944
280
339
129
161
775
935
782
89
432
124
926
482
483
467
558
468
738
413
4
675
345
212
242
302
566
517
228
184
560
775
794
210
290
448
280
410
862
980
588
867
373
745
852
547
437
393
238
644
642
361
986
772
928
565
191
718
969
675
565
210
799
672
731
636
579
563
991
155
526
154
21
865
453
653
112
221
940
600
769
277
223
49
414
893
538
565
302
950
289
184
344
714
545
375
31
502
961
432
937
756
672
395
773
874
431
968
535
935
830
489
247
382
164
622
930
310
661
527
408
885
52
249
252
405
585
28
510
284
453
388
981
72
308
332
350
142
800
185
873
207
315
150
469
898
351
660
87
535
94
450
161
339
456
397
309
87
282
994
532
125
547
938
376
60
283
869
755
322
994
126
735
331
914
951
313
169
348
330
571
436
737
348
177
594
438
796
247
69
575
111
693
99
675
172
502
238
284
390
9
261
186
310
653
159
246
738
416
0
986
384
249
918
64
982
888
63
876
467
397
486
503
502
142
742
270
298
921
895
838
31
427
1
226
521
551
109
244
374
171
127
771
485
586
916
124
592
219
625
118
809
272
301
416
240
313
723
444
638
57
144
780
144
77
723
699
510
3
162
207
939
997
951
418
407
496
725
336
701
915
555
723
336
514
984
771
144
873
911
249
423
256
403
580
357
317
801
395
84
246
69
745
993
863
538
113
513
19
145
691
249
947
592
716
943
153
95
124
577
300
366
269
202
518
647
754
781
262
337
51
165
370
673
305
373
969
683
515
73
321
539
224
252
309
877
69
109
405
232
815
323
571
557
972
645
969
154
653
478
582
775
403
321
657
851
707
403
594
51
220
944
753
361
874
883
816
478
961
694
612
80
80
975
684
405
86
325
653
236
736
321
438
77
596
231
38
41
545
619
249
769
301
360
54
573
618
648
771
194
565
200
505
570
202
546
454
239
24
138
8
29
300
867
14
79
780
693
310
987
52
572
467
156
36
675
359
961
541
217
239
694
739
718
473
986
566
593
660
316
933
891
597
238
951
215
49
812
45
87
188
724
32
560
331
939
644
351
189
614
301
798
838
104
809
715
558
648
131
421
899
89
897
973
165
334
399
154
508
236
426
970
43
853
602
363
420
769
611
235
987
445
661
817
940
221
43
774
194
438
228
285
259
209
478
154
589
144
194
751
439
247
221
953
636
540
508
508
601
497
834
21
319
140
693
713
208
35
449
330
470
540
964
455
385
461
442
585
659
4
724
815
855
403
876
820
118
248
278
741
27
906
419
522
677
211
571
142
63
941
235
990
130
434
816
210
411
827
761
737
29
812
423
112
583
724
103
943
297
741
76
348
346
176
472
189
674
204
311
38
950
789
823
151
781
163
366
51
762
484
881
517
541
289
623
215
948
632
27
807
636
77
108
305
493
688
40
329
579
760
769
286
597
99
570
387
475
335
242
958
148
278
452
627
423
463
435
118
823
479
776
277
987
883
214
128
425
279
850
96
848
20
841
49
231
59
841
857
866
591
702
452
39
719
333
204
30
390
870
93
577
549
149
333
594
345
544
22
389
663
890
555
266
223
326
709
159
579
673
95
317
136
787
481
663
42
854
711
639
958
187
423
869
587
955
71
622
685
822
998
388
274
95
88
805
640
801
392
386
176
576
22
263
739
904
267
536
356
20
985
181
83
76
80
640
207
407
700
359
954
611
754
185
953
77
727
619
368
477
239
264
625
269
138
114
465
567
310
724
228
106
979
447
254
741
579
328
19
725
544
16
235
108
267
95
731
445
350
933
276
609
342
848
571
205
856
615
681
68
797
526
423
61
763
681
779
753
650
925
764
67
572
929
441
762
732
455
574
282
745
683
61
558
71
267
119
250
906
958
51
863
663
525
843
42
786
984
740
525
772
913
646
802
75
352
252
182
88
96
113
820
755
932
983
787
544
418
43
536
932
195
334
658
385
593
848
413
610
113
781
41
169
327
5
30
251
668
443
23
24
137
177
819
135
133
598
68
565
949
310
607
894
303
524
57
864
361
732
539
916
750
109
128
553
227
910
534
886
178
823
46
241
986
994
719
488
396
235
751
10
532
289
744
193
645
507
240
540
483
187
195
965
167
233
186
641
903
824
829
405
311
497
583
127
69
516
163
61
750
316
815
915
395
75
700
22
241
877
695
337
899
371
162
460
619
486
717
107
455
414
373
824
413
401
72
878
313
837
271
424
819
824
551
385
522
637
903
217
237
380
278
663
308
104
894
896
426
707
800
166
280
272
362
66
222
505
996
640
457
506
364
53
944
512
560
214
389
665
784
522
229
737
157
671
433
137
318
674
358
829
616
723
733
131
669
640
133
340
470
573
204
477
239
12
60
962
811
945
557
254
452
475
143
764
604
998
284
155
833
311
312
346
921
484
987
977
164
169
666
473
921
791
606
635
898
7
760
52
376
393
548
958
220
785
92
571
461
291
629
508
309
442
103
259
782
584
504
666
136
921
259
829
876
949
944
588
282
333
819
228
110
598
439
733
670
277
108
837
414
417
524
3
29
547
410
190
633
962
711
254
870
12
477
569
176
916
252
82
811
454
609
703
233
75
593
467
530
97
819
270
252
520
48
856
542
754
94
2
12
244
113
726
860
412
337
218
765
314
390
532
369
629
954
45
72
92
132
977
264
567
37
145
807
694
38
471
72
775
408
915
239
601
449
997
276
999
920
64
158
245
703
73
51
288
535
596
997
191
938
542
543
324
968
565
281
47
355
660
318
230
731
917
0
888
270
915
290
968
550
964
243
557
830
246
423
716
958
258
747
603
440
578
776
921
204
399
980
436
145
691
448
64
625
560
823
239
625
992
17
427
358
597
951
376
163
521
727
306
951
498
370
570
301
697
46
489
261
82
725
196
581
29
308
862
781
961
807
537
847
940
42
69
448
416
580
252
651
565
942
572
162
816
286
611
530
705
647
810
515
614
499
415
855
749
746
589
12
533
157
144
29
131
893
967
525
702
477
276
470
710
989
404
634
276
221
200
834
75
134
982
526
818
333
658
184
442
550
798
586
992
390
908
289
405
567
569
477
31
353
21
611
955
54
544
795
770
742
556
737
684
950
280
980
763
359
505
279
308
452
419
891
877
121
419
293
733
536
916
53
283
762
808
563
495
210
112
997
696
252
645
520
396
799
563
483
134
755
754
668
272
450
498
444
764
811
20
940
284
948
951
923
896
566
174
97
721
525
344
980
70
1000
919
492
213
595
805
768
127
861
212
636
662
687
726
948
263
223
801
206
157
215
206
409
610
995
937
279
425
543
591
347
154
66
102
980
69
929
624
222
762
268
174
491
999
310
113
227
341
497
327
37
915
165
329
229
464
590
127
397
329
747
53
415
298
111
875
600
92
391
960
624
888
202
677
301
471
671
581
502
734
340
921
928
724
361
609
224
587
730
527
559
619
94
842
833
153
898
928
727
77
517
659
937
857
992
242
420
730
801
634
173
477
775
115
396
271
305
924
684
86
635
397
632
615
482
651
963
402
230
435
758
751
44
687
719
854
9
139
491
560
994
422
506
698
453
988
249
587
975
56
496
220
627
279
240
361
546
555
498
559
816
583
380
35
923
590
716
886
470
384
649
208
960
680
683
28
337
568
256
691
818
114
732
484
338
664
825
42
862
480
849
700
404
244
770
519
833
562
62
469
688
739
318
589
407
788
279
195
967
899
799
5
222
583
590
941
505
56
792
36
476
731
18
669
321
366
926
721
402
645
283
210
84
185
210
545
458
505
260
957
246
239
959
412
51
592
923
213
437
708
98
654
646
992
669
139
523
580
335
92
461
528
295
15
862
983
529
852
500
647
510
635
127
862
634
665
372
120
975
491
286
825
256
399
96
797
909
83
750
267
511
750
315
482
463
90
852
338
768
215
598
467
40
116
194
48
215
508
723
265
174
258
40
681
740
444
231
531
916
37
371
85
254
5
739
426
220
202
200
743
971
274
23
539
782
322
76
773
383
824
322
970
546
38
264
447
104
627
455
752
846
570
335
114
123
368
184
125
713
153
419
901
147
596
520
82
527
1000
242
548
369
218
917
824
300
442
623
629
135
718
114
339
185
78
632
508
964
484
576
198
214
310
64
263
123
416
302
902
517
667
530
105
368
168
872
266
36
118
359
891
907
946
28
22
607
524
149
369
380
458
838
435
123
866
64
561
749
164
792
445
856
197
84
924
128
615
348
383
747
748
819
703
43
943
691
970
439
373
824
286
529
63
309
685
287
783
654
211
365
938
352
541
301
708
893
227
952
692
655
842
812
104
393
753
134
269
864
138
871
184
427
859
797
267
800
437
416
117
172
644
869
28
820
337
266
936
45
726
367
201
101
693
534
262
840
212
852
686
722
664
275
77
101
904
386
704
853
564
609
431
534
565
913
397
499
894
820
120
676
875
191
344
204
98
606
798
23
1000
94
617
173
998
415
210
33
779
993
674
692
522
416
641
757
103
172
933
640
116
422
69
554
877
530
50
157
602
109
911
586
44
581
416
337
503
448
301
249
532
335
940
11
677
453
170
433
197
878
456
228
29
659
681
491
417
981
385
156
334
47
836
541
495
257
372
535
128
918
103
408
487
953
192
242
714
316
799
730
999
485
986
190
34
299
90
671
929
960
873
601
331
285
575
2
510
621
703
299
200
290
199
950
185
342
997
493
966
461
75
918
144
741
674
659
386
240
60
849
590
111
970
572
218
872
489
398
204
930
555
630
428
156
733
418
180
824
172
341
876
736
113
842
17
942
400
241
450
298
590
354
64
632
534
883
997
981
444
992
495
727
10
2
367
27
619
459
243
208
410
575
5
643
60
187
15
880
710
749
239
414
37
624
762
477
886
557
785
443
662
622
991
580
816
302
691
543
127
30
686
330
126
715
29
869
420
741
485
369
80
465
881
921
794
666
574
624
8
351
79
745
870
762
309
817
911
946
451
257
507
459
510
104
140
963
4
168
201
602
317
511
390
880
822
601
549
63
669
604
554
438
230
761
623
399
555
784
906
497
550
121
156
849
464
882
200
253
834
539
242
706
90
166
976
162
419
304
823
33
906
440
369
724
433
758
306
685
840
117
604
522
533
207
182
205
838
95
987
199
539
311
413
95
925
747
108
10
408
122
636
573
681
916
233
321
60
924
542
285
762
743
477
528
799
38
583
841
874
201
376
682
518
469
413
384
156
895
459
6
848
216
371
783
347
894
591
82
805
836
577
500
398
813
925
494
857
0
594
645
296
883
646
992
551
448
506
764
608
67
424
996
702
930
443
869
268
939
345
269
473
461
424
939
575
31
546
606
599
869
542
609
844
907
269
892
1
750
458
527
109
218
273
768
522
263
564
608
820
961
540
145
781
895
664
580
132
128
75
256
502
337
56
34
736
532
916
617
616
854
659
542
241
586
1000
584
506
343
275
355
329
833
677
652
767
945
173
180
860
854
501
45
215
493
798
857
204
778
657
609
781
838
738
781
536
434
264
383
434
214
888
569
138
982
661
996
110
14
657
397
827
718
154
307
182
76
521
54
964
950
759
516
942
698
418
524
66
48
657
367
996
48
541
279
335
859
119
531
344
900
324
668
317
782
357
791
546
956
484
449
945
905
155
724
982
823
985
424
126
472
437
889
467
940
672
624
490
669
821
615
379
581
743
60
894
602
834
776
243
182
303
964
93
730
974
763
104
990
493
176
488
37
58
831
504
632
281
517
656
175
727
278
240
429
514
957
73
20
767
687
384
934
364
358
364
65
10
962
157
898
826
107
939
363
639
958
877
472
670
304
897
895
465
821
335
940
539
574
383
170
477
689
398
778
617
706
932
44
257
532
311
370
429
327
747
563
496
564
204
515
170
579
762
839
389
690
653
265
281
970
832
408
482
150
627
204
308
918
452
616
105
213
907
152
254
578
929
37
612
625
754
683
209
568
809
838
460
596
830
742
236
42
442
177
757
177
994
92
515
273
593
224
408
631
873
379
140
913
982
474
898
319
903
548
247
340
551
479
895
666
616
303
261
528
454
148
418
287
804
446
80
363
771
71
685
205
251
310
900
750
153
790
464
298
882
75
44
6
513
372
779
759
612
802
185
472
119
278
773
1
742
191
945
614
620
175
386
503
732
657
438
291
435
985
556
684
35
152
923
47
230
887
399
209
532
747
727
24
907
549
63
781
77
173
815
295
784
48
895
562
850
460
226
372
568
551
675
543
352
787
504
518
459
943
497
556
2
302
106
439
564
229
726
293
724
833
489
247
390
227
994
424
995
212
31
399
244
739
663
146
673
912
237
577
699
220
691
751
231
757
845
279
789
80
334
944
711
60
539
418
316
535
454
806
196
795
391
357
966
352
353
767
685
319
341
693
935
421
586
540
14
792
555
948
558
417
186
78
919
610
96
327
182
817
924
366
338
216
937
332
918
952
245
826
988
251
598
439
162
6
927
556
585
536
886
216
329
313
247
251
869
153
859
333
95
413
772
766
681
405
596
721
567
122
506
743
500
810
884
961
860
254
916
694
499
452
517
635
781
865
884
488
670
753
820
637
906
745
242
872
338
679
862
287
594
472
496
412
785
753
312
509
254
405
894
792
689
715
488
124
128
454
924
754
813
863
538
275
949
198
567
964
64
11
996
108
428
895
979
669
787
760
621
911
788
784
927
365
941
97
78
445
15
960
860
17
428
591
136
861
570
711
380
852
467
505
353
97
248
308
443
556
32
370
788
298
446
942
483
196
416
292
188
193
152
75
381
661
971
968
239
580
336
244
247
23
2
441
322
272
242
861
514
320
166
307
146
707
167
985
490
6
924
381
959
279
676
724
845
63
803
882
834
253
822
783
666
909
772
969
591
225
286
45
12
213
741
422
65
683
637
775
749
462
594
367
624
713
998
380
536
551
873
144
935
481
822
67
798
674
990
151
674
124
64
319
957
631
894
955
213
675
286
199
47
965
198
380
716
347
279
279
673
653
508
957
125
497
672
129
266
690
724
446
385
503
213
428
28
238
141
331
555
909
32
432
580
594
627
204
330
872
897
943
140
105
150
173
285
316
396
20
97
538
418
230
573
678
115
670
313
375
589
102
149
508
65
404
469
693
881
278
598
286
505
914
282
649
624
42
593
849
29
82
511
267
634
742
915
863
904
835
622
854
511
947
561
115
266
70
767
756
814
168
211
694
712
231
845
168
599
465
792
317
357
884
394
873
310
137
384
582
189
472
430
221
506
726
445
268
321
675
460
540
923
95
427
304
136
485
505
816
864
1000
922
254
908
547
831
817
975
231
991
667
599
214
881
441
551
692
492
550
74
218
730
215
822
729
536
634
880
554
402
685
849
63
587
558
695
747
569
37
795
226
837
851
240
657
312
474
1
223
691
648
709
254
627
956
972
806
658
304
322
544
810
812
838
791
427
970
214
120
554
412
793
453
793
113
704
947
466
960
331
886
124
824
827
298
726
874
951
514
945
982
794
380
464
704
961
646
172
536
973
389
133
290
631
425
558
867
592
991
542
538
595
365
643
708
310
953
941
555
716
431
378
231
374
215
766
870
995
277
323
677
962
236
849
228
825
784
867
34
724
246
408
528
760
745
397
977
258
573
177
261
604
524
237
661
890
18
47
701
831
725
945
589
917
164
438
989
473
89
544
910
668
932
126
717
642
758
363
407
781
10
742
523
802
152
571
985
177
519
573
384
946
686
663
633
794
432
306
808
852
27
656
627
268
757
161
101
908
59
84
354
473
199
872
545
610
860
786
226
295
202
538
254
725
979
669
950
89
323
260
392
818
675
892
893
57
248
909
414
131
432
872
541
674
772
736
476
181
48
58
776
44
579
67
118
138
612
658
519
989
407
831
859
611
295
972
989
845
427
490
65
475
47
862
733
472
706
700
463
842
782
127
335
977
975
218
782
803
186
949
690
216
13
216
593
320
273
125
300
185
868
898
935
215
261
494
803
173
210
794
863
237
773
295
976
124
681
450
466
919
18
627
120
188
229
14
922
414
390
464
52
855
637
585
376
4
27
505
724
360
516
716
708
129
393
164
811
267
806
210
390
331
287
79
43
862
958
552
378
475
342
608
44
375
88
938
948
616
748
457
518
832
139
357
33
923
138
634
323
199
214
555
189
0
296
519
325
673
332
290
439
203
954
473
916
277
866
5
152
934
687
951
838
137
890
809
284
138
426
167
573
664
266
531
497
736
533
929
877
13
37
149
579
675
705
69
406
580
104
771
227
221
27
882
380
835
64
296
174
618
327
527
191
419
670
585
153
993
142
384
448
819
518
455
218
83
996
177
39
516
963
412
616
330
345
977
214
172
252
769
356
641
776
39
915
499
828
95
208
547
864
997
630
973
769
256
716
207
85
138
501
860
416
507
972
19
605
994
451
468
798
581
163
543
889
63
53
361
966
373
651
80
152
703
378
904
751
472
435
468
421
859
257
75
671
98
887
369
691
991
836
201
865
16
191
833
911
52
758
3
797
657
207
395
58
946
433
728
506
751
414
670
573
544
611
904
484
890
691
633
880
119
158
654
579
288
452
813
5
963
16
645
593
121
546
139
819
261
900
573
304
140
162
463
504
962
502
567
105
255
185
119
307
563
843
329
886
809
691
485
462
108
658
512
379
602
807
76
529
748
726
844
498
883
399
351
360
178
648
770
339
763
584
313
826
277
92
474
486
654
861
911
491
309
84
582
206
399
601
616
738
538
431
367
406
154
312
746
150
561
870
496
746
913
101
18
146
574
481
556
371
833
386
528
162
478
803
784
411
212
217
487
320
329
374
779
630
796
297
643
803
773
95
679
646
869
160
684
108
533
418
582
760
18
369
423
998
560
629
322
825
673
947
593
871
851
756
667
329
580
957
156
370
306
825
266
441
995
387
873
999
328
891
250
687
81
913
263
377
65
219
888
833
609
18
156
843
661
348
363
152
473
99
40
91
689
132
688
967
318
353
998
968
903
460
532
211
87
326
364
604
65
861
649
839
513
608
312
344
617
28
482
37
848
271
638
68
8
933
119
670
61
631
854
81
499
318
884
152
505
332
358
104
404
359
54
481
75
891
247
140
140
248
322
682
796
696
935
318
186
508
222
965
853
467
612
537
451
176
508
83
732
919
53
228
16
150
240
740
650
982
590
121
685
298
724
334
286
330
31
519
377
922
931
812
775
584
31
714
863
640
826
397
363
15
110
711
870
248
884
561
260
677
288
361
534
43
482
736
10
76
614
205
363
870
870
937
581
907
779
587
932
363
798
716
658
761
506
683
763
503
879
444
124
299
404
60
3
453
668
653
62
42
14
363
693
358
205
346
691
836
844
583
358
366
340
212
74
761
660
193
261
74
604
646
654
323
912
813
974
71
305
402
998
338
677
576
479
233
321
812
984
711
121
989
672
714
852
820
471
568
573
151
25
759
714
710
666
221
101
862
888
544
694
60
506
748
427
876
134
442
347
122
738
608
361
9
495
372
269
758
900
202
835
653
218
394
816
940
170
144
912
642
224
564
354
726
4
1
676
154
898
509
634
622
432
548
157
243
691
555
956
739
612
159
206
919
626
924
794
925
110
243
394
914
23
723
79
256
312
92
212
962
778
268
334
884
208
20
490
679
949
905
346
294
524
874
302
824
275
865
485
14
829
349
451
893
890
124
619
797
913
426
473
765
613
184
763
297
406
723
980
489
52
579
296
447
216
516
53
164
283
103
267
110
129
762
363
916
992
775
468
779
280
412
211
895
538
35
303
480
29
559
567
442
24
840
206
510
469
938
833
864
69
306
473
341
748
989
794
241
530
722
398
128
233
870
92
600
252
435
766
133
14
640
105
228
245
582
426
288
726
458
332
970
85
773
181
389
86
274
988
991
741
853
401
61
842
620
366
51
490
840
763
656
228
813
765
456
129
953
319
402
628
399
359
714
875
377
483
961
477
538
101
203
483
691
683
341
582
691
661
280
547
277
599
795
735
603
891
862
391
258
263
971
746
230
630
986
751
569
951
48
920
438
612
839
853
272
994
701
591
788
988
236
283
616
587
260
262
269
151
571
306
854
320
395
317
422
180
534
591
634
377
609
136
309
904
719
779
2
35
686
206
882
203
997
859
828
53
579
942
15
592
629
450
197
362
103
246
652
958
26
101
701
93
211
461
488
685
319
748
656
787
602
694
356
548
825
994
459
545
37
895
782
902
207
963
54
946
279
163
539
228
791
756
999
386
858
745
250
834
302
550
522
181
43
987
331
110
841
712
896
351
679
378
182
92
665
280
563
642
131
569
439
904
275
121
69
553
899
179
347
817
926
271
53
161
97
214
869
359
90
65
833
513
835
582
572
84
216
139
431
297
684
956
386
9
116
271
26
109
913
686
203
214
631
563
218
684
402
171
503
141
270
940
334
550
862
889
508
383
738
105
946
184
927
685
677
951
545
369
620
582
500
379
984
456
987
107
618
658
355
850
502
893
940
780
38
997
135
351
759
873
755
511
229
113
401
112
759
719
979
143
907
246
80
509
585
148
482
684
428
269
379
905
815
424
108
802
688
338
321
951
296
820
454
783
510
380
936
199
80
214
488
91
253
861
35
525
321
214
997
839
400
657
445
662
328
194
647
580
70
870
314
130
564
337
673
117
589
26
588
159
294
658
272
275
663
927
830
69
239
695
534
681
386
500
755
906
464
982
344
927
340
40
89
204
215
921
111
537
845
312
500
818
263
179
183
849
180
434
894
453
594
539
285
148
551
698
63
84
788
472
117
13
229
374
589
212
107
915
391
102
757
509
37
252
790
228
466
203
485
852
736
916
111
16
565
949
163
366
883
582
605
205
537
43
570
346
832
862
305
42
52
226
380
635
860
146
412
431
284
357
36
189
95
364
460
776
345
618
593
898
14
445
160
567
95
522
243
179
70
788
345
410
496
36
609
192
643
177
614
996
191
830
663
147
0
167
515
111
252
724
258
167
14
919
966
855
409
780
760
579
108
297
971
705
309
810
177
165
92
156
612
983
133
970
31
172
501
92
152
904
37
932
208
797
731
912
414
421
752
919
944
997
507
887
396
997
940
328
656
550
932
92
566
95
180
160
385
252
198
842
926
409
374
670
273
892
768
795
168
56
787
867
190
162
849
989
780
999
753
674
192
825
909
924
107
155
118
877
803
63
925
576
330
1
59
