483
659
991
178
944
335
624
907
771
715
692
40
397
120
988
374
389
636
154
585
97
224
752
877
590
567
511
229
339
824
791
206
285
126
365
180
792
826
243
87
732
158
410
563
656
206
362
361
344
636
41
653
929
684
297
312
619
453
104
306
133
714
456
829
605
129
483
43
708
467
937
323
481
371
768
203
919
150
19
929
270
492
232
732
371
963
367
78
599
775
802
465
493
134
169
355
594
988
630
162
172
533
801
513
506
872
248
965
357
621
873
784
439
780
649
94
1
573
347
403
32
468
826
488
56
92
507
451
906
595
40
478
801
239
43
683
120
959
814
139
74
758
953
552
419
712
371
561
64
967
5
639
722
253
616
649
391
331
686
969
290
420
700
696
199
335
991
572
880
34
912
778
105
172
136
252
608
543
553
715
204
862
754
322
297
216
421
774
998
66
511
89
530
301
869
539
377
450
611
250
695
872
530
687
149
418
684
289
438
632
32
690
262
124
323
381
424
754
910
711
40
453
961
447
234
118
761
491
743
215
193
710
777
19
344
493
103
256
968
728
433
179
663
849
805
357
357
871
860
895
294
803
882
385
804
534
47
859
866
855
696
469
674
862
635
664
44
49
793
181
743
286
622
222
43
369
6
899
80
765
599
186
4
946
284
433
983
294
913
878
363
156
508
256
364
741
814
300
64
764
184
368
611
72
126
373
256
663
766
765
100
427
263
71
952
793
738
640
291
2
337
43
503
215
177
94
429
778
949
525
323
800
494
993
557
587
839
348
865
218
384
443
403
879
976
568
61
19
131
782
638
647
655
391
694
136
101
175
883
318
180
248
221
346
815
905
147
514
742
173
711
491
887
893
825
529
954
739
268
591
21
316
310
549
970
732
150
783
610
960
647
101
273
745
700
142
167
695
861
869
590
714
324
752
436
751
580
445
181
280
933
228
161
433
181
7
214
249
40
39
229
319
232
520
494
603
126
895
34
892
288
646
228
203
40
501
126
653
472
819
475
199
485
943
498
533
769
390
354
169
543
80
886
864
260
94
409
247
406
651
565
234
345
174
272
922
148
323
248
180
209
25
948
604
309
501
646
691
704
248
183
616
321
839
232
141
735
999
678
471
930
163
840
931
116
698
165
514
419
26
286
117
353
568
9
915
5
961
622
248
1000
317
530
496
49
269
321
441
303
593
995
851
304
529
605
926
275
386
386
203
900
448
863
724
844
340
901
921
983
135
165
959
989
400
787
818
620
614
610
990
669
97
351
328
414
808
536
312
609
529
504
522
857
973
797
462
941
420
630
983
337
862
422
579
177
280
908
694
671
875
278
224
443
124
301
951
360
614
773
713
549
813
329
633
303
745
366
5
345
481
35
775
911
529
463
541
393
336
883
547
591
339
439
316
354
205
701
74
258
319
589
165
376
103
295
12
1000
934
251
496
811
648
252
336
87
287
825
749
106
866
528
904
247
55
75
379
244
526
231
366
173
847
986
442
959
866
603
708
924
465
799
283
738
906
715
284
678
510
913
578
905
559
695
865
787
357
426
733
541
665
344
656
715
349
833
991
338
14
753
874
859
81
552
658
641
158
687
72
765
188
124
876
489
495
62
636
43
603
868
907
846
59
55
286
709
62
731
527
403
590
74
501
749
491
248
915
413
702
934
729
446
743
992
903
411
940
80
730
392
644
440
428
345
864
472
707
728
921
205
444
633
21
193
421
78
217
293
758
536
223
848
388
772
678
510
918
867
18
289
766
163
147
914
974
75
90
943
470
830
203
188
76
412
131
38
510
79
809
757
894
867
329
320
492
804
257
811
389
901
512
264
938
961
276
189
751
719
145
170
969
80
421
805
761
446
189
567
276
201
306
641
972
910
486
75
116
351
502
12
993
941
857
145
275
343
479
634
112
71
87
897
637
502
106
847
773
616
799
98
70
640
37
408
845
18
612
869
117
440
985
111
872
260
145
104
181
411
494
277
415
44
898
159
282
922
343
568
599
387
11
454
21
606
884
924
105
132
219
20
720
376
773
558
587
251
596
142
570
953
21
817
221
664
947
823
813
590
975
357
193
340
4
285
890
524
692
982
22
98
272
677
723
679
220
738
490
212
81
825
522
296
110
411
772
805
465
789
917
33
603
329
721
170
346
274
277
569
651
573
602
617
330
758
29
618
971
703
555
766
658
484
160
727
36
619
305
989
135
255
919
528
382
737
285
952
261
465
95
661
654
356
789
764
136
5
589
944
894
700
283
645
983
282
918
802
630
195
270
586
764
250
715
95
959
556
992
611
158
875
94
735
409
919
268
203
826
466
245
686
944
375
118
760
628
681
392
34
949
563
793
347
549
834
512
711
533
636
625
981
512
406
129
410
648
515
134
773
925
481
626
824
37
575
184
811
88
438
430
479
867
603
998
137
79
630
150
626
798
551
439
216
42
939
627
116
859
126
15
99
614
692
197
351
173
603
132
937
456
141
777
877
18
69
952
672
392
828
780
840
1000
808
896
852
535
238
857
232
819
604
950
252
729
569
321
744
844
637
498
332
536
677
752
248
795
708
196
309
121
912
124
568
141
47
192
803
491
47
924
621
800
525
181
882
232
615
614
489
36
578
818
100
464
436
720
93
405
663
948
996
558
405
12
511
251
904
204
832
743
729
511
689
154
605
960
491
742
161
587
292
81
730
99
196
563
696
679
662
22
11
423
585
176
654
847
910
379
615
13
83
836
886
874
527
934
547
943
227
794
310
797
605
13
592
558
690
73
975
202
685
901
763
783
252
782
572
133
222
597
676
703
817
178
744
900
507
272
663
791
351
51
990
436
893
680
331
822
26
835
616
170
905
258
589
393
816
160
104
689
861
266
453
297
405
568
299
525
214
61
254
842
241
99
692
475
573
953
308
46
508
134
266
99
19
397
628
622
211
693
496
434
41
240
39
765
602
989
580
787
249
953
25
434
122
382
944
518
870
198
816
68
76
591
398
286
265
847
413
720
751
152
821
391
672
191
398
542
745
548
444
297
958
619
345
584
602
528
571
214
165
600
549
931
259
804
516
923
834
423
944
733
69
761
184
366
199
283
748
806
82
482
576
243
906
285
44
514
666
558
491
847
913
303
397
880
966
967
427
985
192
497
87
855
976
70
522
59
24
440
651
406
183
474
430
445
403
671
883
449
150
617
127
478
254
803
712
903
218
194
235
548
762
666
969
280
597
350
804
956
560
137
187
404
790
70
24
503
775
784
761
288
270
36
259
69
344
290
714
925
685
730
400
797
974
817
584
147
238
728
561
168
965
137
45
122
700
472
942
651
827
654
299
405
829
8
171
362
83
41
618
81
617
467
360
486
9
123
124
533
992
724
360
390
352
167
640
771
620
269
796
168
848
333
525
115
799
909
241
202
120
824
243
242
119
487
173
946
530
517
978
784
125
41
126
620
378
38
785
86
108
239
296
436
873
634
658
733
477
239
882
537
55
694
666
954
467
468
669
347
210
953
198
655
22
247
21
962
647
50
491
220
102
283
654
942
687
920
585
988
274
895
66
891
33
466
96
501
523
7
237
228
678
940
506
377
651
561
570
623
310
61
437
323
654
165
441
217
819
46
389
873
509
423
69
627
413
977
678
109
999
622
834
908
100
947
81
649
357
389
59
857
940
889
759
962
665
362
733
426
17
424
85
794
353
557
464
416
38
616
750
741
988
690
448
337
337
795
508
644
134
734
611
284
177
698
469
700
152
949
695
44
43
957
89
631
295
627
650
301
29
266
315
299
490
512
896
779
49
264
563
946
560
781
376
366
827
620
830
45
306
183
531
119
403
835
10
998
265
883
61
160
458
835
313
896
297
510
29
598
325
690
956
404
591
108
72
873
761
337
715
242
845
450
271
806
824
536
923
450
513
964
698
921
411
779
873
112
376
561
264
736
793
430
62
812
299
419
978
413
276
819
721
948
188
789
448
830
305
298
504
752
667
430
590
875
984
51
794
740
543
133
577
705
297
600
188
638
872
602
672
967
476
263
111
817
814
897
220
287
68
115
955
137
738
970
127
420
962
627
540
36
993
618
980
124
434
605
103
883
609
670
32
554
150
689
82
980
841
592
984
54
816
536
815
784
583
924
940
735
672
33
772
206
243
797
312
453
807
604
444
694
929
28
498
568
103
602
759
714
507
884
493
906
526
865
616
604
177
288
14
895
658
557
346
925
248
106
715
721
239
49
842
691
156
266
810
976
150
803
933
825
426
637
536
395
395
696
556
718
875
452
843
756
213
240
520
70
19
638
359
801
302
411
797
759
409
570
5
50
324
374
593
799
800
639
935
446
368
116
500
187
408
457
274
543
640
416
482
999
212
610
246
401
48
187
801
667
242
575
950
704
405
895
658
590
208
68
339
556
873
765
242
547
831
738
662
55
460
438
618
1
862
159
677
809
807
895
483
182
266
777
544
889
655
967
448
98
876
759
965
61
344
39
509
800
372
118
717
196
678
685
978
112
322
816
248
411
862
810
667
547
267
593
252
928
350
744
10
692
614
933
57
138
707
625
488
159
579
77
655
178
309
556
808
302
390
762
387
170
771
498
843
945
881
830
570
452
511
402
792
478
346
734
164
537
363
966
237
513
645
279
521
319
381
476
22
17
649
308
24
626
312
547
698
763
62
686
89
936
378
348
170
975
643
905
661
112
728
262
541
17
878
721
922
508
611
892
200
644
594
685
450
948
745
566
584
865
207
279
434
217
938
804
192
966
924
898
484
291
700
800
115
503
434
848
498
741
257
536
646
304
99
511
721
822
342
189
49
317
30
853
263
182
926
751
362
383
723
28
77
343
660
826
812
275
118
230
721
323
793
373
801
799
624
799
724
568
386
337
310
924
626
305
327
555
86
458
116
690
954
740
239
108
736
139
943
844
316
96
828
663
708
447
38
193
8
743
643
345
115
160
776
638
204
192
146
428
120
687
764
496
382
186
541
535
67
35
753
661
60
63
415
742
442
297
191
702
470
136
697
887
777
625
258
942
90
724
334
469
739
487
869
413
886
857
379
142
747
889
416
179
233
933
320
914
712
219
495
804
549
220
933
236
101
457
766
995
253
970
274
391
665
197
866
995
253
688
186
289
409
39
38
797
95
838
736
574
718
328
378
391
223
834
962
804
570
670
503
899
246
186
441
538
575
914
917
265
329
477
221
176
377
644
863
114
25
363
154
959
407
701
940
358
792
734
162
841
407
769
810
21
741
284
815
831
421
18
582
458
130
944
778
576
780
88
387
942
248
218
838
671
209
498
472
538
667
865
743
909
320
549
17
879
48
772
469
29
375
390
357
274
997
195
979
365
169
310
716
295
636
296
877
627
566
373
669
974
908
766
475
670
30
356
328
251
334
871
510
201
355
457
667
95
912
998
713
996
375
271
680
190
645
824
924
579
871
266
950
179
422
896
163
630
476
502
405
598
612
663
137
786
291
408
865
569
707
240
703
758
237
220
774
57
376
4
932
384
797
613
606
874
969
105
912
865
342
378
578
850
804
623
792
793
331
719
504
487
125
998
964
782
551
634
427
798
44
111
150
946
496
399
921
986
214
164
918
558
60
607
373
406
420
143
269
811
369
622
538
647
965
470
343
507
122
808
734
314
718
130
865
797
870
371
45
648
412
705
411
671
812
361
982
347
347
8
666
264
49
375
378
49
934
250
456
7
240
264
246
655
840
908
717
519
38
826
863
995
929
807
392
592
524
575
526
489
324
395
848
948
24
787
577
168
588
850
746
399
204
875
923
873
236
946
119
61
397
25
915
45
777
148
484
228
340
730
61
117
734
396
772
699
638
160
674
889
601
169
426
905
535
943
650
488
53
668
782
213
823
579
415
613
554
592
547
323
152
276
837
460
809
232
695
463
773
556
818
364
289
238
66
586
25
856
774
438
610
358
242
541
412
322
506
923
767
860
804
519
131
745
238
955
160
45
908
757
798
117
410
688
555
534
271
341
160
23
516
923
813
484
74
778
273
116
792
407
978
125
240
709
132
894
644
772
988
838
530
937
295
686
461
896
679
865
415
117
965
83
86
554
680
641
413
168
261
844
11
500
186
422
676
419
555
565
301
24
397
59
979
729
128
451
971
24
58
489
228
757
680
756
830
949
877
78
958
860
978
205
366
47
451
440
961
281
16
299
920
771
81
759
706
637
374
831
76
524
206
322
476
146
298
992
555
397
653
436
442
40
980
600
458
632
473
788
245
704
878
983
139
331
377
170
725
801
123
264
375
845
11
610
959
15
555
24
735
192
902
9
427
3
362
510
351
42
68
672
35
997
723
201
3
175
206
916
146
404
422
481
131
380
215
576
302
194
671
382
510
39
104
15
773
354
441
175
774
541
433
748
80
248
938
890
278
774
134
273
580
265
854
231
273
728
941
42
698
88
878
80
214
645
383
266
108
328
13
858
387
593
347
60
956
918
70
945
133
68
579
384
468
244
223
290
194
960
686
750
370
943
359
425
382
657
713
22
687
943
888
578
516
609
503
517
62
299
472
79
403
414
601
572
549
309
79
454
684
619
273
831
844
576
844
275
414
931
712
408
999
848
357
646
685
471
174
475
576
737
714
238
383
903
582
818
125
999
190
279
732
924
433
807
734
647
8
718
971
58
584
730
629
3
459
393
347
530
753
417
762
468
112
445
35
359
813
227
800
959
603
873
992
96
10
121
162
182
546
391
581
42
912
422
195
474
716
173
621
347
7
215
388
780
735
690
990
289
168
296
471
671
108
838
313
770
701
608
342
254
630
429
972
418
395
309
144
899
661
365
824
688
90
134
320
795
597
779
333
670
435
442
338
931
451
60
213
842
578
224
521
774
446
781
330
869
110
134
221
223
45
369
937
789
1000
623
719
476
524
10
292
682
719
471
428
369
389
720
405
891
569
115
775
21
133
626
715
811
987
503
942
295
367
608
609
567
115
254
45
625
293
237
819
982
34
111
67
988
427
221
2
699
241
550
950
320
371
695
910
872
66
736
912
742
138
528
478
673
403
729
58
149
164
542
264
163
718
422
880
832
817
316
313
786
751
189
718
364
529
478
631
412
36
484
302
291
350
600
525
494
472
197
80
735
674
84
913
562
749
705
524
316
291
457
109
613
896
878
51
422
782
17
465
205
436
583
790
780
214
581
722
566
311
671
262
230
575
259
980
716
486
329
15
430
69
648
768
849
592
57
487
334
728
583
519
28
651
260
406
349
217
456
969
955
494
550
996
0
370
744
139
841
140
851
610
737
113
179
186
898
337
620
858
784
507
733
243
598
979
133
954
249
331
294
307
138
241
687
557
780
43
240
940
156
301
214
656
639
400
101
603
842
541
316
296
820
476
845
75
838
772
474
328
300
742
656
499
332
620
263
200
403
856
740
653
822
143
284
331
643
387
488
986
764
462
820
765
272
5
991
124
408
556
475
664
165
916
126
447
428
814
913
535
18
20
726
219
468
485
788
51
566
753
700
492
159
474
192
728
604
683
330
630
912
710
662
983
344
798
48
777
320
653
128
470
347
763
969
508
669
262
635
591
591
448
855
422
525
65
153
744
590
107
512
827
157
723
803
282
176
553
846
516
842
285
853
949
480
793
527
56
734
787
599
759
213
911
831
533
300
839
546
935
106
626
739
613
426
938
732
180
576
625
642
625
300
768
625
478
815
564
485
331
651
959
372
926
32
792
322
249
128
778
135
722
605
802
443
24
205
340
470
804
296
937
379
993
681
9
907
127
121
545
150
525
406
56
566
763
690
758
251
928
393
716
75
29
111
949
874
824
189
502
427
101
930
894
21
705
231
33
545
265
211
891
919
438
931
2
390
237
729
485
358
118
416
130
442
671
20
123
36
437
280
167
670
326
908
386
25
250
616
242
313
560
3
565
409
597
96
42
502
884
735
871
613
775
465
84
171
696
37
663
432
224
378
139
654
556
501
315
667
311
497
152
105
240
253
481
60
457
778
62
421
532
397
25
537
782
70
284
118
252
704
325
380
208
535
862
758
374
556
328
714
502
685
869
473
839
821
302
541
141
258
331
324
843
718
870
674
748
911
288
531
251
403
413
219
612
64
896
952
723
490
293
221
369
788
401
359
445
610
438
70
440
827
702
569
979
800
10
62
154
668
769
310
702
357
708
519
322
697
917
925
311
357
86
739
123
559
613
625
718
632
781
891
602
975
407
111
726
851
67
822
944
964
42
750
644
628
476
667
420
159
979
961
413
992
334
634
172
489
481
260
817
999
499
739
543
139
58
829
846
388
406
772
725
156
747
61
682
849
996
542
922
390
989
527
867
593
615
767
855
275
361
170
261
132
714
903
847
227
384
517
988
769
878
77
301
282
428
585
455
231
762
844
241
1
229
955
807
204
313
284
912
86
462
126
868
825
295
695
290
352
962
833
38
453
76
605
409
113
482
314
429
618
282
230
992
608
837
758
668
911
237
93
543
769
103
347
487
648
124
184
318
834
748
353
981
211
82
566
920
364
421
368
369
896
281
182
979
500
325
575
449
695
471
387
617
905
517
648
534
69
300
730
836
731
815
313
563
919
722
400
960
485
872
316
339
794
498
937
676
973
588
705
446
588
112
648
931
548
725
292
723
605
198
712
886
777
349
804
894
21
832
837
999
605
104
325
968
142
415
753
224
730
371
96
519
192
476
586
213
695
451
406
594
137
146
268
970
177
652
371
850
338
205
361
762
851
975
746
916
347
1000
912
222
478
267
828
92
745
94
463
125
549
214
772
458
331
486
562
257
876
670
683
343
467
173
749
374
765
455
319
936
388
703
987
409
602
781
159
357
262
41
565
259
312
703
826
455
746
306
306
112
489
405
534
642
372
758
796
363
891
159
646
553
349
986
39
247
484
265
480
337
660
608
467
872
73
458
659
286
254
174
975
36
374
563
641
519
125
256
323
983
976
554
45
854
153
526
687
600
452
660
302
349
633
834
233
416
713
606
755
423
565
411
532
521
564
375
374
106
104
713
174
886
448
484
694
489
298
281
305
262
510
76
855
543
981
977
957
278
527
181
721
696
700
816
763
195
829
511
759
774
265
392
950
658
999
379
895
671
120
425
554
225
193
951
431
835
606
567
541
508
545
804
616
172
311
935
208
618
407
227
683
514
930
302
67
81
469
581
403
384
531
879
857
883
918
358
777
970
987
889
861
823
212
4
93
279
362
328
432
809
483
630
953
560
729
466
913
868
229
12
566
440
546
780
654
351
633
964
291
728
911
174
602
665
502
897
729
213
389
509
757
190
447
734
31
768
401
388
682
130
533
980
185
476
17
75
415
621
698
604
234
716
797
669
211
880
536
711
16
261
300
1
794
114
159
404
773
968
256
791
71
179
163
166
919
639
110
868
157
673
211
436
52
840
377
366
159
978
702
792
46
484
45
342
176
394
687
91
684
139
709
672
590
256
319
107
349
162
358
332
128
358
476
470
51
40
955
742
939
663
800
127
624
765
945
549
825
716
571
419
664
713
483
250
712
798
197
451
446
318
337
332
129
990
737
150
724
350
204
283
63
840
366
559
152
25
892
595
154
489
292
333
3
266
142
753
995
640
408
228
306
942
522
6
984
75
242
716
421
571
843
695
338
811
409
38
686
13
886
729
132
55
804
423
913
884
620
892
223
819
829
316
212
430
906
450
271
527
651
578
947
69
223
696
58
811
614
636
204
246
703
211
218
423
530
393
991
949
626
125
735
769
10
239
837
213
111
295
863
921
358
733
964
774
477
219
74
536
402
800
73
335
285
256
425
2
102
532
965
936
36
394
625
916
980
106
977
288
72
866
384
556
496
559
525
912
634
478
258
818
667
829
51
188
354
88
260
192
830
40
745
90
978
123
750
558
438
670
351
212
93
25
752
874
344
281
606
540
769
637
710
214
980
665
553
485
736
417
783
265
21
966
369
955
474
11
778
453
620
535
68
108
521
592
904
36
448
507
835
218
531
872
877
418
380
573
382
259
92
698
73
216
930
207
530
431
593
978
877
761
904
683
894
602
807
658
800
80
560
487
703
600
203
373
908
321
649
992
262
318
665
398
444
447
277
574
44
661
38
687
232
367
408
948
982
942
771
271
895
32
846
793
149
637
378
281
28
9
239
676
780
766
794
674
286
549
259
193
180
140
557
286
55
28
455
807
877
881
749
20
726
790
734
374
712
581
958
751
700
969
345
296
439
532
398
222
752
520
484
841
68
139
734
938
110
227
842
322
44
1
976
447
58
977
598
829
110
981
477
948
193
148
98
840
402
114
969
487
220
816
823
402
225
753
261
281
389
113
568
939
342
919
257
840
680
616
18
335
458
213
782
726
280
899
106
938
484
512
365
602
152
559
92
882
93
111
403
178
435
766
580
476
752
341
448
499
932
195
780
455
257
692
822
745
750
27
180
603
98
83
493
506
504
69
48
397
501
908
528
30
552
666
557
608
439
745
35
943
648
72
877
128
665
390
589
355
681
219
339
168
637
219
625
827
517
802
186
181
934
133
49
457
329
286
857
386
698
172
78
702
214
858
302
880
230
318
712
180
176
410
338
405
822
610
876
467
928
201
204
846
268
875
279
295
381
970
102
978
476
228
950
525
511
37
462
881
156
576
128
329
832
675
610
876
297
509
402
816
291
852
482
589
772
454
44
923
79
255
330
663
375
814
651
702
707
291
236
679
303
301
614
656
58
753
58
50
361
735
732
4
653
264
927
784
630
557
806
407
82
143
312
575
863
397
969
946
257
496
238
881
655
663
47
235
28
109
59
782
704
873
228
386
82
151
329
590
155
897
598
357
72
507
498
491
851
214
318
510
110
193
24
530
382
189
621
150
671
347
195
506
669
603
568
589
939
150
747
877
583
490
30
599
491
207
603
35
380
857
694
133
769
592
93
992
251
647
627
235
936
265
255
775
257
638
795
459
602
570
178
300
268
915
81
440
66
244
755
479
881
689
131
35
491
361
945
538
212
896
933
803
330
857
235
48
594
519
528
589
210
912
94
426
493
312
775
203
284
811
819
415
704
901
831
183
296
308
19
500
137
625
247
915
851
517
604
843
462
557
694
320
455
80
643
672
925
860
235
690
449
34
864
77
60
453
507
291
19
228
967
381
228
762
116
382
784
839
769
114
295
892
590
741
258
174
708
98
623
560
696
716
828
708
904
347
348
133
244
555
724
791
641
270
138
592
190
230
702
78
141
873
187
960
353
421
89
757
645
87
39
186
430
785
241
81
689
160
353
293
701
185
25
388
634
636
174
700
900
500
407
955
546
38
621
762
163
679
447
257
17
194
810
871
349
471
533
812
174
362
990
583
639
342
35
286
951
326
506
440
839
711
521
323
541
852
203
599
569
313
112
571
63
29
164
983
406
507
833
484
522
913
620
688
395
465
416
741
123
774
221
258
114
662
419
499
156
729
994
803
225
874
97
786
24
379
50
515
658
433
766
878
839
621
938
119
881
740
116
410
572
57
536
636
205
839
502
729
102
403
646
803
565
653
232
392
349
350
745
967
268
6
979
442
229
679
823
689
111
304
787
882
242
105
114
880
693
6
930
927
823
255
734
56
920
429
104
813
160
690
976
661
178
732
937
290
476
654
73
772
675
840
953
675
497
225
216
69
204
674
677
671
233
780
752
325
135
256
58
664
586
266
65
225
493
331
597
262
571
702
86
511
266
716
572
241
431
839
23
376
733
305
686
1
662
56
56
931
224
876
994
494
428
58
53
315
833
68
412
333
769
356
706
143
887
841
425
962
85
485
371
473
850
641
711
625
970
339
924
760
240
43
300
253
490
160
574
949
451
895
915
675
208
798
374
205
645
77
310
884
499
550
222
660
697
904
269
915
162
201
18
467
814
789
659
353
991
783
180
645
176
39
132
390
294
524
983
530
485
833
787
251
860
66
458
474
524
63
164
703
249
599
399
65
676
832
35
871
146
250
819
754
146
214
851
514
373
680
547
250
665
933
700
240
620
917
87
544
152
837
693
961
914
599
306
337
400
168
156
547
382
267
88
921
868
142
671
481
1000
789
210
799
543
13
655
691
913
627
303
801
507
895
703
382
843
915
844
364
133
276
770
853
535
387
717
93
422
235
160
453
461
960
567
434
583
926
808
376
604
43
423
471
826
714
802
64
400
582
505
319
127
648
381
127
973
811
879
782
728
445
967
991
726
946
538
450
557
740
545
528
503
924
893
347
182
194
621
35
687
543
232
145
941
460
315
173
740
320
347
56
280
208
232
854
232
84
29
705
344
802
68
251
892
874
605
989
20
42
78
520
478
325
300
85
503
434
859
986
824
80
550
762
414
443
386
202
156
890
274
882
130
207
75
376
255
350
51
578
93
917
850
407
818
102
700
473
790
773
382
700
212
635
363
97
566
815
87
391
83
665
427
909
206
737
285
400
289
719
907
538
464
224
635
253
633
898
278
677
142
426
748
646
837
376
731
766
482
736
340
235
869
152
299
595
703
244
233
485
159
931
237
120
93
119
420
341
644
849
279
365
742
296
107
613
567
79
578
301
280
100
115
426
777
150
356
730
587
742
421
519
239
50
234
403
989
238
952
824
719
472
861
768
817
94
841
793
12
366
156
800
120
288
932
374
809
630
188
722
403
312
901
263
842
525
275
235
993
494
261
315
465
402
577
414
226
952
408
43
990
505
173
389
531
952
70
632
175
885
43
750
534
461
749
938
19
179
863
26
791
487
141
627
694
119
368
133
140
543
29
685
518
349
192
29
618
699
99
740
291
117
823
292
938
238
328
429
28
424
889
18
908
362
671
969
953
752
361
580
832
25
419
701
829
396
699
712
58
413
608
373
308
848
84
389
938
172
232
822
600
313
167
220
704
213
686
486
940
276
15
447
621
37
843
743
886
993
835
728
900
463
681
878
791
510
511
910
171
748
135
128
875
754
166
732
118
149
311
515
881
519
504
986
724
968
588
923
65
867
602
460
233
166
219
321
304
120
972
493
847
254
940
765
259
764
952
161
190
290
697
62
680
483
860
750
138
683
438
755
749
597
186
797
520
650
882
911
621
74
665
605
544
669
837
343
841
8
301
738
272
708
746
328
448
223
37
855
493
65
257
684
520
873
901
719
530
728
821
575
190
414
772
10
414
248
39
670
439
2
857
663
817
489
655
916
769
442
853
450
199
214
608
348
907
298
244
242
138
491
272
119
463
236
329
510
922
198
786
218
818
110
649
765
384
464
639
621
164
956
568
780
301
239
400
321
908
59
308
209
56
513
170
72
832
76
505
995
426
534
599
128
211
605
893
638
312
684
673
705
426
959
312
855
683
0
509
840
994
192
639
497
838
849
795
893
161
260
385
125
539
693
498
1
797
817
666
707
838
475
20
33
227
234
865
251
5
572
361
73
577
379
374
282
80
302
656
176
256
820
239
657
34
389
52
574
487
249
965
163
242
381
232
726
508
471
663
106
567
778
405
385
542
151
839
303
13
689
551
981
395
309
406
849
732
83
592
309
402
992
177
293
176
696
86
41
412
681
798
860
504
453
850
278
245
685
13
127
179
777
34
294
593
990
202
51
289
457
468
69
340
777
81
151
70
456
445
434
765
784
752
512
261
916
455
244
718
5
740
92
220
611
214
35
9
912
805
917
204
464
319
653
362
924
641
887
518
449
132
757
388
285
400
361
387
965
473
646
730
989
778
97
357
453
958
54
339
299
517
392
78
14
279
47
209
129
414
415
628
679
527
592
786
334
269
743
7
149
448
837
523
155
810
606
647
580
153
339
951
965
94
991
87
293
297
913
565
738
411
748
143
161
558
657
194
933
278
818
349
763
943
778
278
878
112
646
722
11
183
866
154
95
148
258
718
706
553
836
375
147
237
397
114
659
120
127
794
193
267
312
685
583
280
686
122
638
679
12
582
724
778
12
530
998
951
306
822
666
777
71
2
195
682
237
698
418
926
114
499
347
201
985
185
663
600
648
444
569
567
860
275
968
364
89
802
90
691
71
94
808
724
600
543
774
927
645
625
168
177
863
906
533
965
157
801
482
6
477
48
650
816
846
215
479
189
338
696
909
420
526
272
777
642
274
299
687
542
87
198
648
898
344
607
680
303
717
854
587
155
859
474
710
324
458
862
738
256
930
145
365
373
677
994
701
595
672
519
585
20
335
93
815
74
195
610
158
415
319
235
952
256
204
201
960
116
481
573
974
328
703
25
491
912
622
673
720
141
770
448
236
714
190
292
170
773
985
923
656
89
977
415
87
216
856
185
989
668
529
485
368
985
691
212
163
53
759
833
926
865
745
746
788
160
281
616
636
557
682
231
772
571
207
230
727
556
819
585
501
313
718
105
910
32
859
730
642
471
255
832
689
896
172
808
972
23
274
993
677
480
248
485
160
696
620
563
347
759
505
296
50
309
526
250
274
834
102
869
300
962
634
133
863
600
620
501
693
621
396
657
240
944
515
784
915
487
862
665
912
595
313
893
573
772
195
841
414
506
721
123
626
244
191
510
779
891
260
635
915
663
704
949
756
314
510
227
182
359
137
359
656
594
780
154
851
268
801
634
236
192
736
404
754
427
517
576
522
971
728
490
508
42
21
782
135
510
458
859
287
381
956
47
772
369
373
864
578
226
183
230
925
321
307
887
135
275
33
46
450
272
117
554
194
251
738
174
567
942
248
925
609
747
120
231
197
228
756
212
504
993
543
271
406
81
792
686
605
944
459
683
79
44
662
521
810
964
805
719
459
839
967
677
432
307
265
255
147
302
258
661
816
305
585
300
832
684
740
127
905
241
813
145
264
28
788
558
570
982
474
582
964
658
837
511
427
832
57
34
789
475
404
81
494
295
104
637
831
626
104
740
96
104
674
872
546
520
589
771
540
25
559
770
718
675
806
357
316
217
464
798
37
921
653
819
955
744
936
974
574
164
35
527
360
655
660
406
213
41
621
5
431
944
173
657
369
392
753
25
996
14
279
669
86
572
595
951
937
829
205
839
923
846
877
697
781
139
479
661
301
199
574
46
539
503
992
664
786
867
430
121
213
431
594
553
814
384
815
236
558
907
874
71
13
970
109
400
31
459
343
329
860
562
129
153
804
596
462
312
844
442
843
136
832
800
537
724
641
599
33
167
51
672
667
880
466
129
941
53
164
908
558
470
888
517
577
789
14
36
120
231
905
425
133
825
828
637
327
765
209
218
167
446
764
528
671
516
381
672
715
220
817
432
728
986
664
945
930
626
814
763
806
827
341
206
111
619
558
322
690
628
639
265
61
449
688
6
474
867
874
498
235
203
799
372
492
83
684
276
132
807
13
900
652
406
479
933
312
688
228
153
441
575
330
317
231
84
402
502
494
598
276
739
238
39
508
722
581
344
719
703
533
416
485
431
96
583
184
511
671
407
161
85
432
707
898
443
650
142
596
854
182
274
666
341
124
176
192
129
495
920
231
440
938
274
7
999
134
549
14
870
55
94
323
933
342
964
440
737
429
682
609
297
349
240
398
480
962
801
741
636
298
271
221
722
820
882
946
162
64
597
800
756
999
540
530
961
150
389
70
844
139
701
627
188
778
475
784
413
278
835
895
671
354
497
910
811
319
1
572
608
747
860
120
614
494
2
448
294
603
338
381
372
283
405
951
279
139
264
877
364
270
348
41
586
117
737
263
988
37
281
217
678
338
515
774
237
202
686
387
981
805
1
712
544
765
208
998
767
346
471
747
369
798
943
150
857
549
235
731
823
711
164
650
103
298
903
569
647
716
265
775
191
366
678
151
13
950
257
829
711
401
62
678
964
918
629
574
351
436
812
40
381
803
239
429
803
912
616
797
150
26
885
885
17
253
236
270
519
868
644
90
563
342
842
968
966
619
158
40
120
130
654
870
279
911
834
818
288
234
144
232
816
853
369
108
678
673
124
120
290
217
666
809
429
772
455
398
218
820
956
130
608
17
259
646
891
626
746
605
259
147
285
662
526
580
806
745
309
720
154
769
111
154
93
123
599
854
120
231
854
841
715
541
117
312
435
72
878
881
452
17
804
835
678
619
866
994
433
151
706
197
187
25
259
240
901
291
961
787
365
5
231
729
540
345
872
997
888
806
398
124
162
870
137
777
535
590
28
340
488
591
522
61
450
657
297
230
271
949
320
334
618
950
527
666
271
470
280
147
365
249
423
683
297
354
395
281
439
602
910
799
414
445
330
980
480
970
548
809
596
843
141
85
349
97
677
30
694
748
82
873
193
818
154
75
745
249
631
691
279
638
956
682
600
942
628
503
183
223
152
330
1000
312
276
400
870
171
638
398
61
69
734
583
331
410
612
486
74
241
497
912
522
954
900
297
167
690
769
428
511
955
479
78
549
601
970
201
329
169
657
8
365
498
19
780
515
407
42
563
854
870
829
885
267
761
500
83
181
416
294
903
47
652
920
266
521
67
385
241
452
45
208
769
8
420
441
467
383
201
248
619
592
785
854
377
392
282
742
680
443
693
340
584
157
82
416
571
396
393
76
39
596
291
848
46
131
127
95
481
85
668
49
631
8
755
453
456
146
752
429
654
166
741
494
484
103
495
674
539
657
432
725
946
634
619
625
612
345
235
263
219
409
163
765
776
26
927
636
487
616
623
122
241
831
627
467
120
929
621
416
444
934
624
930
606
73
957
349
164
939
532
87
111
978
794
793
894
41
297
330
665
197
832
937
871
329
800
893
104
44
939
391
224
122
522
212
231
258
777
646
865
201
862
162
419
725
676
495
758
185
978
854
688
390
323
949
906
553
560
1000
79
703
408
371
750
797
327
424
66
580
767
368
747
366
242
939
435
689
880
788
334
738
990
917
875
801
793
54
374
603
850
465
990
462
4
415
557
1
822
397
185
63
96
659
97
870
11
263
17
481
752
609
260
244
410
412
523
77
416
908
234
993
932
358
604
724
446
74
379
518
435
294
694
776
685
211
77
624
418
899
321
555
120
654
834
192
490
567
815
238
590
713
376
763
244
610
995
254
407
455
614
275
446
462
262
156
197
950
40
214
30
264
330
201
299
907
82
542
536
320
438
611
513
641
621
106
546
865
265
133
837
685
121
998
247
639
125
215
310
349
540
761
326
907
798
548
610
641
168
663
293
474
377
892
546
943
987
478
504
97
81
11
169
118
631
28
349
956
815
541
656
643
264
262
633
291
306
300
595
354
185
723
562
484
713
87
119
364
890
13
105
470
205
912
583
197
130
504
167
458
161
823
875
88
890
988
392
8
735
266
807
367
689
773
53
728
558
41
352
938
948
52
985
799
636
428
741
116
213
977
176
324
295
325
357
494
969
880
162
305
263
829
283
753
634
862
63
178
58
439
374
455
703
671
887
760
467
466
52
567
932
466
494
381
175
151
976
899
776
618
617
85
897
681
541
348
908
249
532
787
454
69
64
996
369
154
940
951
354
564
410
791
802
939
883
853
794
246
84
156
990
91
69
905
413
411
112
273
594
399
984
308
754
764
784
130
353
463
856
890
988
40
718
790
210
622
159
878
704
126
579
617
217
128
425
711
417
392
273
938
706
982
855
475
60
255
640
515
730
559
726
220
356
848
361
852
2
160
317
988
762
413
781
651
528
29
229
579
74
361
254
245
659
141
163
883
509
524
223
502
32
346
553
976
278
512
210
289
959
667
199
842
384
302
284
919
863
567
348
31
59
634
830
387
65
963
45
780
269
982
136
793
668
200
127
846
869
870
146
907
787
462
495
14
552
565
699
102
153
455
824
925
666
833
723
841
731
1
545
72
605
552
463
315
768
439
416
174
278
861
268
327
128
338
279
741
16
338
586
907
732
881
17
828
959
213
673
844
131
551
497
527
546
528
507
22
131
116
235
698
748
794
687
667
24
559
2
379
620
71
518
531
333
499
200
170
299
609
162
390
669
316
439
358
220
44
848
419
752
965
515
71
26
759
995
328
713
65
701
944
240
53
553
255
945
911
227
775
614
895
895
293
151
3
967
173
784
543
812
237
761
714
303
811
955
211
534
738
892
535
321
367
51
409
21
590
900
187
601
646
393
845
583
329
374
997
318
439
696
570
679
292
12
40
23
617
670
921
126
82
397
852
130
710
324
105
946
66
785
605
140
917
423
13
691
90
5
680
583
544
712
776
740
364
31
559
953
54
610
285
873
568
259
371
304
688
567
949
358
771
56
649
577
109
529
324
896
458
175
115
494
795
417
120
299
49
742
623
10
868
511
753
295
955
706
127
604
142
909
317
568
545
636
11
20
401
623
274
154
278
678
838
635
361
693
138
615
702
791
793
703
197
673
871
991
762
98
888
699
363
251
429
840
993
373
384
637
890
656
465
376
213
505
850
438
596
724
998
482
435
231
98
915
40
960
500
239
265
793
894
316
238
793
344
181
1000
783
606
765
535
875
544
747
683
312
100
983
715
252
647
390
650
44
983
645
846
268
868
337
30
750
329
92
839
561
959
616
745
314
785
595
216
355
53
404
661
690
6
196
853
795
666
101
33
409
156
274
924
57
776
61
910
183
317
775
363
616
744
383
899
346
968
167
467
679
790
30
349
157
195
387
799
222
682
861
32
904
535
297
768
618
866
201
983
183
250
231
664
582
275
470
683
451
880
166
949
47
977
257
236
163
762
241
735
912
956
662
853
303
447
58
736
742
353
764
413
298
931
441
515
648
438
875
815
607
512
126
241
168
615
731
364
827
11
769
967
598
790
245
251
580
222
281
365
316
293
767
327
741
632
969
286
298
486
816
298
985
533
961
50
313
549
844
269
724
189
885
251
784
330
304
743
369
662
542
796
524
845
448
670
924
102
819
531
792
983
255
689
688
82
170
267
845
723
941
245
835
277
622
676
271
88
337
867
713
244
322
611
852
741
321
143
658
559
787
725
3
330
435
772
13
772
427
645
366
924
911
667
333
463
598
43
957
621
534
183
372
184
692
791
78
24
117
737
953
897
106
202
583
300
19
621
134
890
461
591
840
981
592
875
60
880
74
753
237
856
92
543
780
374
570
171
817
372
315
934
10
747
802
691
210
444
743
332
476
461
911
432
259
622
367
760
54
393
427
386
344
27
961
288
767
973
785
40
445
506
875
506
437
948
73
100
395
683
766
288
335
984
263
623
183
356
41
238
752
813
148
654
330
741
568
313
626
548
13
283
436
249
770
248
769
544
233
469
476
38
522
632
205
894
389
271
204
60
226
984
53
420
845
184
287
645
355
536
317
143
786
233
297
533
722
506
268
788
917
489
29
317
460
793
776
573
740
142
744
186
750
956
525
436
502
734
338
493
984
634
995
538
275
84
833
594
401
591
804
402
932
242
255
484
451
693
403
669
944
655
255
760
660
403
662
85
427
712
436
407
858
41
479
185
237
953
676
512
761
895
971
318
671
732
123
759
437
72
373
238
419
90
287
440
281
540
892
4
365
185
95
289
868
9
259
14
342
342
230
202
232
39
557
671
645
823
165
256
47
902
168
78
287
650
626
667
152
190
573
832
116
610
866
410
444
549
282
423
842
886
726
423
730
199
227
69
740
564
212
666
190
967
409
926
463
718
681
984
94
612
732
880
392
363
860
881
706
899
898
280
102
663
957
504
446
305
634
65
960
130
395
254
991
281
173
252
767
277
631
774
878
411
588
466
488
418
490
118
518
643
917
871
137
617
15
144
261
577
564
679
687
615
935
860
320
414
740
947
872
965
219
522
284
421
293
317
344
196
996
648
25
331
285
742
544
80
766
88
597
259
4
405
890
977
296
425
799
690
518
424
94
603
221
25
846
765
402
164
750
512
385
97
587
66
411
119
564
305
692
449
827
821
872
944
179
354
562
733
793
988
648
514
337
610
506
921
310
852
192
678
612
303
497
137
311
974
368
701
289
465
516
649
604
82
10
671
19
544
323
404
150
678
668
517
616
855
713
680
703
319
79
1000
213
430
466
546
523
935
692
390
190
63
793
950
60
824
201
497
253
676
261
370
204
421
785
205
859
66
307
884
1
624
940
216
955
877
992
466
91
121
52
563
590
320
902
717
549
647
623
212
571
118
564
931
563
370
929
28
310
158
790
419
460
243
316
148
350
549
808
825
835
727
318
802
454
314
257
155
433
378
446
874
574
312
38
430
788
759
903
702
598
642
755
12
817
886
418
559
765
7
210
179
322
969
285
896
69
782
309
515
824
398
712
215
186
145
736
848
451
787
765
354
992
211
299
762
291
339
913
418
206
673
324
869
396
557
951
577
897
377
598
680
313
377
393
973
708
367
798
469
876
469
917
583
349
217
879
542
851
888
873
432
800
152
779
394
589
283
707
576
981
618
700
105
243
209
453
293
556
175
663
423
127
316
748
725
640
138
188
863
945
571
564
985
519
177
562
773
712
904
147
568
219
205
752
561
702
346
463
326
792
100
337
409
228
124
315
58
746
104
282
808
34
248
920
460
453
136
694
655
55
994
794
435
681
701
929
916
995
525
718
899
326
388
329
234
476
715
343
802
601
903
246
35
63
742
334
922
335
336
230
736
923
882
835
263
492
853
495
146
704
712
179
836
656
615
768
541
651
931
750
442
315
447
997
779
724
955
72
165
484
947
318
79
571
661
391
879
422
533
487
272
630
689
742
378
450
335
555
550
279
637
385
346
586
100
216
904
189
285
656
403
126
55
875
589
269
706
42
517
623
271
502
946
54
998
699
768
702
172
890
53
637
723
502
680
221
556
153
57
116
153
210
377
547
408
645
212
297
685
771
680
828
250
702
867
803
674
336
450
44
197
61
212
482
838
812
489
678
223
619
518
702
268
856
239
939
610
409
532
891
19
224
814
683
45
813
837
387
99
809
287
964
609
604
500
51
178
958
351
258
842
253
876
304
831
582
617
874
715
38
437
823
892
248
39
416
622
328
497
332
89
736
933
591
524
670
226
335
971
720
992
118
602
199
295
614
861
102
606
509
640
910
660
558
772
146
480
372
864
836
328
173
543
400
927
376
187
183
541
596
664
870
401
56
83
429
307
748
871
801
509
384
220
758
32
837
417
96
730
277
518
957
385
402
380
282
808
943
498
365
433
785
527
48
248
724
729
744
20
97
395
989
574
885
419
556
436
882
342
1000
531
233
780
612
297
783
752
527
321
236
9
265
731
867
853
890
408
147
694
712
851
275
258
381
782
308
382
901
116
398
86
159
156
932
707
549
62
300
889
211
157
847
933
968
837
82
161
897
492
207
465
466
582
903
305
682
56
537
854
158
162
367
210
340
556
704
746
816
253
215
517
344
740
949
337
385
258
361
319
34
318
692
715
703
841
83
141
202
58
568
26
728
234
460
299
179
887
735
795
491
753
476
856
599
700
890
745
463
810
909
157
199
647
445
507
683
295
936
393
244
390
777
218
631
568
889
225
567
778
587
347
486
810
310
204
110
611
76
536
446
412
412
532
955
710
956
560
435
984
529
241
512
861
656
874
865
767
347
618
267
327
941
816
744
250
954
358
680
783
821
749
408
561
43
111
793
947
355
983
344
783
209
358
639
486
812
889
785
482
483
395
237
313
587
269
33
740
333
133
776
202
22
75
455
117
250
63
138
530
363
272
38
409
808
441
191
18
966
15
779
731
219
971
899
515
435
639
898
250
917
371
796
859
225
863
787
727
168
574
878
49
77
587
766
624
634
739
400
152
218
403
800
106
493
305
543
651
508
569
499
391
389
934
334
150
86
584
844
664
210
118
767
91
181
1000
280
557
748
257
222
54
521
645
362
774
193
124
185
385
944
34
709
78
182
973
653
9
116
634
422
782
535
932
288
453
532
711
897
442
220
763
487
95
939
668
751
269
692
435
511
114
523
462
289
803
478
396
207
251
937
61
353
505
787
270
592
606
571
314
26
293
75
42
750
592
182
850
343
173
166
273
133
711
351
874
505
161
672
402
857
218
816
776
32
98
88
943
492
287
593
53
319
23
614
703
701
593
813
693
552
435
218
163
334
721
703
740
712
588
439
681
182
405
872
608
152
666
313
723
1000
650
798
834
781
588
353
312
21
358
240
354
351
314
990
449
324
163
912
923
38
827
937
739
642
568
337
308
705
414
344
730
793
315
973
474
717
48
825
258
1
85
784
383
750
436
312
970
40
794
219
882
174
991
538
313
415
880
559
487
510
333
20
313
743
907
286
396
202
41
41
686
654
978
821
983
115
475
824
847
28
44
982
790
639
767
897
957
85
511
265
411
158
573
719
845
657
195
755
937
671
39
28
762
924
647
163
748
53
470
114
966
556
84
407
945
718
152
880
452
430
576
34
533
331
65
507
983
2
954
38
619
793
623
498
412
422
708
948
192
263
38
521
497
562
24
80
507
795
778
104
399
158
659
86
165
481
844
994
144
919
160
650
564
866
414
972
117
428
451
423
958
8
634
130
370
440
182
439
350
16
318
199
890
647
24
493
275
886
518
4
301
266
1
480
76
686
670
655
111
679
907
749
339
55
285
508
64
461
877
299
210
363
819
9
39
200
200
178
487
126
802
849
917
780
871
5
321
883
956
298
657
315
308
138
22
529
860
970
558
353
839
856
213
846
631
866
253
589
127
442
815
77
248
846
741
184
365
876
650
