936
916
39
282
76
830
875
361
852
265
494
744
699
748
8
775
755
773
214
61
785
545
359
63
364
941
293
533
592
393
171
77
21
911
104
658
458
208
100
655
931
242
686
85
45
872
707
152
780
223
164
181
948
453
964
318
429
824
378
961
913
757
785
536
50
870
904
100
841
848
341
299
663
302
650
263
253
989
620
691
989
206
658
823
145
83
925
574
710
519
236
842
698
862
562
936
177
774
265
304
54
972
848
311
967
197
574
482
211
816
922
113
718
227
369
90
305
895
256
915
347
466
533
895
304
561
599
430
121
119
768
253
65
539
927
369
529
521
866
441
741
605
900
535
336
97
247
112
228
818
354
78
838
410
416
329
17
177
108
831
636
831
468
692
301
186
322
7
602
438
414
600
595
16
162
934
244
0
727
509
703
252
254
193
451
204
309
116
55
505
420
338
568
83
909
176
385
817
573
948
734
485
385
231
456
451
756
468
675
692
986
454
923
544
317
309
282
538
592
304
833
18
710
72
797
684
907
969
608
478
917
37
302
507
898
368
674
247
49
955
686
767
422
145
275
506
809
600
462
676
387
645
162
455
66
752
237
15
235
671
660
753
120
309
720
924
82
273
59
749
524
336
842
129
976
273
283
898
112
897
948
457
568
971
794
229
160
807
895
300
676
120
958
102
124
655
225
259
817
555
824
709
307
210
533
55
273
79
198
475
931
685
466
88
282
871
931
966
780
266
812
600
496
437
320
523
247
359
564
139
727
785
109
883
376
829
715
392
955
831
200
411
142
575
103
89
104
430
919
492
90
342
593
548
972
766
231
420
867
154
571
503
391
352
520
438
86
835
376
827
670
550
608
877
208
363
182
80
411
285
561
374
376
109
875
621
863
275
901
936
530
371
914
860
194
878
532
544
382
264
600
621
554
550
198
985
707
973
388
994
535
359
594
384
296
827
125
867
149
421
940
421
638
523
497
356
679
794
875
576
112
68
972
141
959
900
946
322
860
716
434
862
820
69
153
236
98
878
110
967
84
887
627
432
440
987
582
917
726
297
622
116
980
330
907
326
247
693
962
151
739
560
602
825
91
858
572
117
409
302
892
385
142
439
435
732
565
587
732
99
636
73
364
690
535
47
647
691
531
575
817
0
266
394
204
331
924
452
378
153
764
798
98
688
70
337
34
555
288
480
276
507
725
627
568
823
710
346
940
118
402
684
749
811
272
967
118
405
106
603
768
739
489
447
656
545
307
335
495
608
938
802
640
113
54
957
364
451
814
538
625
803
203
447
191
259
910
212
50
701
238
85
601
415
349
730
790
201
831
533
83
9
17
757
279
464
433
613
137
250
273
530
107
774
20
48
981
230
975
191
739
657
75
697
935
461
431
776
287
476
840
994
733
145
617
259
215
945
890
904
616
632
365
413
294
905
160
962
411
816
378
618
957
341
180
992
758
889
200
637
235
27
11
68
573
340
469
90
768
250
726
632
518
152
477
671
186
904
940
681
445
576
882
599
836
871
333
77
724
126
237
963
284
618
568
133
398
864
892
682
821
710
464
416
965
903
647
175
349
57
690
726
712
16
154
895
10
992
60
557
683
336
767
115
649
584
153
115
200
721
585
858
820
698
373
635
270
383
759
721
114
754
692
372
34
114
188
923
945
234
109
319
152
151
598
53
311
837
218
905
370
124
890
628
982
690
469
953
152
566
547
225
647
220
977
450
169
50
619
224
666
760
765
540
579
150
922
656
347
392
636
740
763
226
205
598
348
739
249
264
789
162
922
264
669
729
851
282
536
746
932
528
234
775
2
891
341
380
779
459
868
102
353
558
162
919
104
822
529
266
225
281
289
293
583
67
677
187
574
478
754
795
727
421
9
384
338
593
278
95
851
121
545
132
737
112
488
297
8
216
165
0
862
472
163
346
405
990
257
811
418
672
105
2
513
148
444
944
243
364
838
758
675
959
87
15
698
445
123
135
457
617
725
984
161
594
854
121
848
572
32
919
401
784
71
437
858
138
25
972
197
207
720
35
900
207
28
328
99
828
645
210
836
722
448
151
82
900
526
155
13
215
186
140
25
229
797
50
233
680
8
31
165
680
28
598
818
964
469
280
816
83
32
238
442
942
932
224
862
925
219
456
593
507
202
475
275
711
93
59
230
719
7
526
859
302
267
262
309
775
276
394
736
57
460
673
894
20
9
23
685
498
698
709
184
629
127
964
146
953
235
891
287
590
933
962
0
676
401
111
368
784
147
764
698
90
504
380
451
151
142
739
753
202
128
600
707
479
43
283
117
968
160
645
696
815
467
155
267
633
591
906
633
52
341
852
555
603
466
492
228
387
27
608
277
910
607
494
989
815
594
155
148
263
474
690
182
509
120
25
346
556
135
613
856
565
151
433
642
717
50
288
244
437
722
440
423
722
162
224
177
786
516
671
213
899
242
541
3
240
699
597
674
588
792
199
377
900
436
384
570
900
626
579
577
197
314
944
367
86
281
98
598
461
788
492
33
690
669
716
851
170
841
675
434
893
720
311
178
351
349
892
638
847
23
587
212
420
193
607
297
414
591
366
892
34
478
595
14
743
681
936
2
913
952
695
24
924
806
66
93
545
613
246
423
277
739
271
987
254
46
22
357
405
913
10
82
622
956
320
639
655
343
131
855
941
263
936
596
156
70
522
865
290
507
843
250
464
199
534
114
28
390
357
699
45
997
696
572
993
153
587
73
313
447
440
178
647
45
718
572
294
732
740
25
317
85
121
658
172
499
481
929
199
773
146
224
346
528
820
615
514
301
415
232
156
919
206
599
817
394
731
329
388
940
456
812
954
492
889
938
454
193
223
343
615
308
236
581
74
385
251
842
531
664
871
43
851
881
508
117
624
437
506
258
720
773
879
517
711
170
528
389
386
973
280
714
42
936
44
372
22
585
540
266
457
600
652
652
616
918
840
117
900
134
882
231
324
713
425
814
225
599
262
795
67
253
176
922
374
838
360
739
269
603
704
484
154
970
240
479
697
484
222
831
394
212
65
603
59
232
982
18
320
553
150
421
353
855
109
285
424
82
282
42
916
847
498
472
139
260
12
163
827
496
829
607
453
757
310
3
271
938
377
769
414
166
564
16
921
260
753
977
660
711
275
391
823
391
355
324
527
193
656
93
297
66
565
907
137
356
237
18
864
106
177
610
109
78
243
871
406
680
248
749
147
390
588
375
873
504
179
775
615
323
903
872
417
443
545
838
841
428
42
510
700
471
890
205
665
490
501
697
266
725
946
267
665
555
99
596
502
124
346
147
358
29
649
645
524
600
354
828
405
689
25
290
993
435
493
800
466
431
489
13
449
674
135
782
589
937
263
611
904
852
438
877
100
727
833
512
444
914
784
478
533
154
532
715
181
595
173
20
288
437
937
294
722
264
377
185
745
98
375
780
766
15
244
308
578
865
705
584
823
954
570
711
378
667
273
94
730
950
59
138
826
664
409
759
78
637
110
224
288
635
302
153
327
815
762
846
917
984
149
453
801
696
447
91
424
103
803
483
656
695
278
8
430
37
312
639
803
126
42
756
90
706
487
529
381
439
456
799
161
660
357
461
802
571
299
37
606
641
248
951
466
220
637
604
312
253
420
119
464
1000
820
755
621
297
741
981
419
952
2
592
484
30
361
431
277
946
803
80
984
282
309
781
961
54
414
803
134
895
22
926
127
189
563
104
794
901
449
534
278
874
283
767
242
535
298
198
435
320
520
396
536
330
793
537
222
448
357
807
153
518
42
3
409
826
334
479
125
100
572
494
26
659
384
449
654
645
878
816
771
186
749
10
105
858
76
469
300
57
159
196
813
775
242
513
683
703
196
991
312
516
909
117
753
693
131
674
591
187
118
613
537
909
789
799
452
293
646
371
856
468
982
195
681
142
959
158
612
812
96
74
443
593
362
938
365
761
24
590
848
498
411
607
805
575
84
282
993
100
558
251
513
459
195
351
245
339
102
596
616
811
38
807
999
77
146
706
734
109
303
670
343
738
983
358
610
941
85
832
536
778
180
868
919
480
906
852
386
441
690
493
139
287
914
116
849
482
576
449
813
918
146
821
651
633
635
644
540
163
444
933
543
650
513
725
273
173
631
267
372
559
308
267
648
496
610
576
47
681
543
886
519
764
205
8
0
677
479
253
469
124
759
980
602
341
133
74
534
320
626
17
129
630
388
285
161
153
697
77
247
50
779
271
586
423
338
578
749
457
262
928
767
843
360
157
487
775
661
385
683
690
881
372
708
96
460
458
928
640
6
425
283
323
115
82
772
867
139
782
436
330
774
217
353
63
525
92
833
703
349
405
724
189
801
509
609
24
103
177
10
3
784
269
648
740
699
807
61
468
351
932
463
11
438
828
644
402
734
728
192
645
26
567
683
922
525
194
930
453
527
791
705
754
748
113
693
632
510
884
524
795
511
509
152
454
457
803
340
465
204
919
511
215
832
377
610
922
666
305
951
309
253
920
856
270
86
634
957
98
638
32
720
347
39
319
480
706
404
344
433
997
832
840
391
530
534
765
108
889
39
631
816
25
111
197
333
188
195
297
102
600
7
716
234
25
623
811
815
376
956
194
406
198
512
309
86
67
951
670
745
455
878
750
116
331
93
948
28
15
677
747
448
569
590
352
409
456
890
281
650
109
569
316
559
414
819
998
714
334
738
47
902
711
206
947
42
785
445
770
328
721
340
472
968
327
990
901
405
932
146
676
398
849
332
681
157
707
61
484
841
876
918
66
722
151
200
558
967
508
307
745
699
938
466
80
27
699
856
7
876
883
227
521
128
101
646
745
282
811
227
666
158
62
825
646
899
937
503
569
389
658
602
704
573
968
808
293
380
337
471
128
496
728
118
726
37
201
279
711
39
859
39
822
486
830
368
716
91
420
498
75
464
688
414
221
935
835
793
947
439
930
163
138
231
23
803
843
502
252
309
1000
26
710
693
347
827
147
824
423
40
420
242
25
2
617
80
357
790
439
588
255
533
728
364
722
538
788
209
480
766
923
122
307
395
361
60
279
308
282
41
930
979
890
533
749
470
289
833
653
169
139
566
287
118
545
79
250
692
438
470
420
723
706
271
816
318
533
749
240
451
330
184
346
428
711
636
951
457
588
951
927
125
489
307
751
779
495
419
372
195
854
457
294
189
870
556
185
464
819
575
234
223
421
781
593
403
230
965
190
211
424
346
685
470
444
861
207
811
252
68
217
370
50
717
321
108
769
676
562
52
538
294
379
927
779
935
12
736
193
731
138
899
542
713
239
566
892
221
803
577
265
549
400
30
771
533
157
76
267
374
367
325
940
667
907
311
865
589
754
18
278
291
848
548
246
109
592
271
915
588
120
421
334
960
546
12
157
131
250
83
584
30
975
19
675
862
431
723
500
261
653
68
622
4
484
106
877
438
756
996
263
425
803
16
33
503
498
442
282
474
956
299
974
802
37
688
327
52
413
222
803
573
826
51
499
907
331
178
602
171
756
641
618
83
868
223
498
955
111
466
417
200
747
495
723
951
158
378
939
352
696
468
926
720
867
363
646
505
784
758
358
360
569
663
853
176
245
290
162
193
989
256
762
951
679
625
212
370
749
425
689
81
236
37
585
472
856
686
462
43
354
228
440
420
452
12
512
260
921
123
24
146
684
476
654
778
984
33
327
207
378
656
749
297
842
162
61
969
619
194
282
708
669
630
117
80
140
188
804
363
522
754
382
371
295
608
422
0
212
190
576
771
421
716
894
469
964
938
668
658
729
147
370
626
999
659
813
907
590
188
133
190
60
131
360
736
873
891
530
350
296
751
705
680
473
9
894
332
167
641
547
829
508
30
184
663
935
401
923
569
32
823
100
448
658
598
586
947
7
324
639
295
545
497
554
596
873
699
650
299
606
943
137
606
758
354
321
152
977
333
935
47
918
868
442
785
289
151
48
552
715
456
338
773
120
866
999
346
709
968
264
990
75
167
180
958
765
179
102
845
476
850
639
161
971
182
621
320
43
179
503
672
550
67
888
136
299
418
740
538
287
554
296
23
487
765
714
422
827
62
252
487
899
476
121
98
608
118
237
381
389
460
535
796
554
19
5
266
999
167
514
616
926
688
178
435
131
105
602
911
988
110
424
302
825
388
32
91
784
785
615
237
173
691
761
459
511
136
545
930
462
986
887
128
688
889
805
256
619
953
482
376
247
927
733
922
214
685
322
742
408
845
480
892
832
696
629
563
425
61
824
685
368
137
926
466
123
433
999
935
736
455
81
876
143
397
696
246
877
324
237
961
931
247
226
293
440
220
355
321
314
195
88
978
186
806
57
326
260
414
780
183
588
423
899
43
169
436
494
587
267
185
855
764
227
908
706
123
192
399
983
50
941
961
986
516
297
566
8
40
406
890
41
390
190
317
523
880
94
979
38
991
427
540
17
739
241
556
438
9
131
492
383
643
284
539
626
687
931
648
271
456
821
737
930
418
143
991
49
430
641
982
106
714
37
575
666
316
342
948
610
782
414
945
934
91
604
931
519
613
961
406
436
582
39
321
463
334
426
953
195
109
807
692
470
747
371
344
507
762
175
595
131
481
109
330
104
703
375
98
637
359
847
381
857
211
553
567
858
677
135
838
919
907
811
113
771
228
341
81
74
920
869
562
521
146
338
874
398
884
821
86
616
197
692
241
985
235
864
887
523
665
479
199
3
385
880
7
377
828
976
148
204
999
562
878
553
230
133
192
146
884
645
169
760
400
922
777
302
388
483
247
536
515
783
247
64
948
726
424
56
627
419
298
294
521
612
655
872
921
642
825
185
789
567
908
303
388
399
494
592
242
879
375
640
652
15
584
483
100
543
967
41
445
666
733
509
316
125
760
848
350
860
169
975
730
785
416
943
112
779
232
200
680
793
754
304
442
466
933
205
661
271
466
696
40
354
985
375
112
953
823
724
650
165
73
477
474
982
773
774
672
153
749
771
482
453
418
604
459
69
943
5
812
130
305
849
911
707
773
185
682
693
757
999
365
48
982
482
360
852
136
825
903
671
723
777
678
301
427
871
12
140
914
693
49
24
362
993
230
859
205
533
639
165
235
776
775
116
259
81
302
571
896
55
374
391
694
723
198
58
70
571
354
841
538
373
706
137
331
552
172
261
47
838
434
463
220
887
367
90
191
663
53
65
993
885
336
956
385
151
545
928
980
368
207
184
635
982
220
870
134
413
590
278
189
819
358
897
696
826
101
807
924
179
206
475
391
604
245
918
913
961
798
329
491
327
503
96
472
488
338
899
512
67
72
858
970
494
542
526
668
758
614
480
520
880
457
484
813
967
557
149
251
551
607
224
754
975
111
820
913
159
913
854
169
527
885
327
59
446
953
157
902
571
808
443
705
316
548
199
739
184
139
170
828
155
260
0
677
766
908
506
742
356
368
378
157
412
27
128
581
554
870
344
717
759
996
875
58
864
322
534
732
77
865
611
192
302
558
112
723
559
440
159
398
944
233
126
490
802
977
349
781
733
941
121
923
809
966
601
614
936
995
353
317
722
279
220
23
350
464
441
317
674
998
633
713
881
349
706
736
707
146
132
560
252
123
745
618
873
974
32
528
506
825
802
309
328
932
594
448
425
723
142
967
94
542
423
171
159
923
736
219
805
159
795
948
626
742
272
926
767
751
223
820
849
909
974
340
39
782
974
453
217
918
122
938
472
776
144
384
333
471
583
555
970
109
503
421
723
168
188
254
978
438
80
224
537
450
713
741
194
794
718
418
981
265
766
724
655
870
993
147
523
351
95
378
4
297
538
53
444
876
518
244
715
707
151
334
706
488
403
658
799
871
31
170
533
763
679
167
420
407
811
119
881
759
871
349
116
495
33
839
994
444
768
613
588
644
307
399
319
110
855
528
788
124
238
871
725
776
5
337
477
505
821
142
387
995
988
621
971
152
764
427
135
25
400
311
877
540
62
60
847
300
680
279
294
135
37
863
972
980
845
327
201
425
830
654
794
401
272
162
900
985
621
859
935
81
415
576
318
688
575
613
112
821
919
129
851
959
511
412
249
683
44
518
901
431
24
72
943
222
563
703
167
119
81
563
17
710
298
666
53
793
61
274
450
71
413
53
186
325
589
379
573
711
727
47
76
464
235
617
712
216
915
463
705
422
530
627
310
786
752
129
416
826
909
854
280
494
961
313
226
969
54
812
780
48
702
343
899
466
350
487
540
511
131
748
902
962
204
791
303
83
225
272
676
170
827
350
798
370
372
459
563
296
331
879
10
465
323
118
731
321
430
743
904
600
764
88
815
752
188
452
254
422
444
422
763
683
434
416
552
615
674
271
924
455
225
939
437
830
897
317
74
857
386
834
635
496
580
306
904
808
213
868
44
195
88
931
808
953
199
94
599
659
168
611
556
269
863
474
60
855
740
434
156
368
244
395
539
106
154
980
351
554
860
481
530
430
114
439
870
249
440
287
820
95
378
302
51
561
278
828
180
87
917
989
135
155
880
661
312
652
219
238
743
420
86
861
190
198
166
77
410
578
121
616
134
33
837
989
725
98
91
323
396
389
976
786
305
666
814
309
888
925
315
972
596
510
706
759
272
677
695
799
352
151
790
558
550
952
29
806
87
118
834
350
605
251
212
863
421
345
417
886
293
86
200
829
622
929
170
526
322
879
839
779
283
121
168
985
112
164
987
706
259
271
88
747
795
211
401
333
170
850
705
115
854
609
111
742
199
461
256
696
981
394
277
752
458
380
771
420
634
829
422
606
877
1
881
7
727
646
69
15
169
774
748
587
664
802
38
201
374
361
913
194
390
653
645
470
858
759
283
310
815
676
124
241
453
640
290
224
193
300
488
337
437
187
319
545
442
817
244
657
650
90
409
336
788
656
322
446
333
295
245
228
66
8
775
840
427
780
305
673
611
965
675
424
719
894
987
418
143
643
680
377
201
847
659
358
710
777
702
216
197
31
307
134
421
237
125
445
968
693
767
283
369
798
868
221
630
845
958
230
821
106
575
390
128
240
693
357
460
960
659
604
960
419
237
175
946
609
146
332
848
858
362
378
746
268
315
431
777
787
87
191
555
611
641
746
938
883
388
349
966
197
815
454
263
647
182
95
271
945
760
326
97
755
426
404
994
949
13
778
903
352
551
904
996
398
336
781
858
592
4
6
394
378
10
107
217
110
138
351
797
172
961
748
881
539
407
730
989
250
441
745
212
436
431
90
617
814
602
326
785
129
179
659
740
436
98
985
591
147
484
734
750
262
166
734
31
840
338
378
109
896
558
634
45
347
133
931
399
514
861
32
17
725
138
492
826
144
943
472
354
96
709
214
451
819
807
384
107
492
429
762
564
973
339
710
734
660
237
930
416
992
814
509
313
818
12
883
245
644
95
508
140
974
420
424
462
20
323
882
65
539
206
420
124
883
974
583
214
362
375
44
774
847
644
718
362
584
993
328
152
859
915
788
515
266
339
854
170
91
374
905
798
492
579
79
330
127
930
565
680
440
355
359
407
250
222
315
989
874
704
984
533
609
449
825
976
934
567
443
794
153
367
414
125
338
570
587
79
787
892
783
931
560
573
877
286
216
756
41
275
748
359
925
140
493
20
97
684
878
53
992
582
373
721
871
534
473
582
716
511
40
29
123
22
859
801
460
943
594
609
867
645
529
759
87
555
746
171
371
264
204
867
959
84
21
71
281
238
827
132
94
384
382
786
761
617
210
396
159
207
546
691
577
777
427
609
592
392
646
454
227
740
24
715
454
414
944
803
682
588
474
323
277
964
141
824
361
366
634
893
148
476
866
124
186
485
915
731
156
625
576
171
478
598
858
895
982
248
825
45
862
597
492
432
734
608
17
288
675
796
948
143
523
441
392
47
528
516
672
798
211
467
23
575
222
196
964
346
698
296
186
677
900
273
163
792
797
913
755
336
149
419
113
380
238
94
68
549
927
813
321
597
50
959
783
197
581
145
805
859
151
832
128
58
634
759
451
909
720
630
201
872
50
888
569
217
436
256
412
527
732
247
957
559
356
704
491
314
434
667
54
339
548
958
115
298
189
864
316
874
882
216
309
280
669
49
485
115
648
517
44
564
845
624
614
968
733
607
886
421
215
970
119
70
745
544
396
987
448
121
928
896
109
756
75
167
49
417
976
918
530
558
426
522
394
884
330
953
173
133
17
763
115
401
820
453
992
290
378
725
847
203
131
294
564
98
866
414
527
700
361
581
926
832
62
951
62
959
555
26
64
784
38
592
82
768
976
1
930
931
724
335
313
241
511
301
855
659
885
649
460
273
433
177
802
351
92
205
821
180
3
345
443
888
940
648
884
543
617
79
854
761
991
913
801
34
118
203
715
151
647
453
700
975
192
894
518
226
701
860
868
549
539
650
271
807
289
884
513
868
448
963
452
906
311
243
814
311
951
932
273
116
772
684
914
776
108
295
617
69
968
969
483
522
290
797
105
467
492
267
254
75
176
243
328
259
864
654
84
467
475
60
574
130
185
684
528
847
330
535
975
319
226
336
648
227
329
285
686
358
793
41
413
435
448
161
216
545
724
688
429
94
102
752
319
801
716
274
465
551
269
409
445
717
974
778
688
192
667
938
410
269
275
611
582
880
384
806
769
518
12
904
891
980
712
282
806
96
703
291
724
920
488
93
478
565
748
797
424
668
790
13
65
286
333
712
112
537
46
910
764
28
690
338
801
46
923
305
46
753
859
787
273
650
814
349
179
198
666
703
170
575
917
564
564
796
994
507
380
467
233
55
633
164
820
249
251
946
27
591
649
70
731
563
630
901
752
316
312
48
740
22
56
234
212
814
739
10
328
435
47
131
686
679
468
902
776
170
883
462
795
26
407
647
710
430
335
966
276
516
555
49
232
503
237
425
781
572
816
443
249
152
534
453
349
856
747
191
300
853
831
843
196
610
239
379
493
684
219
129
571
54
188
226
307
164
94
862
197
295
936
375
34
591
284
755
644
780
605
343
446
323
49
737
941
722
721
258
883
101
340
550
556
947
673
642
700
512
829
657
41
757
106
447
274
639
764
85
723
494
832
699
367
565
190
517
151
592
81
513
520
472
837
844
562
793
126
184
721
532
662
386
302
641
515
66
398
192
993
367
891
420
343
429
530
304
519
959
951
830
941
996
886
538
814
294
921
572
794
778
255
696
311
24
176
484
215
205
672
162
218
245
715
97
978
210
770
547
996
239
668
159
309
327
34
582
191
382
173
646
574
643
557
12
515
744
126
199
441
400
675
412
240
32
705
441
695
74
229
250
667
259
310
154
120
429
861
842
650
251
536
693
20
94
454
919
95
912
763
815
554
484
881
80
883
443
580
690
377
824
420
121
542
589
415
299
428
784
97
566
626
717
491
568
343
952
84
653
573
298
432
210
572
590
547
262
726
918
793
255
298
89
637
140
712
728
138
398
212
704
52
751
375
48
934
976
615
863
956
409
284
603
217
645
167
150
32
325
640
296
209
133
120
535
69
509
760
576
432
900
839
3
873
610
381
187
230
204
88
37
146
866
326
988
880
492
137
688
536
122
251
617
432
968
429
653
953
643
28
760
658
367
801
859
74
633
414
738
484
189
678
986
578
238
817
484
649
239
466
234
95
253
741
317
800
718
931
970
628
501
679
42
652
949
513
948
216
529
534
767
740
510
889
781
481
700
163
380
965
757
732
909
58
535
516
296
593
521
992
311
8
733
99
649
722
969
309
305
700
490
292
475
249
799
943
1000
982
166
530
571
738
25
229
604
141
60
539
119
771
569
632
860
848
790
230
733
114
333
118
737
291
716
795
794
736
599
924
106
460
38
370
943
819
880
849
303
635
878
58
19
555
227
261
774
2
816
772
851
552
802
56
611
806
424
904
49
129
306
40
807
721
260
629
516
798
267
134
25
669
576
816
953
848
446
947
833
641
963
710
756
224
777
893
595
158
517
506
505
303
693
215
367
823
196
71
509
468
781
552
85
948
430
842
749
757
558
144
586
31
868
791
130
267
775
259
656
637
173
40
351
128
911
969
148
720
17
687
806
304
126
959
630
14
258
188
696
392
6
701
882
20
443
782
589
285
429
707
853
41
321
909
976
893
434
474
281
677
320
286
16
779
598
601
838
252
98
668
281
273
88
383
662
292
292
4
678
354
959
708
11
71
105
595
433
145
381
828
458
797
771
908
623
572
868
380
185
148
467
378
863
660
744
351
636
371
556
8
872
966
753
860
526
471
948
78
443
117
513
249
936
760
459
140
565
40
252
590
979
497
631
707
50
15
762
150
77
618
331
895
51
138
789
885
821
618
222
625
186
242
915
616
4
347
751
864
453
280
919
913
557
671
132
799
66
275
49
988
560
236
991
52
553
305
160
692
680
670
580
993
246
429
46
459
785
180
497
920
90
856
618
482
89
672
938
291
119
54
154
454
748
471
389
838
648
370
72
579
389
153
626
759
399
791
281
965
428
190
557
761
949
274
278
498
776
816
83
170
822
967
948
67
811
469
335
948
271
709
113
236
67
169
241
994
92
913
46
181
917
678
746
10
692
516
409
138
119
725
294
119
450
568
208
466
483
684
177
314
26
904
247
743
126
923
54
789
228
322
414
341
263
515
418
169
391
500
373
915
711
655
308
376
743
887
565
681
590
879
749
888
239
745
762
99
281
192
647
790
851
283
836
804
49
622
620
436
307
885
441
786
650
174
346
464
840
628
764
929
727
188
364
908
376
962
116
696
72
68
876
872
461
1
347
111
149
81
670
296
902
269
733
574
126
423
372
667
77
498
662
286
52
584
85
903
97
552
94
314
811
536
82
726
229
890
896
670
5
754
638
54
770
991
957
19
366
175
839
289
722
145
499
14
25
347
192
894
729
662
119
391
636
99
90
536
253
96
12
539
621
606
808
243
498
795
991
255
156
986
471
926
972
425
894
973
931
128
505
924
793
435
733
753
249
893
470
776
567
448
609
698
769
179
213
417
546
698
36
67
849
512
212
663
425
193
520
732
559
358
799
590
7
226
325
147
122
628
804
940
394
243
446
988
581
853
163
419
832
654
940
635
564
782
225
139
407
190
755
197
322
365
595
246
229
328
667
182
821
588
627
282
100
779
193
171
427
373
658
381
205
298
659
791
782
602
949
754
379
684
769
723
137
53
427
6
507
509
642
652
942
899
486
345
774
502
578
928
35
271
705
192
184
263
742
758
484
679
303
190
264
888
638
51
750
104
46
270
355
741
517
210
382
51
206
957
905
862
500
802
168
973
592
499
951
657
641
151
748
496
957
894
650
218
556
789
940
365
215
992
419
732
670
961
868
319
35
440
180
510
445
989
152
419
559
237
412
732
662
770
416
644
61
329
55
774
566
727
578
728
181
87
810
871
802
868
423
608
27
405
217
781
13
874
346
186
593
629
614
537
224
9
429
817
514
988
668
178
354
308
777
656
671
26
36
14
51
553
842
869
188
485
34
535
714
169
939
689
427
391
62
4
863
715
759
280
696
911
132
473
931
578
536
250
425
566
807
493
878
27
272
686
9
338
111
517
849
304
680
916
545
56
399
67
225
593
674
614
1000
633
762
167
210
289
829
123
402
488
21
843
386
221
902
689
785
642
860
475
420
835
826
165
909
123
257
130
608
5
10
292
299
713
535
979
226
62
987
54
100
799
720
542
1000
457
683
611
970
98
91
626
489
438
990
105
495
907
140
540
888
498
902
570
219
999
363
830
596
168
641
599
445
327
666
541
582
181
192
24
825
699
813
129
760
718
555
242
498
478
278
585
59
949
41
544
333
91
351
648
845
5
455
685
163
921
291
526
788
27
247
77
829
662
229
352
786
662
997
657
858
199
37
555
25
687
692
942
23
151
537
505
86
688
657
282
674
186
427
126
444
489
20
18
942
287
681
132
503
184
295
5
264
924
511
683
11
428
145
6
625
562
623
740
811
130
38
260
671
756
367
646
231
243
190
144
873
104
234
515
959
55
787
781
151
323
927
140
619
284
260
145
218
261
979
104
625
491
423
268
330
547
68
922
941
830
794
650
342
462
620
16
582
232
315
848
703
297
709
368
97
753
191
280
635
476
434
614
515
526
467
324
313
971
423
939
216
238
370
507
553
668
238
95
387
799
80
112
319
299
744
690
13
253
658
967
184
926
487
699
52
380
384
756
554
992
782
680
611
54
553
325
926
117
419
683
31
228
520
589
412
805
52
958
109
332
678
69
191
351
564
790
452
385
898
995
678
596
100
810
733
783
10
491
892
430
422
178
290
178
698
127
879
517
588
701
921
455
834
558
197
48
759
731
46
733
821
311
586
265
859
991
629
320
973
24
898
780
969
663
785
169
179
888
359
487
765
924
683
212
740
240
756
805
627
99
14
799
796
817
191
561
876
562
401
483
969
258
604
99
652
214
519
640
625
931
980
997
662
569
688
851
104
235
903
962
123
478
447
85
441
664
830
746
963
338
327
477
92
626
156
874
56
857
876
156
197
565
141
345
25
316
874
539
406
498
420
87
135
328
490
488
525
907
910
163
595
602
475
635
470
401
712
550
902
817
822
468
418
263
935
862
534
790
763
303
685
620
575
835
482
646
197
817
56
644
793
650
916
844
616
210
321
167
173
660
103
532
972
452
843
278
990
422
323
347
50
356
546
708
380
83
441
572
476
13
344
811
54
66
1000
496
577
582
370
347
400
226
509
173
50
110
326
496
893
398
671
24
756
37
891
764
596
0
693
778
874
199
317
450
818
825
379
463
829
577
435
732
53
297
633
854
372
894
20
848
238
185
309
329
538
75
923
839
730
777
585
85
526
627
881
912
419
96
464
120
959
356
896
422
486
471
184
896
423
115
908
368
636
731
907
505
380
385
406
820
506
627
659
580
683
405
298
914
943
280
648
315
138
793
638
93
61
577
802
90
10
7
1
932
382
209
265
739
703
6
671
964
663
788
653
495
502
624
601
222
221
388
466
307
979
93
638
55
625
260
794
437
321
665
881
988
579
614
914
892
718
104
78
836
685
784
972
330
465
441
178
234
305
865
647
623
616
649
439
395
36
659
397
141
656
630
687
822
19
698
312
358
75
295
290
844
274
896
422
527
429
728
396
392
256
503
851
463
890
769
352
571
635
936
46
881
697
308
597
828
505
968
56
945
746
790
326
967
410
167
800
999
634
215
504
507
884
59
670
503
433
626
514
616
244
804
575
539
240
24
349
970
852
223
734
665
80
721
178
288
23
190
774
70
433
292
261
700
213
106
626
360
314
46
364
399
435
472
280
208
933
228
511
790
92
283
536
531
545
140
731
732
325
582
206
600
295
736
720
931
816
977
908
915
660
778
904
898
790
435
124
184
800
290
155
666
7
255
649
236
985
225
101
795
740
451
689
118
538
245
294
263
946
759
901
198
504
430
165
130
843
212
735
502
246
237
446
819
859
477
657
678
94
279
241
815
707
460
153
102
391
910
636
336
608
96
390
977
469
795
14
485
143
80
936
609
264
692
111
570
186
838
342
754
949
56
662
701
146
31
50
29
136
207
490
627
347
124
888
751
82
791
613
927
249
603
482
215
754
991
384
551
483
778
151
778
474
436
174
734
199
607
439
51
232
8
166
453
664
532
307
173
931
994
154
256
203
632
61
713
936
329
120
500
253
969
463
797
238
422
154
238
544
182
103
60
987
105
742
174
272
501
227
424
37
633
930
380
0
514
761
696
675
564
415
727
484
102
588
65
662
205
745
644
80
984
494
888
291
676
123
317
696
765
688
361
483
328
731
985
176
883
393
764
215
937
454
116
174
426
766
310
13
837
182
481
923
787
994
836
215
294
779
184
410
552
395
785
256
355
710
654
487
393
909
926
124
876
726
187
540
208
168
199
474
551
3
594
728
393
650
152
144
184
949
922
373
642
723
496
931
117
785
282
697
726
719
662
404
408
14
238
546
210
634
873
70
710
777
928
844
96
705
83
847
231
964
39
554
574
238
238
726
198
442
338
791
848
900
457
586
476
669
202
168
482
462
942
418
596
164
1
420
6
335
288
469
706
190
97
937
173
707
962
446
48
461
394
500
218
460
205
168
947
337
790
601
362
617
695
776
352
69
913
34
729
381
427
272
6
557
756
925
761
763
87
69
298
719
863
567
586
73
538
175
811
965
347
48
947
201
157
46
40
280
123
802
154
616
102
370
718
26
780
260
943
300
981
365
706
594
463
955
988
875
28
808
715
61
59
937
353
570
826
189
645
561
407
322
935
6
388
252
78
656
244
579
880
815
474
275
421
29
286
634
217
400
987
848
430
699
893
699
990
954
875
336
273
298
641
412
7
187
35
526
658
269
62
852
696
61
140
860
778
62
733
797
91
383
665
990
914
721
708
519
755
777
477
206
161
649
11
903
333
724
61
913
271
520
254
207
861
400
965
495
705
232
569
911
186
486
520
983
249
62
945
798
367
658
487
898
728
66
74
368
896
849
896
513
534
95
147
848
810
652
194
735
318
908
345
396
159
775
748
13
175
956
820
948
37
886
226
358
784
835
960
133
439
518
440
277
42
512
436
132
264
99
229
452
387
286
507
685
365
37
485
63
84
670
713
127
734
413
492
916
530
4
106
475
991
561
595
803
253
318
127
492
971
896
732
428
544
68
545
223
981
203
341
283
497
300
51
716
243
652
20
541
822
986
323
947
606
268
412
3
12
627
66
45
490
920
41
31
604
313
56
672
200
395
600
677
116
978
99
103
845
419
19
263
907
957
994
848
358
860
205
441
823
851
203
923
85
452
237
10
510
584
210
176
716
930
815
362
244
394
961
895
106
725
171
284
686
396
337
699
349
487
970
320
844
228
530
268
100
971
72
961
124
273
15
893
33
794
948
571
630
807
578
241
88
247
97
391
453
344
151
764
699
705
167
901
150
770
940
912
371
617
567
653
434
335
585
462
155
904
701
918
150
772
468
244
935
123
892
486
155
670
602
321
287
791
472
619
420
310
105
226
759
731
889
387
819
289
606
269
840
840
245
598
337
877
991
487
486
363
855
380
397
12
633
131
813
160
290
758
244
252
66
67
675
316
942
162
105
157
75
715
929
117
165
720
847
71
868
567
933
231
759
204
908
838
86
171
937
426
177
188
405
501
440
507
762
309
366
302
455
320
359
884
226
975
576
240
522
540
606
92
692
601
53
471
335
646
588
963
872
394
483
955
276
582
415
896
742
842
745
241
741
928
662
405
91
258
474
231
65
829
79
625
939
68
454
807
721
767
393
711
385
538
708
155
418
794
285
802
38
448
337
61
169
223
234
389
640
804
390
615
101
250
266
738
932
899
89
482
494
562
803
902
471
998
85
66
518
731
918
538
420
121
669
693
395
218
222
431
274
849
529
957
908
682
190
751
156
20
557
352
6
222
224
502
413
374
793
280
653
553
286
166
887
258
944
183
200
488
555
605
686
297
569
674
154
830
712
468
388
89
458
390
734
973
166
226
782
404
744
36
348
717
937
233
456
448
98
957
21
172
265
1000
797
780
127
828
902
432
328
175
158
368
277
474
809
337
448
270
640
286
56
689
463
508
725
294
969
480
752
24
685
708
487
185
77
61
296
64
599
262
578
435
553
375
291
541
17
932
993
579
604
412
58
706
39
246
405
387
962
13
990
572
939
95
933
745
23
105
638
145
882
187
578
498
885
764
929
701
539
878
297
845
49
49
18
670
777
551
248
770
318
961
903
104
390
371
621
212
154
67
658
740
983
371
74
155
816
855
615
648
206
387
435
974
639
719
678
281
764
868
420
976
417
109
726
241
834
132
204
401
746
980
595
575
848
12
598
684
438
694
722
194
242
976
580
419
792
546
511
351
214
413
870
19
394
442
699
514
452
70
383
342
893
391
633
551
755
875
574
574
195
465
560
793
527
186
12
584
953
386
939
809
528
759
914
402
672
399
265
35
291
853
223
75
388
192
162
418
429
281
945
331
758
812
707
484
329
396
58
353
853
759
319
226
968
720
974
367
962
297
812
772
110
31
837
125
371
2
308
512
197
124
815
206
82
41
151
953
575
748
144
891
716
112
752
25
976
467
248
909
469
175
461
862
1000
400
233
766
476
370
873
76
95
795
805
936
416
397
357
733
579
743
805
842
849
566
274
216
126
203
839
767
687
741
278
499
765
109
939
749
93
773
397
208
758
45
904
734
498
785
256
208
313
918
615
69
258
697
926
979
379
699
622
635
659
630
800
54
542
80
376
843
904
829
362
115
740
926
940
566
619
573
724
940
669
576
788
714
32
482
160
816
884
491
848
12
395
411
769
951
654
531
750
765
608
143
721
123
722
255
580
673
829
529
637
804
868
115
842
131
752
98
902
875
911
738
602
86
986
54
400
522
76
38
897
776
197
726
162
937
833
209
66
719
201
621
282
796
376
232
138
428
286
121
810
151
859
576
545
57
751
256
586
482
178
417
700
356
420
985
524
373
535
471
481
439
833
477
686
288
464
923
346
721
262
854
487
289
312
26
915
137
298
112
219
600
453
578
673
201
782
319
173
104
740
550
477
992
105
927
79
301
114
745
32
79
861
997
7
513
245
87
49
491
522
916
136
82
578
729
112
548
342
1
891
177
748
252
815
77
162
462
167
907
436
554
810
851
489
187
122
695
757
112
128
295
340
626
377
724
357
109
213
853
918
29
928
757
722
216
829
350
168
508
328
619
927
243
600
863
110
724
849
26
868
490
640
473
165
868
457
903
251
56
683
53
614
536
7
651
275
583
690
740
310
686
210
4
8
60
488
694
971
369
352
138
988
172
441
432
962
992
94
436
375
939
130
835
28
381
325
723
146
849
677
394
328
16
606
276
490
495
810
136
814
815
326
451
448
676
964
327
715
486
218
933
704
156
472
896
313
824
489
12
198
548
375
207
457
718
577
764
307
391
799
998
670
625
615
827
441
284
213
321
907
769
225
174
664
207
198
149
642
57
635
406
481
247
209
88
689
204
859
173
318
366
999
566
591
885
328
444
77
641
36
271
835
984
723
793
71
621
171
524
681
205
50
643
168
604
711
425
567
290
397
61
31
128
793
406
389
19
721
600
860
626
115
572
24
883
257
6
338
488
295
164
650
319
20
841
356
48
718
561
925
722
401
366
87
889
401
773
162
181
582
234
948
481
239
100
820
471
377
207
591
673
844
227
793
386
776
496
1000
837
438
644
822
441
964
610
40
955
357
462
298
454
110
136
151
480
507
954
58
892
43
372
554
659
400
352
846
322
750
223
505
525
389
513
137
587
178
224
842
931
88
956
942
851
977
478
413
458
118
504
601
954
483
593
400
171
181
925
362
973
116
954
139
967
663
280
978
168
876
225
563
453
807
543
730
787
325
542
589
553
587
607
859
192
70
75
162
25
920
79
387
853
989
324
559
579
249
543
2
186
33
540
728
991
559
940
649
875
240
199
932
935
792
69
474
543
446
407
531
340
245
698
994
936
687
498
607
78
654
380
159
777
160
150
457
573
765
664
117
920
808
494
79
128
186
508
905
609
928
289
585
527
98
614
802
333
739
812
250
481
487
883
623
537
913
212
55
733
150
452
167
398
261
525
328
168
802
488
368
452
569
538
590
36
995
939
663
616
673
717
113
629
725
624
387
466
948
467
688
364
546
996
528
447
100
568
630
649
505
60
575
802
366
349
407
409
550
529
982
286
430
249
209
399
656
394
938
289
130
35
971
657
94
791
748
404
767
215
61
259
268
552
51
53
523
238
81
485
488
728
449
248
688
91
944
969
408
262
49
337
265
888
114
307
39
551
131
535
909
972
884
927
638
506
83
64
712
162
314
875
47
356
985
603
330
39
906
75
946
515
784
196
632
640
517
632
465
210
8
773
646
926
485
201
735
481
981
91
80
130
670
279
892
986
61
910
183
4
545
287
546
712
432
326
978
758
701
453
294
711
996
512
40
281
643
138
519
249
810
323
715
63
628
700
468
668
440
602
75
483
968
942
116
636
102
910
996
822
372
421
761
745
466
17
627
886
792
622
319
333
926
410
176
201
329
172
60
1000
373
571
509
409
200
202
878
284
660
532
847
792
570
751
464
751
819
811
408
704
285
833
509
266
704
402
229
225
34
294
56
997
137
908
461
510
395
3
887
195
729
446
167
742
48
424
316
650
738
17
598
17
337
517
567
800
813
16
849
339
195
492
156
955
828
838
115
421
93
638
511
127
488
628
533
334
422
518
332
580
403
493
348
550
82
452
543
696
409
431
743
453
384
962
426
180
502
310
124
893
288
430
15
320
870
456
991
401
224
140
102
223
810
757
286
815
47
247
594
202
204
756
769
532
301
728
507
669
770
680
351
790
303
475
448
25
570
977
532
98
381
702
53
211
448
257
507
27
678
809
716
45
139
236
579
185
834
112
615
957
530
230
863
827
646
225
958
712
833
693
883
224
944
439
720
190
566
113
316
934
544
810
947
231
501
106
973
137
254
738
805
797
173
439
933
100
215
639
798
391
662
515
976
430
145
886
677
288
492
902
223
713
874
550
226
452
274
741
754
491
231
788
235
692
645
189
309
83
832
294
268
499
350
808
686
743
616
613
137
379
521
602
946
869
19
832
6
945
263
707
133
937
822
481
110
155
646
86
680
101
175
747
34
9
418
77
625
42
841
18
355
87
233
123
671
548
783
18
641
159
764
239
592
544
2
394
532
654
638
610
734
594
846
907
604
116
467
553
347
588
22
267
957
516
28
837
797
11
562
41
790
563
891
770
551
23
140
344
118
666
634
963
838
379
835
988
528
292
593
866
876
17
694
150
875
253
3
250
660
373
942
127
954
571
251
394
109
412
729
975
383
416
404
750
565
393
53
231
257
694
917
579
443
820
574
431
147
899
339
330
599
387
631
68
207
878
210
406
368
652
447
758
888
880
744
37
225
683
8
713
284
23
577
715
489
332
35
232
387
799
708
448
366
131
258
689
465
662
951
763
367
535
364
466
562
245
469
294
70
413
186
538
680
197
6
168
922
804
579
974
45
517
71
699
977
857
315
642
745
581
886
621
886
706
409
374
379
982
421
918
559
863
141
377
880
882
391
561
594
332
358
109
678
632
679
48
861
399
741
880
639
573
977
537
380
452
698
380
681
508
992
503
887
689
612
465
898
223
206
443
95
866
184
658
149
200
6
454
184
974
72
654
579
260
949
261
41
176
1000
888
386
259
803
309
188
402
255
68
583
384
422
768
956
467
258
466
164
765
350
745
56
383
296
513
571
810
809
479
738
866
947
391
249
678
763
530
809
889
592
283
363
740
825
685
175
372
435
884
531
142
497
211
584
336
994
571
460
604
593
805
606
683
619
420
603
162
805
818
564
417
796
504
502
946
428
8
701
345
963
354
633
106
524
73
25
659
932
502
196
511
561
782
928
847
430
804
881
122
413
695
475
576
963
160
103
609
65
14
476
853
742
886
425
438
529
218
166
497
534
284
36
672
586
624
251
217
507
933
356
715
565
148
34
862
577
773
110
614
61
381
859
682
66
253
235
404
900
995
208
905
820
188
610
183
977
738
802
301
837
762
613
579
262
359
680
153
251
368
40
797
30
716
207
735
884
61
432
282
251
621
822
53
521
524
587
153
122
463
278
663
327
545
73
365
528
172
317
382
517
329
780
538
79
823
558
558
798
214
757
833
280
307
148
226
969
219
10
437
641
539
584
301
750
571
529
679
675
839
59
656
295
544
995
167
396
437
683
547
803
913
521
33
648
665
275
294
677
182
494
637
233
902
95
275
55
219
80
401
37
331
229
932
164
258
249
765
133
432
296
950
17
186
615
138
99
973
22
301
285
408
494
307
564
948
393
284
592
641
669
160
973
291
883
16
91
488
889
421
998
669
849
657
11
836
29
622
869
968
418
611
89
460
38
281
848
211
2
410
92
76
71
273
331
495
18
627
701
281
627
444
717
412
733
940
953
752
331
231
689
791
167
970
777
198
996
138
327
421
449
318
948
275
908
862
518
975
578
534
270
309
14
421
41
590
549
388
924
596
189
404
370
777
977
499
954
515
336
941
263
237
671
321
940
77
106
267
224
369
503
685
941
749
915
624
482
330
366
240
934
594
586
121
218
192
494
174
351
134
609
968
943
252
343
578
505
620
227
49
634
309
148
876
300
73
294
133
99
690
463
109
848
797
339
579
563
235
575
614
623
76
198
775
408
458
875
630
735
77
879
305
956
560
400
488
66
587
957
718
450
390
325
462
453
294
637
720
756
771
812
757
281
397
801
667
992
838
90
868
848
716
769
826
684
83
24
77
77
153
283
156
377
617
907
879
929
469
713
972
435
328
471
450
290
507
478
636
49
512
548
326
716
568
449
940
603
774
792
254
361
410
492
243
10
691
637
53
107
537
166
37
735
429
559
394
474
60
134
480
222
266
15
890
398
499
42
193
990
454
944
805
69
84
905
987
711
391
355
63
477
745
910
309
604
199
23
400
311
803
718
686
646
347
465
295
548
140
511
618
407
616
661
99
273
940
891
880
654
167
431
361
388
904
693
719
222
494
281
927
937
777
74
546
745
669
606
185
741
