745
231
620
260
828
231
366
846
950
572
722
194
345
614
267
138
412
429
340
862
333
990
586
120
994
749
985
390
587
995
772
551
453
302
961
977
900
473
784
529
702
745
891
392
176
183
311
899
840
953
160
100
10
159
775
884
123
849
773
735
102
19
671
139
597
865
890
733
691
98
704
643
302
485
547
141
632
410
690
330
359
890
54
959
865
435
552
966
568
416
69
189
82
529
883
764
731
445
542
577
714
750
231
108
904
989
759
365
709
66
533
692
907
26
58
892
239
901
523
148
26
68
685
660
996
899
992
847
970
144
270
108
413
218
59
504
487
291
134
216
546
602
353
367
777
780
635
851
208
907
732
70
760
259
231
340
176
181
700
998
993
638
965
890
695
561
524
532
333
265
500
401
740
733
777
132
770
876
784
334
715
422
808
27
66
16
749
445
955
696
559
953
249
234
945
831
864
777
284
346
755
360
163
913
554
585
74
947
247
883
461
605
164
211
494
442
276
210
79
688
794
174
29
101
280
23
331
71
896
336
169
430
629
864
182
236
920
23
102
631
665
205
163
679
156
716
386
450
814
76
285
859
619
347
627
962
397
461
467
774
486
387
598
719
662
904
888
147
962
855
95
929
983
353
74
126
693
319
989
253
400
632
648
715
228
625
42
234
1
846
909
386
472
78
364
537
327
709
566
177
738
622
405
970
990
881
393
542
972
141
652
505
56
527
722
829
938
890
552
10
268
782
757
382
884
501
114
69
928
822
250
412
234
543
232
541
772
976
591
12
593
509
583
512
838
457
283
532
406
492
75
509
198
982
799
256
948
217
141
216
65
356
986
430
372
105
952
822
245
871
831
176
881
692
629
179
628
751
381
181
549
729
854
602
89
728
101
263
293
468
319
946
640
324
33
361
471
677
729
380
93
903
551
432
561
958
958
861
873
517
20
888
887
895
36
83
542
676
475
209
479
757
906
203
114
992
405
831
313
420
903
704
829
513
673
464
292
254
177
34
789
764
216
51
666
432
888
872
452
523
215
393
525
739
799
531
517
784
122
14
345
649
399
673
262
185
600
452
662
1
952
571
948
541
734
362
65
52
258
542
811
71
835
137
118
596
485
392
643
908
690
584
210
145
788
556
240
39
747
391
189
824
588
526
164
741
552
1
664
141
908
59
111
963
122
584
346
927
564
375
381
939
830
496
955
694
488
279
965
240
748
772
326
552
244
816
610
94
665
703
766
822
916
573
677
677
85
98
492
533
282
988
655
762
806
998
82
491
770
157
878
789
513
842
453
757
987
10
487
169
548
959
283
423
536
830
658
4
6
75
301
954
203
393
216
896
569
827
501
205
547
162
516
323
906
665
618
683
939
338
301
376
954
21
384
953
77
760
446
104
859
722
919
201
332
147
320
639
349
541
313
506
112
921
978
994
65
64
330
46
132
681
119
962
57
957
636
418
760
421
53
445
420
475
156
699
464
666
846
394
858
661
554
210
81
183
130
852
349
359
234
303
450
310
570
482
841
63
9
34
917
790
263
864
893
797
23
135
568
77
909
933
553
523
187
401
978
888
937
256
598
680
701
583
418
890
319
866
504
925
934
694
467
970
419
242
284
964
722
613
934
109
722
806
376
489
581
839
910
568
389
877
193
657
237
488
147
739
594
612
995
412
773
290
239
984
433
833
555
484
859
234
23
408
59
199
14
677
825
756
895
207
520
280
205
939
813
92
866
832
451
796
212
157
817
657
911
980
245
193
415
414
235
44
358
274
464
871
640
229
414
589
273
915
448
549
981
728
60
678
445
532
450
596
128
814
762
837
747
26
364
255
583
309
583
30
366
135
307
626
700
310
774
514
762
187
596
666
347
722
547
465
604
596
244
766
136
321
497
344
183
585
859
255
733
536
300
180
591
340
995
430
330
373
993
119
724
448
417
657
619
905
31
414
181
698
50
898
644
380
108
898
244
505
833
538
78
696
717
425
161
627
290
768
208
629
889
992
107
976
195
650
853
17
414
426
392
640
591
423
69
712
349
426
66
291
483
754
54
673
359
635
114
859
195
488
228
310
415
663
504
765
981
350
856
355
318
139
301
143
208
348
785
592
902
327
905
105
777
661
309
641
418
684
810
350
544
283
770
203
454
399
358
880
184
566
916
708
767
867
620
319
487
518
968
523
115
205
654
234
508
854
771
533
281
123
780
275
993
417
485
324
617
879
961
93
456
415
600
149
247
661
909
405
837
147
954
562
536
610
62
148
238
502
113
569
739
974
613
465
972
729
247
240
384
48
249
46
66
385
896
43
382
513
313
560
764
228
888
523
641
88
463
916
626
880
965
726
775
465
71
139
737
426
410
542
434
530
541
293
56
270
865
984
252
154
418
862
277
125
128
507
572
602
627
319
360
570
493
270
305
562
237
175
580
26
342
841
904
152
473
520
501
973
988
643
874
255
863
984
948
38
49
639
669
112
116
738
961
525
555
961
443
641
104
104
884
151
891
246
332
481
591
328
834
700
292
661
662
428
668
786
177
746
712
68
936
789
667
204
713
6
550
374
436
347
984
112
801
732
653
416
190
288
293
712
991
768
20
758
491
819
498
518
401
861
246
434
308
212
602
674
471
115
94
845
994
736
97
513
783
67
973
297
616
23
89
56
737
593
426
617
906
188
868
84
615
840
946
197
654
760
621
490
176
792
552
201
756
864
252
273
375
32
676
332
735
873
872
667
401
902
719
5
113
830
141
781
117
711
169
573
36
426
540
124
279
815
504
825
295
465
166
17
891
812
71
982
282
759
381
708
347
262
646
918
785
713
327
294
768
607
969
271
184
2
292
497
320
68
337
117
319
10
610
759
471
956
744
263
186
14
473
796
500
344
646
902
990
544
551
702
461
235
405
85
494
160
187
859
610
479
600
242
792
913
796
432
293
327
968
687
105
977
650
877
350
863
962
263
259
707
520
529
183
878
22
772
555
369
385
911
288
80
908
913
282
320
724
832
360
423
823
49
829
394
260
878
685
166
527
65
262
321
589
635
426
449
379
903
627
717
162
747
56
6
301
337
86
59
835
940
710
517
342
170
346
544
771
56
591
914
549
189
128
715
490
591
38
380
512
811
428
83
439
582
651
970
365
10
166
694
627
594
945
520
41
893
46
590
762
590
454
602
190
747
652
154
809
37
640
735
679
585
76
766
456
292
107
252
899
452
416
726
769
823
964
120
447
83
44
222
192
311
489
833
154
132
824
911
977
858
411
416
413
604
625
529
892
668
288
981
713
938
394
398
989
42
495
376
836
367
592
813
875
710
943
518
97
299
567
932
72
0
834
637
731
532
319
345
218
631
355
381
839
33
856
627
449
795
37
713
963
920
667
672
261
400
627
406
687
688
940
634
24
866
215
715
129
529
809
396
549
754
769
992
318
589
488
333
372
543
916
339
333
677
118
112
393
651
650
352
811
503
726
645
140
715
634
539
856
306
201
862
909
266
289
718
676
687
378
376
622
876
489
565
934
596
784
389
690
653
952
786
895
762
642
796
843
258
260
841
904
67
537
70
377
790
239
511
919
490
339
296
916
830
210
540
500
659
641
698
951
722
975
973
320
977
539
389
668
537
35
455
747
571
994
617
413
335
503
691
64
389
587
897
876
775
567
518
512
869
125
238
824
562
782
21
215
684
995
202
4
308
727
525
873
66
206
773
387
833
2
151
616
64
266
923
448
531
814
62
935
253
812
150
339
67
680
612
189
707
989
687
149
925
401
32
724
623
11
281
251
605
485
891
822
218
454
64
958
779
830
576
744
127
997
779
377
724
66
266
131
626
694
296
720
658
424
66
280
271
641
357
811
99
468
952
413
575
158
746
108
382
732
566
869
298
383
413
459
734
636
343
880
311
955
161
242
701
726
287
743
126
527
157
514
947
828
481
869
147
54
333
720
68
996
847
515
127
865
343
959
365
385
41
552
654
805
885
563
844
269
194
529
795
766
45
924
643
678
996
413
443
541
665
460
749
130
604
635
733
5
65
101
867
872
399
483
570
950
540
440
325
373
865
333
643
385
387
720
865
757
53
756
521
891
786
644
458
416
68
135
522
563
490
754
81
424
28
755
468
758
143
478
509
600
741
597
854
610
958
429
152
304
321
617
197
835
212
170
627
753
101
464
394
697
790
900
775
992
381
195
573
325
447
399
151
602
46
979
838
329
537
225
494
392
35
935
313
36
139
583
866
546
348
21
67
28
819
373
100
764
748
382
869
882
881
38
927
67
639
887
825
364
314
396
211
123
541
394
731
561
24
275
384
30
348
956
488
844
163
384
870
23
994
109
98
857
876
614
372
510
951
738
6
468
748
550
338
696
488
428
602
199
741
19
840
473
690
690
153
95
621
528
283
88
352
448
292
344
538
454
474
746
250
905
924
58
970
733
772
810
900
215
100
142
633
705
753
705
798
339
585
198
663
981
196
102
367
687
767
897
713
741
343
358
119
34
78
279
587
49
798
524
370
419
628
513
43
69
827
650
937
556
800
231
497
301
592
980
157
862
69
737
923
299
217
552
507
260
528
883
411
510
624
403
805
714
669
101
467
496
363
208
474
213
627
941
70
690
636
728
943
755
299
222
689
540
255
773
938
193
86
874
461
978
112
102
477
727
468
156
130
217
111
165
826
931
660
3
4
935
887
387
785
633
106
964
475
518
5
294
772
460
855
130
492
164
986
312
971
361
759
594
265
315
949
813
302
544
716
559
864
937
762
298
320
509
106
447
690
402
936
219
684
168
959
992
672
691
416
551
502
5
97
262
248
48
406
3
996
433
225
881
743
244
130
627
286
408
733
617
475
949
641
418
713
909
280
728
434
766
175
843
68
792
264
409
193
728
876
891
102
195
54
705
620
988
987
312
999
308
912
85
444
822
371
590
476
282
992
9
625
709
214
832
771
72
594
8
950
311
730
720
656
643
886
432
474
944
449
648
79
463
120
129
626
271
30
468
427
847
285
970
91
487
881
404
814
476
445
701
782
870
141
242
531
867
688
395
756
3
823
169
49
346
862
487
577
191
650
615
859
697
850
140
623
652
643
536
978
849
198
529
217
857
264
300
441
442
925
858
858
909
540
768
948
442
865
564
738
325
917
626
641
413
453
516
951
134
421
771
614
47
992
259
197
307
111
772
410
688
349
15
380
515
949
104
443
453
678
429
79
799
702
923
215
263
94
757
72
509
468
684
181
149
987
532
134
169
88
831
563
144
734
994
392
57
528
670
45
358
872
352
250
319
472
700
658
586
59
190
867
408
750
884
713
242
900
976
178
708
519
483
132
360
611
849
173
417
408
515
44
353
509
263
842
506
881
242
825
672
391
338
10
903
828
336
77
632
200
356
683
98
120
767
657
633
802
40
206
530
376
465
893
384
471
558
443
562
705
871
941
31
422
654
325
115
921
516
723
901
858
901
417
369
996
281
783
480
413
16
449
241
346
167
823
876
604
766
589
337
644
466
69
716
771
258
372
84
695
985
462
112
653
974
415
394
908
193
462
693
47
97
327
511
681
308
171
2
835
878
20
263
522
949
586
729
551
201
180
429
150
342
418
552
863
928
919
696
8
701
19
545
594
801
683
148
73
929
115
951
318
552
948
419
82
60
966
351
427
730
460
413
735
486
556
512
317
989
579
908
369
832
822
265
964
838
621
344
933
310
403
387
28
376
791
998
195
848
791
80
294
757
390
417
494
139
677
35
604
844
582
251
453
381
134
888
357
587
188
404
0
564
890
199
166
870
173
777
652
917
424
900
128
392
151
671
187
63
157
382
67
109
258
856
584
503
739
870
202
359
377
9
465
627
4
551
752
484
930
709
368
644
123
329
398
882
337
519
905
845
478
87
342
69
940
438
799
857
314
474
275
393
913
433
907
471
13
821
32
600
627
801
179
765
460
316
332
194
277
686
187
576
959
908
83
940
167
356
732
191
585
920
786
864
463
588
32
368
761
136
808
530
510
235
313
517
311
348
710
234
243
274
701
970
228
77
236
865
157
556
674
30
114
168
289
606
168
237
203
151
191
640
637
253
298
250
387
232
191
129
70
39
979
239
503
512
20
376
237
186
127
892
99
720
570
197
836
921
375
791
703
954
825
422
630
946
444
522
938
12
185
643
710
109
698
650
570
718
172
270
813
913
236
538
78
909
193
199
499
507
167
242
936
472
287
855
127
448
78
518
363
49
427
825
743
140
823
690
5
199
302
973
976
454
117
314
868
807
66
117
640
261
38
966
231
966
247
52
285
531
804
879
248
574
681
620
776
699
452
187
832
600
924
240
231
474
343
153
848
659
372
903
111
482
221
713
779
463
743
822
490
429
694
362
567
845
286
194
176
343
952
290
463
127
863
515
905
981
224
105
586
274
76
463
321
927
685
89
951
351
916
37
208
246
765
43
418
483
893
253
124
295
361
323
439
289
255
253
282
705
10
599
510
288
308
509
433
284
543
812
247
257
688
1
873
813
769
910
823
877
783
193
33
918
666
663
483
890
132
658
735
575
161
383
702
106
709
913
636
912
443
243
88
429
615
288
467
891
136
60
190
449
284
684
868
561
381
863
711
827
44
414
860
921
872
646
165
964
557
350
670
830
710
67
18
356
827
693
998
642
296
184
588
979
829
880
348
711
904
795
97
239
172
218
73
739
279
630
764
391
438
984
503
521
608
140
238
148
27
551
230
161
357
139
737
17
687
682
486
52
631
243
334
622
536
723
756
485
726
224
547
956
41
188
658
871
403
642
871
156
761
151
747
1
900
578
218
676
440
208
49
200
435
574
443
504
203
853
367
547
28
432
689
317
634
90
413
958
41
127
159
824
675
264
94
120
237
855
64
367
35
857
93
433
598
536
630
979
608
283
863
715
207
371
285
167
583
827
337
57
202
535
479
158
725
675
371
670
836
851
169
65
998
238
697
494
668
990
757
438
759
642
221
237
493
539
556
501
302
281
19
319
508
917
917
671
708
912
965
201
687
150
81
309
690
715
433
525
134
912
813
307
769
832
974
501
849
17
113
871
574
25
545
144
317
174
891
230
790
989
755
996
464
393
3
407
783
659
692
601
432
661
176
105
796
241
613
884
654
801
18
132
19
705
78
543
401
854
3
741
178
401
909
732
44
865
60
23
584
661
355
726
464
442
675
649
896
2
982
632
551
464
663
703
835
119
751
780
61
88
249
403
454
656
883
758
42
965
708
63
443
58
330
100
607
844
469
524
640
468
620
723
596
701
890
564
54
143
980
728
483
653
13
247
239
9
625
144
485
207
379
55
814
671
74
592
441
300
167
410
233
266
414
264
846
847
401
464
289
338
999
984
381
174
601
73
791
668
638
571
665
958
370
30
727
596
806
1000
757
893
506
21
456
978
480
94
34
355
351
984
250
276
7
547
884
659
176
243
674
116
916
236
552
223
839
849
579
148
234
316
550
554
876
899
925
992
693
185
368
997
223
529
226
280
757
140
856
962
356
212
31
587
6
948
853
130
921
669
548
125
151
408
289
594
56
87
833
853
8
972
789
984
953
9
610
887
21
362
101
585
351
941
637
264
480
971
951
651
82
214
710
336
48
662
647
643
485
257
213
915
346
286
180
316
598
431
836
647
863
534
429
613
559
482
44
874
136
239
966
875
978
976
921
807
29
69
505
772
990
580
200
748
444
693
104
435
876
96
240
123
572
112
795
512
502
658
913
96
857
146
960
269
118
67
670
106
632
820
217
371
52
792
241
670
532
621
388
103
892
340
672
831
257
283
682
392
622
384
268
357
14
222
997
950
469
578
492
493
739
563
77
211
811
458
620
480
865
230
802
460
671
64
616
33
519
632
726
683
487
343
184
360
8
458
285
818
854
218
25
232
729
349
851
176
794
176
989
728
513
79
54
27
366
998
394
269
511
673
295
461
322
50
570
761
523
512
568
482
15
469
12
343
473
160
777
268
921
844
47
706
511
188
596
910
784
635
373
31
882
120
761
650
271
314
706
229
738
972
735
871
825
110
506
588
924
911
34
600
29
922
863
457
712
715
78
122
122
569
556
825
95
87
375
84
338
246
918
650
648
356
940
762
808
749
660
947
262
708
274
932
821
698
546
505
460
275
836
265
500
158
988
636
316
149
660
920
714
254
897
451
479
117
484
107
145
25
677
413
960
62
621
608
180
230
578
859
654
418
463
320
159
592
82
463
317
546
340
690
713
840
647
13
8
636
203
915
673
676
919
728
773
681
138
352
384
140
543
535
687
94
237
645
1000
90
565
525
841
449
84
308
42
9
541
200
35
224
342
366
618
673
266
113
952
201
98
741
833
614
806
773
236
713
374
921
841
439
528
48
647
697
32
805
594
862
259
887
383
862
882
700
598
613
701
274
300
456
509
255
113
133
364
348
269
618
621
1
98
251
110
481
315
324
531
795
118
529
321
223
370
459
748
592
885
598
311
930
379
416
321
436
938
747
526
464
512
285
608
327
902
911
817
546
656
295
398
64
24
443
824
523
863
386
335
510
141
556
22
277
774
511
690
261
409
798
439
127
448
921
967
717
978
627
729
183
26
507
395
723
639
865
229
165
20
416
511
359
953
980
70
0
356
838
244
764
551
668
617
36
112
393
270
839
972
645
502
554
548
255
752
260
681
87
576
485
227
987
820
368
27
130
530
794
491
954
349
624
776
94
356
427
299
505
93
7
922
38
897
886
362
36
172
278
994
967
211
566
686
261
542
877
730
364
580
833
361
554
518
898
624
52
587
491
92
457
688
387
785
914
509
303
899
802
303
291
77
660
852
236
829
276
431
136
345
68
238
514
379
528
527
229
819
879
546
166
800
444
247
256
378
205
249
266
344
909
995
601
616
415
788
807
169
58
179
718
754
196
833
36
509
962
834
907
475
942
313
668
81
266
232
8
706
619
128
393
910
378
101
685
155
457
885
602
184
770
689
103
287
262
795
25
472
343
628
803
836
642
69
162
557
713
248
416
896
215
997
107
94
428
152
608
632
895
111
163
169
504
333
92
402
286
130
382
14
620
310
965
59
477
40
566
135
711
434
103
732
296
546
788
420
207
887
340
430
345
276
44
647
817
690
131
209
911
214
755
434
877
220
494
433
977
353
71
750
648
76
603
391
522
776
824
901
797
512
176
268
988
233
280
223
663
812
45
211
813
202
8
521
189
435
139
429
231
176
822
885
579
195
503
967
585
54
87
104
207
444
51
577
827
732
656
997
194
955
510
567
437
145
23
825
503
708
763
380
370
254
709
252
488
286
301
944
477
60
463
886
114
835
18
385
641
304
435
560
230
320
315
825
57
878
158
978
493
796
606
538
82
435
904
384
291
48
344
670
18
841
523
329
393
248
714
375
299
852
897
323
519
844
365
187
41
602
522
575
701
395
760
546
152
671
261
38
571
388
361
206
535
222
910
70
317
250
951
681
173
112
271
453
5
402
946
250
995
92
704
764
928
145
698
705
866
223
182
528
106
156
192
209
973
931
956
505
888
613
859
502
261
870
330
140
37
347
456
528
351
231
573
716
579
422
475
436
76
193
16
922
607
938
531
256
48
0
475
580
504
786
215
16
799
808
801
865
421
499
411
660
640
207
418
359
52
809
323
617
461
786
392
843
711
524
713
52
511
777
824
1000
237
484
647
1000
848
388
683
333
630
356
440
942
627
314
603
912
880
357
529
716
735
516
893
142
462
650
662
749
941
237
309
964
348
571
895
884
302
176
933
335
68
153
286
60
437
154
440
878
56
800
553
859
173
0
905
488
362
50
678
94
744
671
254
487
563
175
344
752
823
109
782
151
809
332
811
623
229
967
462
725
714
604
175
357
617
433
974
42
581
138
974
760
95
202
460
80
212
369
701
613
900
902
679
826
116
806
250
360
462
31
745
533
706
445
823
118
676
111
453
254
481
533
549
804
735
535
213
805
883
163
846
332
320
637
823
950
190
429
960
926
155
735
313
83
557
202
36
498
51
905
649
332
831
855
580
207
700
737
76
216
33
309
980
432
171
974
685
876
893
265
141
832
630
36
473
705
456
495
204
715
745
260
407
35
592
873
830
76
593
925
565
158
848
761
948
621
103
939
163
242
21
110
646
42
503
1
744
755
521
86
99
906
792
992
0
354
922
619
967
907
842
581
941
496
646
418
710
467
66
605
226
182
565
971
169
117
486
1
395
873
334
539
606
600
790
692
504
359
114
336
719
115
118
763
8
118
475
650
811
193
42
882
0
648
182
529
526
64
795
780
442
933
613
295
988
716
165
120
950
349
190
676
985
774
977
104
733
940
252
561
706
414
638
785
684
815
461
467
644
489
474
388
385
886
268
63
360
829
379
549
111
647
572
824
250
816
214
341
144
892
150
672
436
931
166
169
426
417
185
412
95
447
130
719
468
914
411
232
218
168
927
884
782
128
876
109
115
359
720
784
233
936
685
501
948
400
833
197
862
943
277
194
774
590
405
765
685
487
816
924
907
354
394
75
967
162
385
868
827
912
152
582
468
315
892
775
513
141
344
403
636
168
381
384
745
282
504
97
511
363
925
202
149
663
669
444
684
669
315
372
477
107
998
990
594
770
147
897
781
123
234
627
877
896
813
226
397
958
459
859
434
792
639
340
785
760
405
148
436
328
813
103
277
767
570
305
576
327
85
271
779
973
339
552
724
418
548
438
498
27
808
33
159
577
262
610
768
703
616
392
472
578
219
546
552
570
689
461
861
302
474
245
917
707
792
962
269
846
764
208
930
234
181
973
403
14
29
697
432
468
819
12
523
407
541
594
741
116
2
434
171
502
13
372
924
734
286
217
884
784
565
197
483
771
243
336
837
219
637
759
962
159
360
157
803
564
454
614
928
663
721
306
184
552
865
678
438
380
820
517
419
123
195
743
740
692
751
97
937
534
180
687
920
799
413
811
65
821
828
709
781
855
88
260
116
308
61
392
212
836
950
634
210
516
151
654
458
972
966
860
132
853
953
317
984
801
656
63
492
972
464
659
350
465
444
527
875
175
891
955
587
208
269
180
604
900
803
476
242
974
243
802
71
830
384
693
684
970
861
51
65
97
93
245
800
186
629
706
377
318
247
276
543
793
198
873
163
234
715
697
79
719
708
147
206
140
158
325
191
499
96
276
460
775
116
398
673
630
313
704
819
926
17
472
179
214
456
1
467
239
385
746
540
617
574
18
680
749
568
937
265
770
467
82
890
131
863
840
98
5
997
61
82
472
958
868
709
282
60
432
572
924
240
790
842
470
830
847
911
379
363
452
572
286
641
651
259
51
857
914
378
971
681
367
62
457
815
992
194
462
594
869
20
579
639
464
313
1000
553
374
270
775
759
7
631
681
377
943
276
712
555
23
607
44
727
781
668
873
209
848
342
611
406
384
895
997
607
820
401
51
592
709
407
233
839
472
543
769
676
84
74
778
816
188
317
669
0
95
21
262
750
644
711
711
470
97
438
985
364
438
401
658
359
536
452
282
149
657
57
493
631
245
328
735
694
697
362
672
459
152
997
194
653
796
237
663
264
964
962
910
62
46
253
448
93
380
282
264
166
583
299
451
898
434
194
560
437
776
239
274
359
894
476
258
391
189
709
25
564
310
468
892
521
108
748
235
804
602
259
754
32
475
245
159
902
499
312
255
700
392
295
618
992
837
299
539
306
921
557
747
238
771
233
75
753
562
53
958
593
139
491
873
87
560
254
998
426
863
67
844
326
923
730
970
476
868
578
938
205
24
533
164
191
86
17
365
173
549
927
4
66
770
303
35
334
212
266
999
495
316
330
903
832
10
913
515
965
653
174
848
556
273
300
272
359
39
65
216
660
889
296
832
453
372
562
884
711
72
870
382
488
696
717
236
189
711
537
567
174
757
638
687
762
647
633
456
36
785
100
842
754
669
147
607
958
135
354
611
349
458
28
963
556
471
856
468
776
818
675
95
384
525
324
691
154
64
158
20
759
578
126
214
664
387
374
629
405
355
981
432
782
159
560
5
675
893
593
714
632
594
512
987
172
669
807
794
262
449
618
130
682
986
361
122
59
278
985
582
656
899
21
855
2
435
865
372
123
577
786
111
790
245
616
990
681
742
140
275
16
871
131
402
202
147
37
585
12
784
575
809
340
473
539
610
407
489
785
107
477
983
247
352
889
920
139
775
822
607
865
646
807
931
937
311
811
575
339
908
53
817
382
570
708
625
76
985
588
261
214
913
873
142
328
358
294
31
141
666
598
228
59
437
160
640
382
726
558
822
730
683
852
233
496
725
253
4
192
551
66
366
430
351
750
926
600
128
36
405
268
114
312
413
228
735
66
750
935
432
269
340
151
998
534
93
914
845
293
307
394
111
31
158
352
906
845
44
114
367
814
604
813
756
567
804
946
382
708
950
439
138
592
99
296
757
162
461
691
835
242
332
999
552
869
195
751
713
720
47
939
120
46
132
650
85
261
91
944
980
405
404
590
884
477
434
338
93
463
548
789
47
487
247
745
984
893
245
245
302
711
793
883
665
767
232
34
256
594
127
764
417
941
481
199
685
436
786
198
692
827
829
21
700
302
1
649
71
821
15
367
593
979
510
713
566
259
820
868
74
592
14
161
871
761
23
720
628
15
905
279
997
373
724
317
453
468
910
738
711
832
479
700
158
985
265
736
411
944
816
370
268
582
488
377
276
244
78
457
511
856
646
263
739
357
857
248
305
326
864
729
613
504
760
268
493
16
906
476
810
910
815
406
426
923
390
662
61
967
636
831
260
99
171
517
407
963
61
973
967
518
124
881
246
142
980
152
689
868
706
941
396
971
887
958
791
803
340
752
2
638
687
110
190
984
751
952
514
102
906
26
743
779
730
667
368
188
468
75
286
425
927
883
561
339
570
382
791
443
592
126
573
960
370
474
273
780
489
695
861
825
369
328
862
346
90
310
231
15
232
143
951
872
992
334
249
163
346
626
452
158
710
487
65
770
620
688
606
321
69
356
270
842
966
115
941
287
718
783
636
456
545
43
740
693
369
14
162
519
168
278
985
768
624
71
530
103
989
629
999
5
275
560
323
860
88
64
515
498
168
535
882
481
91
375
895
671
632
920
26
415
460
779
723
920
47
812
38
660
824
86
65
265
468
674
625
189
398
908
516
112
105
768
80
48
293
57
990
415
192
528
325
790
590
947
188
88
326
913
953
71
886
904
663
359
581
286
331
398
762
20
731
888
28
428
310
728
515
653
577
570
770
800
358
248
395
450
497
255
381
61
390
428
142
836
980
581
917
997
93
659
724
897
399
616
542
946
997
76
119
842
540
78
456
974
921
857
922
869
952
491
705
696
494
961
295
484
126
523
558
887
849
871
830
140
885
856
30
497
263
52
886
415
212
713
384
241
564
83
419
837
980
169
633
732
428
358
255
98
866
872
751
520
295
864
302
474
208
263
777
5
50
546
325
17
526
277
589
538
129
591
612
898
192
696
601
835
646
975
876
245
617
80
992
739
414
606
837
262
515
52
373
880
588
113
424
466
858
405
882
81
8
710
695
710
328
567
623
154
358
98
744
137
662
168
940
603
479
53
862
929
872
211
722
271
67
37
581
369
451
500
917
774
824
699
276
781
989
52
283
850
62
683
389
369
731
981
299
386
991
35
486
66
263
553
623
818
765
470
723
244
199
56
979
323
749
16
227
735
749
983
274
562
15
139
551
381
414
868
350
174
0
107
555
122
8
190
657
431
182
558
925
723
186
339
397
864
715
786
365
104
257
753
595
417
763
550
702
733
695
273
738
473
851
224
588
657
139
536
509
715
907
49
530
553
87
706
79
69
677
58
445
478
872
55
614
287
607
660
521
94
3
205
685
329
639
538
109
80
548
564
701
545
222
953
27
597
500
284
563
97
879
822
963
618
813
883
274
321
138
147
103
519
369
439
989
9
223
603
52
713
313
549
332
548
495
144
437
96
944
764
431
321
586
727
351
606
693
55
93
90
439
149
71
172
739
314
547
527
749
697
885
193
108
326
132
567
585
229
927
878
794
664
636
659
558
884
785
171
308
426
428
710
678
941
461
338
452
264
837
642
647
500
218
808
529
769
85
457
642
682
930
414
86
536
174
448
369
808
111
890
580
150
739
777
247
256
44
411
768
225
169
862
580
625
403
220
618
840
334
556
834
968
292
290
40
231
412
836
828
207
181
984
85
206
60
633
300
499
801
904
334
227
435
911
555
347
731
416
222
273
335
948
92
954
862
944
471
429
290
185
819
459
257
525
530
611
2
104
73
0
387
707
662
806
890
527
280
408
759
289
167
365
852
465
368
439
162
455
642
844
586
78
929
133
603
435
534
677
279
502
763
290
989
562
447
115
570
931
14
209
192
583
138
976
281
158
430
888
456
756
414
486
654
637
827
468
424
546
379
75
176
409
387
31
676
590
305
85
675
353
571
824
208
423
478
264
65
354
12
225
208
891
99
196
217
938
675
632
398
746
733
454
557
101
718
617
49
761
183
408
657
244
725
517
249
782
182
688
753
597
666
41
830
286
605
114
306
804
186
726
409
358
655
816
918
657
25
103
859
956
741
668
128
65
335
488
641
13
640
532
728
177
168
331
467
219
286
677
264
70
305
44
283
29
862
463
532
845
393
213
115
110
503
421
483
495
489
599
710
586
893
587
216
871
382
813
471
78
627
620
329
791
792
286
583
788
459
999
46
709
929
865
248
335
646
584
219
225
825
647
520
820
110
266
15
728
396
604
874
163
234
244
788
29
162
607
343
508
207
321
679
779
970
646
949
325
2
839
937
695
741
623
545
676
381
486
765
17
589
22
705
96
903
412
763
598
432
303
8
975
524
895
221
798
670
335
55
890
534
700
547
825
922
447
733
233
715
992
677
226
95
49
201
611
815
756
481
527
693
395
28
294
215
482
102
789
941
117
677
485
646
979
330
753
547
180
768
155
717
563
68
381
870
334
545
617
16
266
217
594
268
302
320
482
480
142
263
992
718
901
595
149
346
48
347
161
612
607
274
750
912
807
361
730
93
249
121
815
267
437
141
323
768
644
217
873
436
768
544
923
694
463
329
302
822
318
554
682
342
440
348
704
10
630
754
999
235
305
318
343
922
120
204
250
826
439
786
713
326
278
830
50
380
577
76
9
862
495
691
961
780
799
766
289
54
971
82
929
789
209
936
397
255
408
726
867
97
430
832
95
49
162
374
594
515
884
34
390
965
645
392
390
194
730
566
159
536
599
489
478
268
597
775
79
672
751
600
937
263
765
571
967
161
204
741
44
126
752
814
1
492
71
76
315
675
478
200
81
336
847
488
145
478
39
49
345
755
366
295
710
760
254
486
180
607
489
332
850
264
213
290
459
462
172
263
625
537
217
860
467
464
548
371
856
714
769
504
263
219
567
650
918
843
908
207
176
721
927
656
468
530
706
17
286
282
379
576
157
650
53
203
784
112
163
594
807
90
217
766
282
431
697
544
773
996
928
631
774
24
730
526
840
491
655
756
592
14
217
951
295
172
495
304
201
69
655
862
476
950
481
994
701
884
137
494
768
989
920
330
376
899
879
864
655
530
92
2
128
378
450
424
108
488
508
766
419
310
550
45
764
923
853
756
461
256
96
797
609
882
950
615
563
381
444
694
347
54
777
930
501
481
730
609
678
800
730
74
306
463
467
794
846
928
292
95
93
353
343
114
17
226
221
472
233
164
800
819
100
228
397
713
691
824
682
221
835
540
723
248
850
549
265
124
177
640
689
792
504
633
950
217
402
393
397
890
931
595
616
943
50
240
45
205
532
90
25
287
153
222
250
980
885
713
161
365
634
24
128
298
982
211
755
917
242
980
808
799
48
146
860
546
874
566
272
729
502
296
43
937
694
323
209
170
99
21
407
948
370
538
99
809
399
328
954
396
705
873
241
69
359
479
65
11
467
438
295
80
664
436
53
874
262
874
223
194
352
931
551
408
552
721
19
456
803
145
514
146
707
245
362
311
487
845
329
499
471
113
1000
997
724
573
199
908
147
190
583
629
825
818
972
60
563
811
32
845
296
949
229
762
438
30
823
605
435
686
514
272
11
138
464
685
976
748
396
419
385
85
243
527
813
921
814
119
3
865
420
789
628
210
929
679
780
448
675
441
586
95
845
702
490
77
700
92
621
332
649
631
758
657
91
880
256
396
584
109
282
226
393
306
658
528
267
641
153
475
641
315
172
294
312
465
997
259
649
311
182
885
736
75
797
292
476
418
946
58
26
862
496
467
94
152
628
624
406
761
933
378
637
191
541
424
208
79
897
295
656
965
91
88
526
180
515
607
881
548
49
846
977
580
750
713
127
495
632
672
394
461
35
916
508
446
156
487
651
431
41
557
789
824
629
810
656
893
408
32
986
676
854
618
837
303
902
110
498
32
875
705
988
533
800
665
34
725
859
669
57
451
290
705
519
926
193
781
594
524
719
760
932
624
228
624
41
649
288
567
877
346
209
413
98
548
372
696
660
82
871
547
880
175
458
421
983
249
29
384
105
759
966
4
733
477
953
505
322
806
729
540
396
283
806
876
347
241
852
365
25
311
735
91
663
476
901
145
777
451
294
926
988
794
357
265
127
734
656
822
507
66
56
718
117
368
10
358
976
596
348
789
437
675
166
658
455
67
661
871
165
454
729
835
134
460
378
540
253
629
346
995
926
566
851
604
243
127
224
986
260
761
457
371
132
114
468
793
663
973
326
821
344
591
453
198
471
428
996
109
713
604
620
631
738
746
909
462
696
762
24
540
777
665
782
274
810
307
793
899
728
319
433
32
173
198
705
757
959
413
659
544
507
572
714
727
665
152
775
313
68
682
570
458
400
603
617
211
40
402
199
35
859
601
533
303
975
555
568
378
914
28
93
173
834
388
247
671
728
436
269
465
618
34
137
566
832
183
327
391
119
961
599
920
888
831
924
189
472
143
774
113
894
668
716
349
558
115
158
240
246
292
904
250
798
170
382
612
808
644
436
43
9
75
755
922
888
652
384
533
319
657
903
141
78
829
745
710
474
550
32
870
104
785
462
22
729
386
339
468
629
742
537
217
602
720
807
537
287
547
179
466
366
786
914
30
889
112
826
388
574
433
95
647
483
552
949
896
991
446
628
664
893
129
915
660
458
666
274
183
285
576
847
613
395
107
619
268
100
165
143
71
778
978
897
317
864
72
911
799
35
590
250
118
761
769
862
464
333
300
794
932
380
370
615
885
588
256
471
735
261
532
103
466
146
600
629
15
288
396
581
892
306
997
849
670
959
199
156
217
912
809
586
716
426
401
253
217
588
486
246
434
744
273
384
38
464
663
600
1
366
680
469
356
383
317
389
18
982
61
588
2
548
50
515
653
518
509
13
833
705
315
894
557
223
345
355
279
444
526
703
457
474
655
39
190
40
675
481
315
151
100
898
715
790
566
828
988
844
579
365
448
916
207
948
418
407
753
662
965
941
230
3
482
344
889
297
358
250
870
848
306
620
106
636
278
588
158
352
619
155
600
789
332
657
359
792
725
829
336
697
897
795
285
891
775
482
792
465
904
384
703
330
922
41
709
773
840
352
308
564
365
708
135
249
246
29
381
987
368
59
43
335
366
457
408
396
216
690
81
983
101
10
653
145
484
900
170
823
634
424
235
523
172
115
853
723
770
805
150
144
364
25
659
934
486
366
52
137
345
861
108
834
777
364
935
98
705
506
800
252
119
283
834
198
110
23
994
138
447
947
689
525
856
630
276
599
596
628
349
641
560
396
536
216
515
141
705
638
688
943
477
804
44
397
735
144
701
380
904
230
904
86
552
501
172
131
361
181
117
750
901
282
443
523
599
814
923
438
857
326
721
117
719
705
447
106
512
294
324
960
975
895
993
788
972
828
765
353
421
15
434
701
516
25
705
298
902
55
632
18
962
844
687
974
86
662
118
212
740
698
18
39
228
94
386
72
858
371
9
624
333
715
222
114
741
4
974
811
829
382
558
104
324
717
655
18
978
131
613
713
405
254
741
521
0
484
720
100
648
322
404
362
549
578
971
557
798
942
5
184
928
455
379
117
460
119
85
586
427
51
300
5
497
772
573
545
197
729
974
228
196
306
103
290
624
445
133
789
646
407
210
371
261
679
59
84
823
810
93
515
982
637
779
155
414
644
253
611
97
241
832
6
560
271
183
423
158
111
720
708
187
619
390
888
261
473
55
285
606
455
920
268
825
790
934
954
559
378
648
985
551
916
55
123
65
812
315
79
121
383
21
938
793
170
530
282
463
209
643
405
942
308
723
281
447
957
203
591
276
599
67
500
718
660
903
523
919
840
619
668
587
814
565
769
42
979
478
934
448
801
590
529
702
0
57
348
708
798
256
927
909
839
690
814
129
334
652
490
595
706
606
838
406
173
688
156
989
869
1
722
899
112
687
730
433
15
864
828
779
459
312
542
686
951
77
356
153
75
872
300
774
554
916
597
802
512
492
252
622
516
728
153
339
24
12
957
419
480
3
846
668
361
348
895
629
167
984
383
203
503
151
632
77
701
839
250
836
93
97
611
674
711
471
502
398
631
405
881
886
371
466
92
223
145
366
164
911
836
282
451
326
719
841
92
335
47
323
873
406
932
384
510
550
622
699
73
746
305
990
47
530
780
895
86
132
932
919
935
437
950
976
148
614
836
575
751
112
142
974
633
725
787
786
630
658
535
742
270
425
902
913
255
521
179
587
116
657
120
53
247
586
820
517
422
527
186
750
813
181
380
783
732
369
901
493
317
817
320
113
792
49
495
346
175
970
890
498
297
898
61
575
547
680
934
216
459
100
114
47
946
992
273
872
670
226
265
454
645
114
21
720
634
811
433
954
675
723
613
442
309
325
118
371
210
245
569
44
540
208
711
172
216
994
183
810
306
290
881
171
556
48
739
327
566
1
20
482
553
40
430
420
599
187
404
293
543
546
706
622
507
35
19
854
153
580
646
26
473
391
703
168
721
854
745
150
977
490
835
642
538
183
7
87
445
368
511
744
312
52
382
966
237
132
625
312
688
616
252
344
361
405
699
199
209
972
901
267
761
513
202
695
555
885
655
695
688
797
779
150
422
913
15
7
643
892
331
117
209
906
237
503
195
842
583
99
288
315
178
939
640
823
140
927
932
287
535
209
464
32
296
697
974
276
665
543
992
15
424
271
511
994
217
901
29
785
816
932
155
476
933
288
370
334
469
912
925
804
186
192
213
419
369
121
261
968
712
553
586
308
201
595
579
97
658
795
685
893
77
312
676
43
631
623
271
7
226
452
988
520
265
391
407
194
315
389
983
550
714
143
499
884
443
461
69
440
139
892
77
663
59
882
644
552
594
112
757
642
670
431
506
468
276
681
608
380
463
284
296
57
546
810
895
492
676
205
833
918
357
760
891
697
200
773
315
743
47
580
213
876
333
698
530
206
106
323
416
629
832
347
496
938
463
234
501
926
912
982
118
902
385
625
637
641
892
405
819
826
541
300
917
922
967
918
41
180
283
767
257
373
982
879
602
636
837
223
817
816
906
703
170
497
680
628
863
776
331
753
271
957
267
614
379
627
335
248
219
98
658
587
63
682
953
731
36
73
682
711
166
165
163
304
572
221
14
511
208
689
669
17
663
23
269
310
211
351
948
666
642
347
460
484
858
195
4
248
151
315
598
814
910
284
936
479
428
596
339
729
817
810
274
217
975
861
234
836
316
90
268
111
349
785
564
607
227
129
411
65
760
225
567
41
499
57
694
471
184
81
923
332
189
407
57
335
322
34
434
761
901
415
37
607
47
4
429
702
794
539
189
102
813
548
682
28
157
739
182
287
807
611
681
556
68
321
146
702
754
793
522
48
732
733
478
137
375
16
158
702
743
583
578
775
455
294
153
593
934
892
101
953
604
59
641
497
817
500
416
876
779
852
530
580
347
25
825
772
370
826
707
926
27
996
88
785
28
417
306
681
648
183
162
517
140
38
418
438
567
728
488
172
41
400
340
629
642
382
1000
70
798
383
879
88
225
818
187
857
542
75
845
627
211
592
88
320
586
367
801
51
752
834
468
727
913
834
214
123
546
198
733
354
87
846
387
556
416
727
885
3
668
638
588
688
570
461
821
190
367
539
898
134
630
548
944
430
164
755
263
116
22
239
442
495
336
371
531
86
509
444
875
998
279
206
469
509
498
712
782
779
44
51
462
406
495
378
514
669
236
237
981
583
861
579
86
387
572
1
988
830
447
60
868
368
174
562
8
864
540
575
408
960
849
344
832
975
204
466
261
646
26
297
235
887
152
398
578
419
755
571
287
119
738
238
847
461
87
219
900
709
66
912
883
165
469
325
255
605
179
734
278
321
366
687
485
48
285
184
840
533
38
329
866
885
450
954
486
588
416
903
421
126
748
897
606
582
259
112
566
186
609
737
614
414
220
837
830
743
212
795
279
693
244
733
482
506
953
547
1000
405
755
12
231
855
819
10
991
420
773
766
977
796
306
605
590
668
549
175
222
507
182
662
51
620
125
237
274
488
914
938
292
270
365
481
573
24
546
636
195
179
698
344
550
631
56
43
13
642
443
547
256
61
11
790
790
796
99
711
23
463
827
145
542
357
173
120
600
947
25
933
600
381
711
584
257
550
7
859
909
859
930
61
849
254
813
24
410
783
45
25
98
511
960
236
677
862
96
276
50
269
387
430
592
39
364
431
657
535
600
169
840
660
228
238
825
117
997
315
513
842
244
728
983
45
137
644
371
739
395
442
42
84
325
968
44
988
934
565
156
487
313
197
326
880
491
602
124
278
538
922
240
581
173
101
65
458
283
644
988
233
583
375
338
881
360
752
841
550
94
137
72
229
452
4
635
639
537
350
8
816
711
469
689
574
976
636
59
206
822
819
695
78
311
245
19
267
519
302
555
76
457
448
307
179
91
489
41
347
113
156
175
403
88
632
231
946
988
766
58
464
7
856
879
566
693
491
551
40
184
975
829
467
560
327
141
206
665
863
41
909
433
427
116
165
335
449
458
578
216
659
797
264
392
281
409
4
976
696
37
124
244
230
730
853
404
282
238
775
108
438
144
514
310
247
761
351
356
273
706
908
862
692
333
297
356
197
903
732
869
710
172
829
680
573
867
180
389
292
107
62
452
632
338
641
83
909
358
337
414
823
61
863
527
916
632
907
49
542
723
839
13
60
27
389
772
672
536
890
320
278
111
316
495
909
97
262
961
704
803
684
71
391
90
396
8
650
245
829
186
95
245
441
980
747
53
897
833
181
841
710
991
898
786
24
130
98
640
902
82
868
308
341
659
581
638
12
302
891
368
718
42
476
533
209
743
239
289
162
5
184
836
391
594
751
456
480
755
607
463
843
784
312
530
387
598
366
972
709
804
841
313
827
723
878
193
37
469
951
679
324
464
276
60
444
727
171
890
688
385
679
751
390
596
215
911
818
348
27
429
35
367
175
710
121
573
595
312
643
790
765
490
707
214
690
330
930
976
909
170
781
282
398
967
874
187
167
334
286
930
215
39
774
988
774
629
163
559
236
196
230
470
37
899
26
294
964
943
404
800
978
29
545
61
158
52
910
953
760
3
305
928
625
840
517
383
255
461
701
417
510
162
563
207
537
930
124
303
479
148
711
117
67
783
895
845
722
701
607
421
527
504
574
694
585
617
623
407
648
977
341
448
232
277
628
160
828
461
290
408
983
739
715
514
343
654
928
579
690
821
894
319
207
267
445
942
470
375
466
642
720
795
143
985
997
86
496
152
89
11
677
807
4
991
570
36
438
455
867
43
974
598
925
835
749
902
870
887
491
130
185
805
973
447
761
718
295
150
203
409
36
953
826
262
706
659
661
601
663
374
327
785
59
700
144
290
100
806
247
837
495
645
467
336
586
782
33
580
665
717
337
147
321
34
465
364
293
720
449
118
67
452
843
176
329
14
548
205
356
552
367
870
845
902
758
553
946
294
662
593
13
575
772
189
277
121
182
207
607
690
366
631
170
638
339
627
683
703
626
296
615
298
882
156
798
156
263
494
176
859
795
347
291
261
877
348
500
931
222
245
532
302
921
381
433
201
867
844
654
146
891
414
179
581
891
638
396
886
5
867
342
669
444
461
553
264
572
840
1
820
13
698
322
775
116
540
789
791
927
893
347
473
877
136
825
318
622
81
576
311
234
307
715
566
275
857
222
351
273
809
527
735
845
353
276
337
717
476
848
702
616
341
181
822
673
443
2
12
427
554
57
140
489
119
567
31
346
16
504
506
947
67
294
265
397
822
61
699
772
693
486
812
215
60
205
552
860
508
904
75
580
687
662
88
330
67
850
871
633
988
233
725
53
154
198
115
535
223
920
53
883
420
257
380
868
273
249
767
778
172
923
239
538
878
314
357
608
53
453
267
504
381
293
486
607
742
871
840
515
32
197
609
616
24
187
780
167
447
40
319
848
473
662
144
825
622
517
892
930
438
271
49
718
311
199
750
112
703
149
371
453
494
548
51
887
334
241
501
300
404
825
809
721
114
931
19
680
708
609
857
925
514
875
630
687
516
248
491
895
571
79
760
652
682
732
554
305
106
123
410
378
