381
414
604
34
937
833
982
349
323
331
842
847
41
272
156
139
304
949
636
693
449
748
496
927
181
983
800
549
75
822
799
803
672
819
551
815
280
394
988
583
426
245
668
747
854
379
625
690
879
69
615
336
412
417
342
883
176
443
526
873
776
990
388
913
277
459
70
62
809
846
39
844
593
988
742
36
576
778
273
429
741
863
167
127
243
754
892
664
365
698
528
533
742
145
846
502
549
523
108
394
387
515
76
177
409
253
836
312
868
554
286
101
156
776
81
296
169
792
700
111
85
393
115
638
424
718
281
748
873
508
354
448
74
200
947
15
227
371
1
666
644
534
905
848
897
622
421
892
555
566
377
250
500
216
815
788
879
868
390
748
198
752
247
358
332
378
82
447
759
451
979
473
690
217
278
929
88
259
471
926
488
521
711
233
75
21
373
873
149
967
982
462
302
428
443
544
83
258
828
953
955
498
312
399
252
844
406
266
629
182
53
226
724
635
540
867
571
911
546
68
686
119
511
34
467
288
612
980
916
261
846
402
654
565
500
604
245
592
669
698
714
398
682
116
420
769
144
614
314
620
368
46
601
845
18
469
330
187
903
130
348
10
444
850
669
279
260
534
247
378
31
453
898
77
881
208
723
47
126
327
664
990
296
764
735
661
924
692
37
287
479
222
833
605
309
477
906
899
378
923
563
796
633
890
973
436
185
397
386
803
200
251
544
640
331
202
798
31
25
548
90
121
457
297
750
347
451
325
835
730
536
998
634
174
667
280
561
529
87
77
891
46
725
550
970
825
953
630
226
624
708
477
228
268
229
890
147
482
49
151
959
179
750
541
98
786
975
293
376
250
86
926
381
524
911
512
196
107
126
74
123
843
531
108
81
202
671
823
535
994
343
572
79
232
197
88
259
903
37
250
372
598
697
912
199
188
818
83
838
155
562
321
259
771
107
722
253
914
403
679
557
69
8
596
93
975
123
469
617
946
661
128
596
615
650
494
354
464
680
128
277
210
718
972
598
489
962
461
703
293
268
327
319
841
778
416
664
66
199
736
601
601
28
764
659
714
423
686
253
718
786
374
725
354
537
593
772
759
202
388
162
9
381
395
859
174
26
85
18
10
372
25
573
232
704
447
940
879
980
996
299
523
71
731
690
505
706
97
871
547
317
752
454
100
76
796
615
615
247
578
685
616
601
970
296
941
629
325
646
200
290
479
25
454
584
972
246
158
397
98
861
558
441
866
171
443
703
205
751
708
311
260
15
591
268
221
996
501
333
203
550
815
812
220
902
233
488
788
971
649
56
289
431
965
25
760
734
224
559
112
303
941
410
885
402
424
91
456
560
959
726
805
456
488
482
530
590
113
327
794
327
412
820
594
200
91
434
853
596
264
485
708
296
273
910
394
794
443
685
904
811
502
92
716
733
300
251
65
685
495
494
195
757
197
631
488
457
54
615
426
776
899
541
262
631
75
761
323
178
609
730
20
501
325
306
706
48
903
551
182
448
781
764
653
320
119
855
469
154
857
895
946
120
626
533
70
928
515
293
393
634
398
128
553
578
825
151
672
898
580
563
54
806
577
758
686
584
338
397
529
704
27
983
266
980
460
485
658
478
378
954
452
8
186
999
798
126
343
994
429
545
135
948
144
410
436
480
733
679
385
384
478
658
248
169
636
326
314
962
98
973
243
37
267
715
656
473
547
692
957
846
656
84
532
851
878
51
378
48
625
827
98
953
619
291
198
393
956
109
143
483
756
828
105
485
731
992
331
428
615
16
419
40
479
907
514
428
496
714
899
961
583
19
951
457
276
547
500
706
784
163
745
313
488
863
428
85
922
112
311
225
102
243
486
84
356
702
665
851
266
578
696
563
747
548
930
528
329
768
512
274
538
299
19
731
704
89
617
10
513
651
531
973
134
179
855
69
460
989
201
709
476
963
414
319
118
267
922
486
885
22
535
114
87
948
706
231
307
662
81
278
630
6
298
260
596
626
164
201
91
55
120
668
173
910
166
337
415
859
122
458
866
518
812
625
161
47
587
56
754
983
906
24
992
349
698
691
390
724
791
67
672
282
523
77
427
864
538
42
420
39
302
521
425
654
586
845
408
628
82
463
992
66
911
293
33
943
448
348
979
134
581
369
549
820
879
566
596
466
56
772
630
824
601
236
800
294
43
136
868
754
183
186
258
651
860
184
522
818
845
801
576
392
59
658
721
379
438
717
60
21
250
979
404
790
200
444
185
173
312
505
237
787
190
182
77
877
723
706
407
99
490
363
893
961
222
394
313
504
818
387
959
771
796
433
21
815
654
463
335
750
257
809
335
653
776
948
998
78
206
247
295
683
621
97
457
766
803
358
373
505
741
917
718
144
635
347
620
340
89
569
23
885
948
546
906
843
919
667
795
788
694
253
656
288
254
548
555
397
208
978
72
784
711
394
522
980
387
252
56
104
471
840
312
900
927
69
343
407
968
536
61
673
570
342
403
940
40
270
494
114
321
526
502
780
126
125
109
836
408
530
515
410
341
44
491
254
150
578
906
907
316
29
414
864
897
718
53
954
675
304
77
106
230
660
145
965
435
428
975
145
260
736
367
860
607
227
668
131
103
917
36
253
727
309
229
154
208
228
568
951
486
907
453
20
23
149
875
165
921
366
107
67
920
745
108
352
960
918
445
116
683
47
569
133
272
814
902
536
243
571
241
376
848
876
205
910
937
143
219
453
235
488
313
160
154
79
686
351
721
859
977
727
260
44
991
588
656
464
119
667
480
825
348
711
502
698
263
491
209
113
362
519
815
89
157
179
885
108
111
619
523
73
173
408
411
567
651
634
99
664
58
134
806
653
494
1000
237
135
522
205
285
970
879
292
725
946
963
547
498
582
378
217
366
66
972
807
447
185
86
912
723
563
718
458
377
363
733
849
207
701
222
634
551
675
734
63
607
581
603
144
858
102
73
35
298
89
63
229
360
584
220
829
688
590
320
89
24
377
717
635
409
856
38
816
864
839
812
890
677
534
448
726
560
384
707
995
733
346
696
654
140
31
633
622
264
596
908
409
789
234
281
93
145
606
993
929
820
187
124
658
254
292
418
301
349
315
913
583
394
585
607
516
927
444
767
298
822
503
752
465
179
850
919
462
827
910
602
138
690
558
337
286
969
623
929
486
238
312
509
585
846
32
354
655
388
584
777
956
779
392
941
767
443
727
981
72
434
736
137
484
218
907
773
526
818
511
947
887
915
494
442
349
285
872
988
368
607
861
152
992
919
414
790
959
238
12
5
26
321
804
693
730
353
565
142
421
109
685
932
982
67
771
46
259
158
90
49
91
402
268
828
574
603
145
434
146
963
704
657
517
619
46
321
42
517
453
79
790
992
155
897
976
799
490
579
525
341
364
431
721
532
180
338
226
765
968
500
367
482
176
252
772
92
412
159
783
73
663
812
805
713
352
614
738
947
58
685
657
961
383
721
84
494
350
932
978
442
951
639
325
341
187
501
318
817
330
839
714
123
80
283
144
835
780
878
806
556
788
402
726
38
581
591
410
727
380
186
950
512
441
53
389
351
78
299
245
235
241
12
325
707
26
298
110
287
627
769
911
143
843
157
576
174
877
941
652
877
990
132
299
161
2
439
655
468
571
134
206
572
807
621
977
603
410
786
978
42
833
599
716
432
502
565
142
277
200
488
902
323
276
660
480
946
478
780
87
652
501
420
889
949
431
99
283
3
990
391
379
445
81
24
286
824
158
831
392
93
434
915
445
127
718
843
40
730
660
83
646
68
349
485
544
267
269
699
204
98
432
89
984
676
337
668
413
247
852
880
860
2
740
247
500
819
112
617
31
218
90
115
159
91
180
521
250
63
222
901
952
553
990
307
285
225
248
438
287
518
939
702
640
903
22
478
481
928
166
105
333
484
853
928
916
33
176
906
591
918
939
1
875
442
31
331
549
691
743
266
767
717
953
265
864
587
143
153
938
135
704
287
654
646
452
862
402
948
162
877
508
780
18
529
520
578
303
102
603
241
230
637
171
864
482
401
223
159
975
573
145
857
395
331
207
659
673
752
241
825
814
591
711
171
341
827
98
508
933
748
369
886
338
530
485
189
24
801
976
298
665
330
782
243
293
265
298
851
46
719
514
661
920
127
474
456
798
466
17
195
897
992
272
737
500
679
359
393
191
133
412
521
50
36
456
124
299
567
531
855
849
908
236
597
652
159
633
307
964
838
616
601
286
477
567
953
572
640
907
116
181
401
650
714
983
63
236
801
697
44
545
147
45
222
559
39
28
282
325
765
697
824
635
629
310
767
69
589
689
723
640
4
367
792
109
808
55
807
64
44
145
957
806
776
676
383
886
340
450
274
985
443
599
331
274
655
818
551
366
217
467
468
3
848
174
883
504
573
879
213
135
570
893
689
343
424
728
603
231
525
431
777
875
799
489
818
667
998
246
909
401
307
270
764
903
968
675
376
586
413
749
988
988
563
94
546
693
289
411
590
333
151
336
821
26
124
200
501
80
444
412
576
624
374
209
726
645
363
587
897
462
512
503
328
414
416
227
958
745
467
208
132
332
925
438
91
35
288
47
90
774
521
245
208
575
34
877
492
202
711
681
987
9
423
464
253
611
258
676
10
428
97
87
249
827
551
597
460
591
732
828
114
142
902
58
321
565
482
615
754
9
217
639
522
140
6
168
269
438
632
413
445
965
692
26
510
822
414
522
661
149
533
615
594
514
791
10
616
999
750
510
433
430
237
522
357
122
495
432
441
688
77
52
394
409
68
960
245
247
899
96
78
202
547
435
101
675
67
643
921
783
972
604
1000
230
392
977
942
994
427
23
322
879
81
531
380
583
886
829
804
234
803
259
229
864
999
329
705
814
557
346
453
448
595
743
481
372
713
28
117
91
184
987
756
134
598
223
580
137
907
326
827
842
187
859
339
223
688
817
22
51
81
155
616
30
168
729
600
750
234
553
439
845
249
851
609
835
792
825
91
19
466
626
447
531
529
592
968
992
516
697
904
703
674
691
671
863
79
843
162
186
404
337
265
452
414
624
771
968
31
880
875
745
476
914
614
225
40
273
860
650
962
190
277
14
777
216
805
636
764
910
734
437
197
485
196
677
578
64
417
244
628
844
73
121
952
327
507
512
138
95
886
976
812
592
303
636
99
848
590
282
817
177
902
925
476
747
166
843
476
677
955
308
160
21
957
997
483
549
857
175
715
366
835
578
223
616
428
409
292
815
992
825
85
700
10
0
364
254
27
312
419
448
870
205
883
97
185
572
497
210
418
137
336
978
889
363
189
521
385
377
215
992
896
851
315
484
224
213
932
457
289
535
557
377
615
439
727
76
339
25
528
693
439
43
570
999
353
534
16
783
403
243
933
102
313
982
296
283
404
779
717
449
115
735
143
680
724
920
155
136
125
688
151
389
984
942
664
550
986
331
111
889
997
382
981
456
910
874
452
865
24
842
200
971
530
696
212
321
222
747
43
308
435
598
580
173
611
341
599
194
137
351
724
278
970
361
367
537
7
804
987
212
257
744
337
81
744
503
961
12
896
957
473
469
284
418
332
670
902
150
299
284
82
958
675
406
883
681
779
414
318
25
737
322
93
493
286
486
356
66
100
477
82
248
792
614
817
845
505
717
726
949
425
346
749
817
625
264
586
505
635
271
475
147
586
408
16
500
679
2
359
599
243
390
879
518
231
646
94
344
561
167
975
34
314
491
454
155
76
742
156
197
300
672
972
80
47
960
326
163
353
302
663
80
42
707
667
329
551
52
101
4
8
886
299
113
305
211
172
501
103
62
755
521
139
293
220
503
419
686
553
20
354
432
776
847
995
596
325
704
190
174
946
416
990
424
902
819
149
113
5
472
149
137
299
227
931
931
291
449
628
779
513
538
934
557
654
6
696
977
547
538
531
993
863
737
691
140
214
716
334
183
971
192
438
893
936
679
450
225
378
726
915
703
312
644
816
220
646
230
56
779
256
450
217
606
536
950
668
82
221
37
83
993
746
614
91
733
158
697
891
731
596
437
620
146
813
138
664
815
225
485
616
886
929
729
310
227
512
543
521
575
193
740
34
21
130
724
11
548
159
296
707
319
187
778
398
276
166
77
145
115
785
305
433
721
797
592
338
183
727
629
749
422
161
918
823
335
581
865
735
504
479
162
34
510
576
716
268
536
752
387
340
8
109
787
727
663
118
186
305
654
565
822
366
648
648
594
764
115
210
621
104
985
356
645
478
934
313
780
563
324
297
190
61
969
638
57
231
101
702
329
684
989
9
36
754
555
995
992
174
452
786
667
806
119
109
287
849
338
77
799
451
315
490
542
333
643
937
77
582
909
851
295
625
331
697
543
664
189
299
998
782
491
199
715
363
259
556
568
167
586
731
693
206
666
575
426
647
264
491
573
191
704
890
498
279
734
450
384
629
288
420
693
49
286
0
568
873
557
796
629
924
654
525
623
677
751
553
23
705
179
176
365
106
589
433
74
213
363
952
635
282
394
767
93
180
9
657
532
538
327
690
810
815
634
839
373
285
956
712
918
148
117
524
307
419
677
116
564
992
765
806
461
630
267
506
614
787
679
499
9
133
955
650
114
745
997
237
229
823
415
99
621
91
389
192
817
590
300
335
172
121
72
742
331
454
621
830
131
482
960
40
435
276
246
53
479
89
329
142
309
125
10
786
843
118
482
288
610
655
803
507
832
583
60
408
746
910
238
951
187
560
837
187
540
684
818
888
771
431
68
166
27
134
576
392
223
759
202
249
703
486
275
866
609
825
91
845
767
252
63
841
991
783
204
971
152
122
973
576
53
295
295
778
96
892
752
34
70
275
3
229
673
268
26
346
769
711
435
749
288
784
847
291
211
915
70
75
602
724
23
623
791
941
941
367
57
752
601
117
886
874
656
712
662
819
111
228
769
370
214
203
971
909
552
53
919
603
30
373
313
195
297
290
643
836
785
982
221
909
730
803
574
231
371
632
847
736
599
22
207
875
133
423
39
138
897
963
382
291
588
333
743
83
340
864
202
391
520
57
728
922
962
539
499
969
681
49
230
513
39
260
406
235
810
67
547
26
812
348
797
303
567
340
912
509
443
123
991
15
155
421
278
134
131
800
692
439
231
944
586
428
201
27
351
939
972
659
580
761
505
297
764
496
966
705
139
962
644
931
462
269
877
291
344
520
292
815
850
677
48
156
45
388
394
167
699
468
199
376
524
575
404
713
607
138
838
859
310
240
465
374
470
239
925
69
491
365
244
103
131
717
537
448
243
84
615
280
34
459
190
788
594
68
948
729
52
972
145
361
605
719
175
97
332
164
448
285
316
57
63
472
360
533
955
500
643
103
405
520
873
279
18
646
301
153
56
29
759
205
703
222
505
876
54
972
294
546
448
592
717
294
516
219
762
309
670
592
272
813
255
535
192
36
608
565
929
580
133
324
48
260
703
312
317
25
338
684
5
563
40
830
683
409
644
669
288
701
169
714
927
213
671
260
106
248
794
817
849
468
596
549
971
24
453
420
121
325
535
946
574
869
983
964
445
248
972
695
291
303
582
925
495
350
903
918
661
434
466
323
1
980
75
989
712
67
110
463
824
241
374
698
39
320
354
878
855
822
34
195
54
448
890
528
165
640
422
489
890
55
423
668
830
384
218
155
388
692
214
276
892
606
331
963
315
247
146
584
269
920
324
299
58
147
656
629
896
71
974
979
170
310
581
555
131
787
417
319
577
672
415
87
831
565
158
254
831
922
932
12
873
436
340
684
448
411
621
310
1000
942
257
147
872
544
702
611
743
871
281
568
257
727
746
513
708
100
31
848
627
351
931
957
413
104
332
581
300
192
374
252
562
183
249
310
25
898
931
589
796
155
170
485
605
780
88
827
622
563
196
568
939
221
475
657
673
498
561
452
623
386
826
57
964
38
143
807
69
660
261
426
988
264
717
937
461
491
440
957
33
351
589
0
725
955
485
217
734
762
711
781
91
888
323
980
683
588
145
730
429
856
597
920
47
398
509
818
861
198
441
220
640
965
627
753
553
177
523
395
769
147
536
867
104
273
273
135
226
488
678
936
136
718
161
789
799
64
882
512
244
976
319
62
498
478
534
719
981
991
269
870
456
952
746
239
670
585
988
357
875
496
442
831
214
683
557
141
835
140
180
222
775
103
946
379
432
335
958
287
703
172
780
180
833
366
796
983
48
340
896
542
528
212
91
845
87
928
32
478
575
77
972
911
488
805
512
923
95
24
85
665
138
499
434
50
703
367
624
934
374
262
747
568
592
543
556
900
848
37
156
218
474
431
830
31
146
39
649
371
440
138
325
551
579
428
785
331
170
295
916
694
506
752
463
644
36
502
984
736
45
338
406
171
79
802
815
120
441
972
42
259
453
108
567
667
42
149
970
262
168
69
632
677
176
476
820
162
657
939
533
588
899
152
109
273
179
423
733
679
202
710
22
308
212
941
709
759
211
799
240
270
927
445
160
792
105
777
173
909
22
280
584
713
557
690
443
646
182
840
137
288
718
99
35
631
567
9
402
124
435
981
496
641
975
752
956
972
416
471
57
321
790
55
524
389
834
423
231
271
2
167
800
231
475
925
377
730
927
736
512
289
525
506
953
582
406
426
899
436
163
314
60
231
389
368
226
450
478
767
674
315
648
894
767
135
96
445
252
26
533
376
916
332
692
661
2
691
612
476
146
898
66
66
945
860
76
897
309
956
959
610
29
71
158
816
40
123
663
860
185
541
660
560
975
356
78
670
358
955
17
750
337
888
306
897
56
346
408
423
141
785
356
781
729
223
874
567
899
74
926
103
83
5
613
222
61
221
23
230
375
282
406
199
124
164
731
979
596
958
237
569
570
43
739
845
320
373
698
153
101
158
829
321
494
751
59
406
237
74
533
511
262
972
66
557
375
305
852
425
668
617
982
265
928
922
578
574
669
780
361
92
627
828
985
597
553
290
169
460
633
823
807
358
604
448
849
453
707
379
116
557
230
637
357
547
823
307
274
153
817
564
835
333
994
33
670
487
775
265
203
576
806
924
448
884
102
320
698
93
483
480
162
431
354
779
645
288
817
434
896
564
390
30
978
72
410
277
623
19
53
972
460
576
851
330
518
347
574
59
796
726
814
253
828
517
964
873
893
203
748
502
235
667
130
344
887
141
626
554
984
429
603
359
269
799
819
17
748
10
685
321
951
970
294
572
820
550
888
196
772
578
406
526
224
592
158
121
753
946
343
409
353
893
813
505
320
481
772
512
533
604
9
621
473
548
999
128
573
943
279
685
194
275
861
16
723
146
709
838
802
994
11
416
733
323
922
673
69
905
253
99
729
273
710
660
765
962
15
106
185
314
199
133
163
527
663
34
52
606
133
361
820
842
356
372
56
576
18
983
538
455
822
561
328
165
61
266
736
613
180
980
956
285
294
521
717
872
843
872
938
721
898
743
896
413
58
423
452
978
307
480
782
92
514
755
49
631
720
923
652
946
546
978
578
889
325
690
457
956
183
901
296
183
847
161
680
468
808
416
980
62
636
597
682
616
853
774
278
702
455
501
811
511
176
885
948
159
962
665
283
732
210
457
714
420
411
185
120
79
779
10
100
569
967
422
952
929
842
993
534
938
152
796
548
167
356
242
888
542
196
863
924
787
200
695
708
270
194
37
730
423
892
630
2
710
849
701
542
508
26
815
331
781
811
461
289
406
908
84
153
751
398
828
877
225
909
528
990
842
858
863
790
514
817
244
744
169
210
38
761
407
640
662
580
678
75
335
496
502
79
528
903
438
583
20
467
312
311
889
938
181
971
930
205
943
703
58
108
42
624
489
215
515
930
981
391
279
647
648
662
625
661
655
16
938
350
29
319
93
189
738
862
544
688
164
119
871
450
560
813
690
511
969
282
828
887
241
9
708
664
20
639
726
923
628
779
581
682
894
621
719
747
54
3
126
809
617
504
97
437
791
708
417
146
315
697
651
988
937
407
764
321
199
785
860
886
573
405
642
671
983
595
177
466
843
534
126
247
524
160
198
56
22
371
469
180
489
697
657
719
846
485
248
987
379
282
185
785
700
304
133
528
850
25
297
842
395
292
419
502
512
657
386
185
343
782
827
646
637
349
828
788
243
282
905
85
883
882
171
870
181
291
478
578
705
262
481
53
497
576
616
983
332
126
651
444
68
851
416
160
503
284
723
910
955
298
418
216
892
100
656
136
271
371
365
790
150
952
972
825
220
821
270
212
658
1
881
410
333
948
897
515
15
432
532
21
565
700
475
563
304
548
254
798
188
750
161
452
910
304
112
834
190
187
407
771
551
70
11
463
764
846
606
556
757
756
490
68
682
377
705
689
614
869
748
346
234
31
440
501
897
565
560
296
263
239
995
940
465
97
80
939
276
983
618
776
701
44
939
745
199
565
411
6
233
270
433
223
203
18
511
248
882
808
810
120
578
469
999
59
511
940
700
918
544
257
214
781
684
390
791
965
771
14
431
311
231
260
237
150
912
176
891
594
822
874
723
487
832
566
801
111
716
283
321
231
527
235
616
557
991
445
64
650
810
353
750
774
69
643
136
65
936
435
773
346
801
963
945
797
681
622
519
194
970
582
235
454
209
414
783
941
31
898
823
474
807
402
350
418
330
316
736
919
667
860
353
368
557
44
750
729
130
923
740
256
83
855
307
381
334
220
881
147
872
997
27
59
958
912
161
381
51
419
425
141
728
710
502
700
483
386
992
177
886
951
260
624
258
682
771
819
196
12
18
978
703
558
683
838
535
567
316
918
597
181
489
651
292
707
93
227
99
83
94
519
733
591
287
271
349
679
170
320
848
81
38
142
167
695
370
927
307
982
684
923
50
662
257
107
291
709
944
955
845
531
323
144
951
187
823
224
604
289
622
921
100
117
464
467
238
818
303
459
66
702
814
144
352
424
902
186
946
35
543
735
550
158
781
190
107
221
755
421
924
256
348
405
789
537
80
97
337
902
742
311
891
939
989
180
99
125
695
779
232
141
917
65
436
222
412
11
528
901
234
178
867
885
676
37
563
159
825
352
12
485
782
580
884
835
434
7
547
455
220
791
417
472
970
293
908
541
999
974
562
567
90
398
115
249
709
96
303
733
632
874
470
877
892
638
903
995
848
247
70
668
165
77
526
610
137
883
967
441
897
928
110
292
889
96
9
519
718
813
178
202
379
209
302
476
316
340
97
156
663
105
235
50
56
304
604
69
271
939
536
869
37
468
567
279
872
937
808
630
220
958
379
916
683
495
23
718
467
760
374
524
461
640
731
248
995
821
986
825
691
419
458
10
987
675
614
932
283
693
158
141
901
258
118
679
834
245
275
865
3
981
927
962
89
81
637
146
185
992
29
985
718
866
435
412
351
638
693
110
44
728
572
324
485
715
634
966
860
89
87
685
748
836
234
269
602
982
688
724
877
662
116
387
822
997
91
651
316
668
532
550
814
46
9
68
540
283
449
916
731
35
678
568
40
905
10
175
731
271
539
521
953
957
119
4
473
111
705
605
700
349
146
711
924
772
292
303
206
931
583
130
889
944
120
141
117
720
516
75
942
261
973
584
872
420
730
6
84
628
946
448
362
955
782
718
976
137
426
515
258
636
606
346
511
789
679
394
260
90
302
827
910
847
160
582
399
671
134
756
540
342
609
186
535
300
234
364
984
231
276
229
250
595
846
291
924
922
211
81
855
572
412
686
517
98
458
422
673
279
803
285
461
901
674
858
495
684
590
636
430
46
898
532
370
488
654
298
984
814
290
789
861
940
177
106
114
878
820
635
136
33
233
557
614
594
246
61
886
620
692
189
273
899
937
339
586
272
406
430
693
47
818
132
342
715
955
209
263
484
647
727
341
262
943
463
33
562
89
229
189
903
140
874
674
750
756
333
764
854
765
940
322
320
150
297
674
431
119
309
464
802
204
825
675
514
207
563
432
798
617
29
201
275
826
471
3
409
51
28
815
421
414
957
820
446
30
761
861
104
72
388
954
567
675
90
570
820
858
347
255
199
374
755
82
761
659
899
838
330
229
236
490
377
534
598
602
618
64
834
426
233
238
625
178
425
634
721
625
484
216
32
159
253
86
465
775
599
841
329
489
554
297
65
377
872
856
854
296
143
41
858
792
62
63
333
259
339
46
739
686
502
628
441
3
559
342
49
383
41
63
544
948
765
177
189
435
68
868
440
734
445
142
739
686
321
16
818
849
919
61
467
498
412
521
386
328
363
651
167
528
86
309
47
674
232
188
580
668
348
612
1
482
530
205
418
415
14
590
520
482
890
160
527
116
231
757
818
201
494
647
303
463
423
846
11
868
134
564
509
916
839
95
59
53
846
190
663
651
100
301
78
225
354
541
369
435
198
280
412
839
427
413
510
16
808
701
9
404
972
666
809
126
415
671
384
900
365
980
805
378
283
686
60
292
3
257
947
187
560
57
717
460
487
365
869
326
688
925
606
893
153
512
880
820
699
654
888
209
29
582
681
417
547
838
967
898
169
289
572
682
312
285
2
224
113
370
28
899
522
589
500
623
936
510
415
354
796
915
410
643
41
189
748
431
825
810
961
463
301
473
589
328
671
506
210
498
389
416
199
815
250
791
324
885
430
987
147
931
558
79
725
803
306
858
972
184
800
474
142
352
432
96
644
113
861
696
209
119
721
152
626
996
298
913
639
645
389
131
899
586
320
594
799
233
316
558
140
487
431
727
802
931
507
574
680
864
854
444
537
133
685
614
382
934
629
97
469
343
415
582
998
933
429
601
266
480
414
392
346
783
630
957
900
709
52
445
466
977
106
37
188
56
181
493
574
965
632
509
710
417
492
574
128
157
448
327
958
766
318
910
712
560
322
368
590
467
507
168
74
222
557
582
299
348
489
874
872
524
502
601
244
191
453
527
10
80
691
492
841
49
397
992
455
676
913
397
429
924
364
124
609
677
890
204
199
937
265
494
775
626
121
584
96
517
776
986
397
302
744
366
607
498
336
702
90
297
556
29
435
7
291
288
1000
995
804
792
942
224
20
747
285
856
652
691
484
662
258
415
871
792
149
716
615
482
465
29
638
430
889
276
761
115
540
86
479
931
477
989
927
291
906
417
499
638
469
708
819
892
136
673
310
93
196
593
891
317
230
290
4
450
824
640
550
590
745
69
576
345
43
255
68
480
395
679
547
504
228
651
653
149
440
741
896
853
920
810
919
791
192
782
73
775
962
442
83
507
651
916
119
142
707
547
894
285
136
628
650
557
802
87
261
117
104
785
632
292
368
994
321
689
291
131
83
929
181
232
574
886
121
487
500
863
830
107
915
198
97
219
273
740
544
342
322
417
182
98
297
945
544
738
182
946
788
888
308
275
109
641
429
952
869
35
673
824
581
408
256
922
890
860
499
305
821
294
443
142
840
630
496
708
723
452
250
499
380
786
321
750
852
999
986
932
513
205
892
713
81
266
557
96
978
551
919
404
483
315
693
594
360
451
394
58
400
303
470
226
825
153
257
395
734
720
986
200
263
294
710
321
466
730
803
366
466
479
949
703
390
799
12
544
874
88
931
574
350
218
189
476
521
240
80
561
625
708
894
133
439
463
242
486
86
869
967
521
784
958
571
236
357
427
599
442
157
925
871
141
32
675
479
71
248
688
260
701
78
159
47
578
7
850
640
410
836
39
425
885
266
218
534
143
475
908
990
3
102
736
541
755
448
175
283
775
106
55
357
375
192
554
776
58
520
661
880
609
560
358
749
926
838
886
418
609
51
701
243
622
185
481
571
715
553
449
6
556
368
296
231
922
281
602
542
836
172
551
238
701
587
494
175
379
327
973
630
448
674
825
760
630
56
718
356
957
844
44
250
121
158
219
777
577
407
567
7
113
9
38
291
144
259
344
874
658
152
149
343
260
879
789
194
99
421
451
917
195
769
531
15
856
923
353
717
888
850
735
497
564
193
822
178
970
928
622
209
647
109
211
34
274
217
390
604
839
631
78
510
780
527
974
236
877
541
556
71
710
164
678
64
335
264
730
336
49
899
536
683
435
580
402
271
297
988
448
183
801
681
857
753
103
60
989
39
512
956
135
161
533
657
199
369
513
878
245
766
92
489
317
787
321
119
563
388
442
705
806
380
208
622
965
501
193
797
214
487
560
278
523
869
892
582
182
794
394
539
505
503
120
766
11
147
339
338
457
817
459
160
65
780
222
679
500
499
857
439
520
305
232
942
811
375
954
209
476
921
272
398
774
144
50
9
899
591
937
288
763
226
876
365
646
634
214
926
686
729
799
644
119
885
268
760
211
161
667
554
745
467
593
719
235
855
316
781
276
608
824
809
761
907
853
812
664
921
495
288
402
1
241
815
192
345
559
190
125
272
349
381
413
609
64
87
463
356
248
857
733
147
392
651
176
185
864
534
850
754
642
71
653
693
566
366
204
677
257
11
77
314
154
935
928
928
338
528
422
410
696
762
878
299
502
944
598
421
483
990
631
706
644
695
629
210
673
197
175
858
933
646
248
929
815
944
757
197
7
120
999
338
668
503
610
612
220
404
535
538
596
442
519
755
965
958
645
527
831
954
353
742
152
895
947
321
898
148
128
390
667
854
468
763
955
363
320
298
824
861
151
286
191
843
988
336
801
509
673
912
409
498
537
907
161
411
927
259
549
507
89
142
588
301
231
603
450
580
954
506
57
318
736
451
97
686
329
289
763
377
74
730
91
970
285
594
944
698
806
810
14
519
176
493
514
683
611
872
889
667
947
576
139
307
233
116
983
418
859
381
462
177
130
849
397
728
711
186
422
902
593
74
383
106
686
471
395
332
583
86
841
826
25
517
699
61
982
931
822
233
383
845
453
963
248
701
686
876
415
583
993
284
215
511
50
735
203
979
653
904
987
859
719
329
203
738
634
134
498
103
697
601
264
308
23
312
228
810
891
531
764
763
522
221
994
818
517
86
865
111
916
490
374
567
980
608
986
638
783
197
432
144
793
211
885
336
141
508
50
204
316
764
199
221
820
941
899
50
122
120
36
427
755
504
364
684
979
902
696
754
188
297
289
598
605
969
858
686
246
626
827
7
574
185
395
66
902
314
32
771
44
484
637
621
4
5
555
717
113
399
624
819
839
128
291
99
465
56
877
782
511
912
54
108
851
94
48
390
520
796
680
160
774
365
341
847
386
371
879
735
890
569
137
966
987
440
257
54
548
405
395
981
525
199
889
494
702
69
143
161
370
754
987
643
167
907
850
661
883
890
447
577
383
831
835
54
32
154
190
698
864
898
359
303
139
702
140
444
257
432
686
336
351
874
281
733
390
527
148
81
688
227
769
706
248
884
868
344
379
517
218
561
265
693
266
497
622
10
10
748
222
725
707
744
101
485
759
980
714
127
984
791
669
374
737
557
505
641
409
28
368
944
126
475
177
699
373
447
973
40
619
814
138
500
258
940
937
34
529
231
248
827
387
138
698
961
170
454
749
30
127
230
81
909
353
836
129
512
226
232
402
877
948
821
389
796
152
614
906
82
360
695
149
755
416
671
851
735
9
962
148
933
242
266
9
795
465
335
961
796
125
334
325
457
636
247
197
393
752
448
3
569
144
815
468
56
620
864
617
559
852
469
715
33
731
859
177
835
947
966
613
643
929
224
894
304
769
663
622
294
915
732
223
19
695
865
38
561
364
860
752
675
686
935
295
708
124
924
489
375
940
547
871
684
718
247
672
585
500
142
299
41
786
743
706
338
217
683
328
907
245
998
952
910
685
609
577
606
917
306
383
145
711
670
90
502
129
942
225
845
964
590
705
130
797
897
596
340
38
669
111
684
940
18
387
999
617
782
86
333
950
787
708
721
181
751
466
695
88
308
61
217
623
471
416
804
874
70
507
896
676
728
741
965
825
387
640
1000
172
833
661
771
27
544
784
324
665
507
298
871
483
483
159
742
129
551
55
50
497
540
731
519
32
653
935
100
623
972
84
880
225
912
768
282
509
749
668
762
658
481
932
326
547
799
705
516
785
895
882
610
636
311
295
840
139
946
457
922
22
304
982
452
715
262
658
979
510
442
359
487
520
725
344
900
744
784
355
810
757
128
195
965
818
256
170
866
949
996
705
479
527
114
327
651
829
631
214
187
698
862
63
800
1000
377
560
646
827
104
181
746
131
178
932
81
58
713
62
457
802
697
387
570
400
327
119
521
817
859
366
515
235
441
193
118
296
881
969
634
302
415
782
558
178
269
541
147
193
947
355
589
695
773
785
532
398
5
501
487
381
82
673
786
306
16
633
237
205
238
273
149
235
508
170
69
236
926
902
152
287
156
433
612
16
979
283
394
93
936
354
826
348
477
743
567
649
147
738
67
706
959
277
490
179
107
362
538
622
27
142
245
957
204
93
262
544
900
843
929
83
571
297
192
200
308
549
179
493
267
541
372
639
438
627
436
242
867
517
15
247
432
761
648
310
888
135
858
712
418
792
923
192
32
359
357
77
609
113
422
358
532
342
555
32
45
274
249
762
165
329
726
946
352
623
269
275
197
562
95
874
451
240
645
799
105
835
204
241
244
824
106
786
503
586
138
35
512
544
471
156
992
903
481
943
300
375
295
9
789
56
790
508
744
929
111
832
301
434
736
876
110
643
528
74
936
457
962
458
597
67
592
808
56
343
469
379
87
298
128
955
252
568
398
485
76
174
84
186
534
601
329
556
669
372
199
76
514
137
305
760
363
316
853
181
739
168
996
262
825
715
922
106
107
191
699
597
320
605
546
574
646
987
480
512
943
655
174
404
593
696
504
797
434
130
769
970
614
900
480
517
920
54
836
956
803
287
379
757
116
478
489
463
415
183
267
98
990
971
194
423
456
729
69
75
999
395
812
154
391
998
722
459
344
851
988
13
722
161
976
804
406
836
389
347
280
52
947
856
696
109
280
793
581
510
300
966
542
99
461
4
775
395
104
323
900
209
34
82
912
58
877
962
221
84
734
741
145
335
827
187
512
230
196
454
115
788
201
818
850
807
947
281
600
968
923
736
154
546
586
718
882
695
850
115
364
739
228
183
578
304
125
677
391
803
928
112
135
249
568
780
5
184
715
299
638
326
321
185
506
383
1
768
276
526
571
271
466
620
589
500
549
646
177
775
381
397
205
226
385
54
634
985
923
474
224
132
853
24
26
344
122
609
649
837
466
682
508
92
190
123
752
11
752
44
902
847
91
426
508
544
332
99
423
420
281
22
681
877
405
88
680
539
792
892
381
816
960
29
36
428
29
752
929
854
285
600
390
916
166
876
325
368
317
958
401
471
120
218
507
915
329
748
33
224
278
271
533
621
723
113
914
723
246
108
284
393
442
677
529
131
549
307
101
961
406
674
350
172
720
86
139
124
647
707
690
508
704
624
186
926
393
480
747
340
458
578
260
283
915
53
639
563
11
383
557
670
67
765
435
481
450
697
496
199
519
347
368
155
225
401
434
955
533
615
990
566
792
708
515
464
860
506
364
669
358
874
630
71
964
689
199
481
511
750
507
63
564
784
166
56
561
629
324
162
641
949
10
545
196
561
457
901
98
492
993
35
958
591
5
293
160
377
35
911
343
730
320
192
70
872
562
285
995
702
445
823
143
912
495
79
925
834
238
49
381
937
662
697
743
451
381
485
446
965
454
898
743
487
830
83
255
876
353
42
576
60
73
698
399
613
773
420
790
267
24
922
393
505
889
285
943
477
406
26
750
325
606
227
806
711
680
730
3
532
246
185
453
776
763
108
699
895
555
884
905
237
937
815
484
272
307
616
560
734
538
380
724
746
230
338
663
668
258
675
659
316
801
696
66
967
549
863
733
545
873
237
682
426
104
990
462
580
398
367
479
656
392
766
891
246
445
326
742
726
438
752
968
908
216
4
631
591
479
798
918
555
931
906
95
829
405
790
276
181
24
666
299
781
655
896
237
587
483
882
564
298
838
756
608
664
16
876
716
973
555
563
72
656
254
169
419
338
200
318
863
569
428
234
239
164
700
36
209
938
220
411
420
167
826
831
717
944
367
256
661
749
54
38
946
253
277
500
226
625
333
170
767
439
700
246
289
22
916
211
122
469
857
446
430
955
720
347
569
783
817
280
105
392
473
658
482
754
756
224
181
732
924
758
257
961
48
470
265
618
434
998
757
297
232
643
10
856
913
436
900
954
495
147
780
218
318
82
28
509
89
860
189
273
308
988
535
980
323
596
283
49
608
199
821
742
305
580
614
906
951
309
847
435
915
771
184
378
579
790
658
545
57
44
779
438
309
52
467
344
962
497
493
258
330
175
691
595
146
224
254
715
192
141
271
148
231
191
383
601
729
17
314
154
24
74
981
522
492
170
588
842
515
380
609
23
181
306
938
856
945
465
39
995
946
927
173
751
922
839
269
717
252
289
400
572
999
902
390
392
702
316
891
469
444
635
436
965
21
995
534
730
264
50
582
33
265
150
746
106
371
800
504
131
116
624
518
975
840
868
432
285
736
16
771
694
794
573
20
537
925
138
178
895
259
651
323
224
221
588
116
758
550
79
310
560
35
857
669
275
523
969
827
954
402
27
85
191
726
101
767
509
980
716
707
234
989
591
266
1
362
771
77
510
810
281
478
616
205
786
786
64
664
328
333
312
465
188
91
576
516
311
847
17
757
671
414
841
98
585
184
702
456
49
615
585
616
456
623
958
572
27
263
199
469
989
268
321
491
301
978
467
820
686
526
507
574
498
999
274
882
739
680
173
550
738
915
937
78
518
867
818
560
958
631
682
521
384
517
515
2
985
394
157
672
362
841
791
495
982
351
776
212
551
181
902
435
701
32
730
628
830
156
798
609
503
616
783
517
869
260
61
268
352
126
415
693
870
388
465
805
132
33
852
348
700
623
944
591
357
12
598
73
84
271
73
904
554
403
450
536
656
243
174
39
69
156
477
146
862
330
286
796
781
330
153
187
996
296
461
305
826
39
852
135
162
493
131
320
349
318
836
771
881
246
904
78
559
928
523
148
443
128
262
776
514
131
867
952
633
999
395
818
836
20
806
589
862
459
88
802
826
616
96
735
335
876
141
633
267
18
203
193
314
805
563
740
942
321
586
770
203
354
588
380
550
737
449
383
579
315
375
719
737
274
799
645
933
37
148
694
400
204
378
626
359
685
406
223
433
182
116
94
743
549
188
461
745
958
508
523
158
563
728
980
860
412
510
508
512
673
227
2
715
191
376
170
590
122
581
247
909
931
261
548
621
336
921
543
895
325
651
452
42
206
785
447
996
76
478
242
297
549
789
251
991
353
734
665
937
569
512
782
48
711
501
76
659
971
879
856
555
207
282
404
387
346
961
263
703
777
684
615
909
733
814
942
237
787
930
329
457
507
401
341
290
865
791
269
799
801
198
844
246
374
484
53
414
851
42
784
562
157
51
508
617
591
126
995
545
463
178
968
127
719
86
922
623
401
289
566
378
4
387
230
573
790
74
129
325
679
389
115
443
324
977
183
85
51
652
141
234
547
638
293
51
816
715
736
795
729
628
785
653
998
261
694
628
351
79
535
656
828
935
108
237
314
61
752
899
607
891
62
442
665
935
340
988
176
8
11
578
247
380
862
269
555
6
450
267
620
729
493
386
590
716
363
596
832
645
971
766
520
918
187
268
845
169
315
613
9
320
720
767
493
856
844
999
483
115
142
162
89
197
609
628
88
347
696
457
510
478
447
315
880
647
960
896
782
385
484
732
84
50
52
177
199
306
631
62
155
187
216
213
184
661
128
879
213
809
467
781
651
48
900
303
604
96
773
1
895
829
753
540
208
439
212
916
764
456
767
280
978
131
73
872
261
970
621
293
949
597
457
286
279
580
167
875
115
859
297
285
740
487
675
417
14
563
885
844
516
969
909
125
446
959
390
348
135
714
829
948
47
372
255
246
558
445
200
626
931
100
953
733
70
20
122
338
639
603
766
849
983
246
832
520
831
519
799
407
495
422
549
513
357
572
403
426
846
544
593
484
598
357
110
90
569
94
615
730
844
317
37
104
354
899
893
720
962
240
204
776
489
834
491
374
227
270
454
878
168
457
527
89
495
209
418
391
850
48
783
143
157
35
831
542
755
474
95
163
499
651
468
262
198
421
210
778
632
320
443
678
746
707
563
415
34
342
8
160
194
694
374
520
144
928
85
116
501
732
87
682
606
855
727
435
634
600
645
98
517
209
891
661
730
79
641
150
926
542
493
742
342
316
987
457
725
532
429
72
315
693
837
760
804
530
865
354
736
992
582
155
720
997
325
211
940
244
286
311
708
909
498
238
439
140
126
944
324
166
29
143
112
265
690
274
649
459
718
634
850
692
453
900
50
54
761
477
123
404
668
634
216
642
131
245
556
128
621
152
461
786
10
150
5
885
376
757
729
263
402
174
43
265
9
403
940
120
958
624
962
701
71
445
59
255
719
174
700
920
676
852
424
649
504
873
978
400
736
864
729
609
512
371
524
955
179
925
591
510
157
579
595
218
897
262
465
627
127
933
70
154
409
997
328
122
863
383
532
131
462
438
97
325
127
377
956
740
207
850
505
374
352
820
37
515
393
724
903
213
176
713
536
886
726
666
589
882
980
302
251
137
891
182
381
492
339
426
674
69
986
483
8
442
542
584
26
618
190
125
933
42
699
468
893
168
972
125
447
971
170
746
235
416
210
986
893
88
190
983
940
337
255
990
731
279
418
130
703
497
296
154
150
983
745
703
872
261
79
972
653
744
560
119
722
909
721
861
509
135
533
532
685
878
401
721
67
556
477
7
666
859
571
417
981
4
641
414
869
103
830
779
779
657
487
317
615
557
841
213
672
290
639
114
299
27
395
152
38
252
433
991
918
87
254
645
615
657
932
888
3
900
912
719
230
743
776
320
280
717
364
368
119
991
324
261
575
62
589
682
166
452
953
203
391
301
432
491
604
59
908
434
4
1000
337
621
444
609
732
336
748
271
202
39
419
39
622
794
501
734
446
96
538
814
510
468
481
828
576
468
738
438
609
117
590
287
291
965
156
494
202
331
715
990
383
598
644
83
576
555
996
466
548
43
804
99
533
423
452
200
533
540
165
590
822
560
144
526
14
626
402
417
722
617
605
906
45
276
958
75
186
410
379
689
118
886
649
646
458
467
825
425
736
531
67
154
550
136
455
13
391
396
310
504
840
941
447
732
447
756
824
602
991
248
699
505
970
583
114
365
942
549
993
182
999
920
926
609
74
986
33
722
953
194
778
246
113
132
526
914
221
108
270
32
482
984
136
287
24
14
217
270
654
849
278
157
779
841
782
270
629
529
526
94
547
596
263
917
321
44
1000
107
590
0
91
838
430
548
335
288
854
714
598
952
744
832
731
974
119
822
245
30
723
743
779
255
670
830
528
421
722
757
484
909
947
818
915
858
557
903
605
292
877
342
664
839
110
253
537
730
178
40
693
353
350
568
566
591
930
518
158
976
854
168
528
384
8
802
189
978
125
26
923
496
628
480
652
462
399
891
77
464
757
336
857
339
722
762
860
431
788
669
777
635
734
670
82
75
604
852
139
451
825
924
724
97
756
833
834
401
738
278
400
686
508
668
242
130
325
574
31
518
82
215
302
293
336
471
822
728
208
524
284
577
146
887
112
707
555
26
778
865
1
976
750
379
199
185
652
712
129
73
385
389
296
214
483
949
172
744
293
29
146
761
503
22
67
701
857
200
641
79
146
110
812
92
300
467
713
630
714
169
589
556
950
465
970
378
101
909
238
479
771
404
387
164
912
29
252
703
657
867
535
664
372
762
9
970
157
610
310
930
94
900
902
872
362
433
816
338
504
55
750
425
191
220
955
461
723
945
435
989
409
996
611
577
449
17
712
763
829
145
367
669
285
932
751
628
248
920
132
853
599
170
932
617
428
315
314
827
446
421
777
944
206
555
359
803
936
385
253
859
18
883
376
557
78
813
831
189
637
496
600
71
329
282
491
585
279
735
513
32
152
220
976
442
11
246
381
920
425
744
716
724
890
367
680
958
298
986
582
739
485
470
9
799
202
587
885
145
950
729
186
35
686
409
951
917
514
717
926
222
336
809
929
791
744
86
261
892
333
203
401
955
685
353
270
22
552
56
580
404
366
286
407
390
982
692
102
553
70
81
561
335
656
606
732
43
75
471
224
769
400
58
693
533
322
868
670
64
217
300
998
223
859
72
38
364
6
549
107
827
231
666
765
334
870
266
391
488
315
950
254
391
486
718
141
464
883
939
81
959
396
704
834
755
954
225
120
85
560
98
598
973
214
263
600
420
826
757
507
891
819
896
681
480
404
718
118
226
316
702
286
337
53
290
740
642
577
351
539
339
208
765
479
512
640
878
773
448
138
357
839
833
613
360
215
146
533
637
7
117
972
25
654
15
719
654
909
82
116
267
33
564
609
812
877
724
852
187
843
401
516
980
951
862
918
922
153
893
753
425
203
930
395
459
930
937
486
965
483
296
362
729
722
61
928
610
663
176
861
136
745
445
172
52
363
75
885
310
435
614
570
342
321
741
798
285
977
698
