400
277
130
197
125
10
672
981
349
203
390
611
716
212
513
775
532
412
724
606
75
185
592
150
835
202
327
413
647
199
921
842
747
671
522
822
289
321
590
246
306
311
637
576
497
57
829
542
448
596
302
455
197
724
51
750
601
507
312
794
356
387
420
959
11
822
94
688
488
985
817
974
470
93
438
78
981
566
851
725
874
64
738
85
461
388
278
109
137
624
430
804
627
220
137
365
415
993
568
497
63
953
203
369
925
218
240
639
934
615
986
606
206
337
652
342
775
102
625
500
75
904
868
4
959
178
878
777
740
492
939
976
494
650
663
242
583
928
767
594
59
226
228
593
143
37
619
566
777
998
355
320
78
480
355
243
253
418
354
559
860
465
949
872
249
178
278
375
390
567
694
39
516
956
688
748
679
366
286
913
442
205
109
419
639
853
310
395
401
568
601
735
890
899
296
220
669
641
983
888
592
793
974
361
868
505
646
54
106
831
459
298
270
5
113
506
19
626
162
824
165
464
295
454
567
884
217
817
820
818
826
79
259
362
42
699
607
844
178
91
283
573
748
130
630
208
975
945
573
714
618
183
241
411
231
521
134
818
904
212
168
225
707
643
766
611
554
217
158
350
531
889
631
780
719
636
352
36
414
491
956
870
70
679
312
660
848
659
396
206
558
778
378
853
434
927
517
445
438
370
143
408
538
600
868
742
682
799
402
184
533
820
852
421
192
745
670
929
370
719
986
125
866
110
43
834
136
139
745
408
107
102
583
339
147
772
748
854
962
360
739
819
16
733
249
64
873
105
332
411
999
941
571
229
523
97
897
100
586
203
984
820
927
443
960
676
215
605
116
555
364
86
191
310
726
952
491
70
277
298
717
239
190
751
382
803
182
176
923
733
672
374
63
637
334
119
158
153
922
484
324
655
914
559
577
239
843
322
160
19
525
297
703
20
371
700
949
911
33
16
715
544
398
90
380
594
924
675
258
512
822
127
344
269
175
590
324
393
661
612
935
597
11
954
307
566
760
466
98
254
222
835
858
558
880
183
626
324
833
943
5
902
118
436
390
150
402
12
850
292
120
716
788
854
349
552
270
159
218
912
489
312
641
611
806
266
87
402
57
506
945
983
607
945
334
969
502
566
390
214
234
874
13
444
994
360
900
193
1000
762
989
288
74
462
457
346
740
106
162
94
702
657
363
409
672
1000
636
672
549
944
888
340
700
337
243
3
390
581
771
267
304
600
162
240
580
126
530
593
508
985
36
56
941
663
671
859
739
102
304
886
170
230
655
292
721
296
361
986
848
294
818
393
455
313
210
801
822
567
521
134
623
13
553
209
193
190
730
725
544
25
1
869
832
2
198
527
377
364
500
908
65
113
112
6
387
277
455
925
916
149
518
305
58
781
198
867
912
804
884
690
223
748
240
475
33
150
510
257
743
364
910
879
307
495
271
772
969
810
598
691
276
79
885
727
661
77
515
260
374
848
694
460
109
190
645
540
370
930
60
455
761
529
751
989
339
467
330
434
261
229
455
836
353
605
996
986
532
638
689
750
895
36
734
764
996
275
957
964
673
377
70
912
101
358
502
395
286
898
134
704
730
2
222
13
216
610
181
15
379
668
288
613
880
921
323
86
548
73
563
362
665
428
36
378
834
293
21
705
308
23
481
845
34
863
680
6
647
288
781
979
902
374
993
520
506
363
531
203
156
183
433
947
38
327
143
690
492
983
549
178
862
862
178
407
32
482
255
251
49
670
147
58
934
847
334
531
512
596
378
912
613
354
184
114
849
629
587
176
6
547
438
675
968
62
520
169
716
478
487
309
125
893
322
729
771
707
224
360
936
893
162
29
642
601
15
652
446
256
578
925
979
46
157
501
946
321
278
729
538
734
767
929
346
400
888
484
110
250
688
113
644
164
664
138
426
614
772
473
953
972
806
573
732
15
289
91
945
967
505
439
885
13
128
246
277
479
643
579
111
983
603
818
536
364
674
632
551
820
150
676
580
111
445
785
257
460
268
270
616
637
940
679
806
347
194
527
251
782
137
84
67
145
753
360
75
549
940
606
534
60
224
218
843
322
151
715
684
590
438
781
970
280
863
848
548
975
963
954
695
5
929
770
263
920
244
77
25
618
481
766
86
441
185
245
287
148
595
337
128
561
460
493
786
479
36
370
760
339
79
101
69
955
530
752
592
697
92
636
445
306
804
518
322
8
336
25
287
651
454
853
581
997
907
199
671
122
443
428
551
563
508
200
869
269
730
643
935
336
633
421
962
925
629
84
817
755
97
220
251
786
834
16
22
260
938
77
267
942
76
755
697
768
122
605
945
165
802
544
840
172
109
940
24
358
958
447
544
405
2
674
151
558
909
606
569
124
88
967
42
772
675
843
637
285
384
592
389
227
498
644
994
479
618
561
593
125
4
344
944
628
968
829
789
808
542
155
533
631
13
561
502
491
196
209
275
651
395
91
918
820
57
355
335
738
104
371
716
525
264
333
115
828
19
311
467
748
874
223
895
967
743
746
447
611
613
655
179
344
582
161
748
676
992
380
412
165
420
783
477
960
919
199
566
86
774
402
849
633
996
658
827
585
894
321
774
956
640
479
319
578
806
513
928
634
297
710
232
659
7
928
790
201
691
14
524
223
18
509
365
86
279
325
438
882
259
421
881
185
213
529
391
510
987
515
801
574
923
828
265
113
420
267
599
800
522
405
621
261
598
697
12
44
840
856
233
459
421
630
525
535
545
412
491
33
422
190
749
748
625
769
586
838
856
978
415
205
835
960
420
168
530
416
348
279
747
162
182
126
134
657
970
611
800
760
648
720
322
687
509
982
846
327
526
406
835
830
780
384
596
85
944
648
152
779
966
933
84
183
919
164
271
395
568
326
419
490
83
609
949
73
56
673
777
57
287
807
50
516
331
197
192
211
87
611
714
811
549
191
946
616
272
325
288
71
709
434
61
13
425
480
475
546
728
592
150
326
798
25
782
385
740
820
554
791
735
908
47
405
288
346
641
444
476
775
21
890
79
262
135
560
23
54
925
219
627
550
387
1000
122
464
422
911
973
997
95
505
910
864
101
370
466
792
230
939
957
206
951
122
196
773
57
851
99
258
700
598
684
466
183
697
52
790
479
485
829
846
446
381
93
538
733
908
665
703
520
600
809
464
142
756
608
705
465
632
603
960
788
844
396
95
190
592
249
344
107
894
610
527
512
411
907
402
854
873
764
153
63
483
850
393
779
636
693
905
741
936
148
295
352
243
498
297
336
883
630
679
308
575
974
570
419
876
693
667
287
512
943
524
631
927
773
42
683
265
861
321
17
554
14
812
609
2
878
979
293
524
455
81
670
95
880
813
39
872
463
276
236
730
677
37
7
29
465
142
795
804
559
479
171
566
415
792
686
719
396
147
689
493
238
780
221
940
790
730
257
195
631
323
956
80
539
226
722
385
272
685
377
326
856
474
299
808
286
463
560
381
8
917
429
56
896
208
780
249
54
573
173
458
333
431
144
250
604
253
788
667
681
78
863
245
56
510
38
404
173
787
587
898
705
709
899
237
10
806
336
26
997
699
638
564
109
901
819
841
37
595
966
44
635
465
273
947
299
361
715
505
345
402
711
566
565
315
969
348
95
891
469
722
36
569
513
641
695
710
374
581
308
299
497
176
747
930
6
418
283
645
666
749
2
685
781
76
177
307
518
723
124
843
135
384
152
952
346
636
963
632
588
121
652
783
109
808
558
293
577
33
740
815
240
862
748
218
499
243
221
155
911
190
473
660
407
510
361
987
493
992
38
58
86
767
395
775
67
175
277
584
616
883
232
899
6
794
645
790
417
597
409
372
995
396
449
341
735
194
240
858
529
433
393
912
611
682
167
576
62
274
840
507
131
123
355
31
279
520
422
661
465
999
17
577
362
478
554
887
157
715
932
383
508
715
749
792
281
218
894
121
591
650
785
769
717
362
533
920
120
304
475
770
956
228
887
228
618
864
693
179
354
742
347
423
235
343
233
768
600
852
64
391
102
611
175
17
612
595
222
109
74
432
396
321
312
252
627
91
321
1
493
368
122
600
755
680
259
383
374
854
386
715
202
469
793
484
150
373
170
946
179
722
697
476
707
665
812
370
940
304
307
100
459
544
108
739
928
224
879
388
422
64
636
860
394
13
607
886
367
898
861
721
989
246
763
239
861
420
845
591
826
575
894
655
79
4
337
264
733
435
608
201
33
89
930
198
555
522
236
928
621
125
265
90
534
217
58
75
979
880
711
261
321
190
880
184
720
520
216
203
334
530
977
690
58
829
963
299
370
596
855
534
638
324
819
408
732
274
588
893
110
76
501
437
288
273
814
230
468
64
1000
708
666
304
257
7
747
916
544
917
351
146
648
864
76
913
865
888
593
893
632
561
238
983
8
302
624
787
256
91
815
87
58
849
756
183
208
536
77
190
394
665
44
925
755
357
524
840
329
664
895
390
688
770
806
778
349
903
789
61
717
620
447
712
879
560
664
109
334
476
163
438
288
77
90
783
590
13
500
729
255
529
982
924
268
701
391
112
488
467
72
947
988
162
717
330
590
695
544
923
357
49
580
913
911
551
632
150
52
320
456
149
67
661
760
692
570
352
770
111
299
147
267
451
74
617
172
479
171
290
790
773
540
709
302
340
796
931
907
296
788
525
37
669
301
634
432
60
128
688
383
839
506
422
525
100
996
374
29
700
189
451
153
119
837
987
502
389
592
922
448
325
659
959
27
798
876
407
504
642
372
487
399
566
685
489
500
53
253
114
167
738
384
262
419
320
474
911
282
199
595
415
828
921
70
650
935
517
291
130
307
951
535
554
856
301
52
405
205
309
96
805
195
811
78
669
937
513
429
266
678
117
682
900
177
602
850
709
405
488
960
810
205
542
336
184
518
996
679
147
158
909
992
905
854
549
977
741
86
204
631
390
653
697
848
47
459
729
632
5
809
370
350
373
129
609
709
964
286
68
748
818
971
264
947
427
83
849
370
1000
81
476
284
644
575
228
731
185
667
764
269
902
919
501
633
876
41
121
336
27
522
885
87
174
20
362
922
144
754
548
456
827
431
717
344
616
535
942
83
768
830
217
832
843
172
219
504
556
734
684
177
478
518
544
110
897
45
28
627
851
667
427
284
523
207
216
715
243
762
11
246
903
335
966
931
973
734
541
836
513
295
210
408
763
234
825
611
524
23
926
516
362
288
267
18
781
252
44
845
160
945
349
200
355
72
460
865
781
904
955
614
32
379
454
425
27
560
768
498
780
23
294
793
520
19
262
938
419
501
107
870
85
440
334
44
14
28
256
477
722
444
152
675
995
938
7
898
237
316
566
793
515
679
475
141
716
717
343
700
441
923
213
466
229
534
763
727
957
954
955
825
68
252
301
969
996
693
302
981
378
256
409
898
234
658
387
997
307
378
174
813
975
50
153
531
825
709
693
839
382
431
525
450
586
216
775
827
227
988
344
575
196
62
698
332
835
190
786
536
468
724
571
166
69
981
411
705
393
319
128
825
882
340
774
641
591
97
150
696
536
406
509
64
724
349
772
462
131
541
1
423
394
347
879
762
635
841
459
113
216
240
12
240
968
860
820
965
631
115
216
870
954
888
950
314
753
663
707
35
803
68
203
332
41
568
853
717
767
326
930
894
859
954
761
759
276
998
149
938
334
422
228
553
639
144
190
733
362
949
524
915
976
898
932
891
652
370
724
266
950
693
501
665
649
134
260
697
631
529
560
563
557
101
653
273
611
715
124
888
388
146
448
341
372
722
504
738
226
670
456
21
796
232
220
528
198
923
869
957
449
58
685
381
179
372
424
934
602
905
157
678
957
798
176
142
901
321
873
789
791
315
426
444
837
62
915
334
143
592
359
554
600
490
0
152
900
709
157
85
943
116
332
167
950
439
142
789
862
721
564
649
655
818
279
377
258
601
44
678
880
143
768
417
548
24
84
592
644
194
466
862
147
785
263
222
539
5
192
868
942
300
415
199
889
625
70
513
109
299
910
904
89
447
545
791
206
957
88
217
360
900
642
777
120
170
404
397
182
100
909
80
959
474
629
539
115
904
857
188
887
703
120
573
212
368
404
567
615
557
477
503
816
769
978
462
628
307
50
54
568
49
81
243
440
692
721
43
451
433
372
589
214
124
123
788
241
903
474
486
206
982
80
932
4
471
443
661
887
54
69
980
935
54
705
287
247
759
574
776
769
715
87
754
576
441
207
341
665
512
619
671
328
892
304
471
475
343
215
496
238
572
168
234
546
40
512
257
427
722
117
608
24
183
680
892
171
94
29
34
255
792
646
355
195
777
393
570
268
121
472
943
414
316
629
893
953
598
914
581
151
983
911
96
405
672
504
270
796
87
760
419
545
63
95
892
202
426
166
427
977
534
804
619
67
573
366
981
933
720
53
267
776
981
297
342
115
478
180
536
428
193
735
793
885
51
454
744
872
926
812
514
216
915
538
464
976
397
811
539
83
389
757
502
519
717
515
132
919
299
7
243
174
544
67
935
587
939
411
757
912
662
562
729
834
853
471
325
573
938
291
87
759
196
846
790
253
224
586
534
802
27
488
270
797
509
243
109
519
781
396
628
626
848
489
775
20
545
79
902
213
110
181
159
72
988
824
17
508
103
898
92
571
752
864
871
447
81
319
590
835
890
512
165
237
731
298
573
667
179
841
7
846
397
223
508
690
215
192
448
731
515
148
368
56
698
318
416
196
760
662
134
180
182
867
826
155
122
741
526
747
814
907
834
134
369
470
896
768
55
866
934
968
185
669
874
51
553
239
922
979
604
539
247
757
302
978
647
119
398
139
787
727
497
169
688
606
842
811
567
20
619
497
967
713
873
573
133
960
934
490
988
176
503
731
180
256
824
629
579
320
966
188
516
95
681
194
730
912
721
978
251
916
415
473
421
586
635
605
684
886
388
402
593
768
645
917
138
926
459
17
361
808
797
156
95
630
215
817
495
151
740
803
689
947
151
329
494
599
623
290
278
485
602
985
834
917
988
556
867
769
909
812
704
83
428
885
653
867
681
16
638
553
136
432
102
363
729
867
287
682
493
317
419
703
516
250
921
178
580
742
595
812
11
416
840
508
428
318
327
894
53
776
188
734
981
111
196
234
186
93
21
893
993
626
90
240
678
887
176
233
772
878
770
840
536
442
178
571
459
980
213
762
510
283
293
966
635
400
955
856
288
430
234
943
169
316
553
559
93
318
305
946
209
468
850
456
447
914
979
471
689
492
679
606
155
935
422
176
30
488
45
813
937
829
905
200
103
6
756
937
233
912
128
307
839
65
775
757
641
385
349
744
641
524
577
582
498
332
480
421
659
611
682
242
21
386
65
688
704
477
188
614
172
505
313
700
169
855
235
595
681
825
308
372
79
380
242
812
770
20
958
674
47
844
293
244
42
203
662
821
178
760
825
651
242
143
910
423
275
596
930
643
59
669
929
464
656
407
21
497
340
810
933
563
20
629
55
1
221
323
220
135
770
46
592
128
644
343
346
172
998
621
512
801
466
830
724
520
998
586
478
600
510
923
921
580
496
193
630
191
450
257
650
358
812
578
955
623
307
564
902
28
271
840
648
519
257
422
262
695
87
943
189
104
571
53
228
399
898
656
951
513
815
728
238
74
408
430
866
261
562
734
970
731
331
528
750
11
719
772
21
798
680
342
215
752
155
369
70
352
3
184
643
953
801
660
123
318
492
257
227
931
403
991
322
672
444
536
712
775
804
407
64
294
619
755
360
573
887
240
43
366
100
785
608
992
358
454
822
722
27
344
483
805
552
944
850
372
441
26
177
66
662
332
833
513
788
987
177
620
55
247
64
817
566
567
494
928
571
715
968
101
547
21
561
550
867
141
288
270
982
793
271
430
902
19
415
227
97
156
175
705
617
177
957
206
546
216
431
816
515
989
41
398
670
193
341
651
667
873
756
197
495
409
395
169
740
354
217
77
557
487
665
190
723
286
395
429
545
254
770
941
136
561
907
945
996
400
245
86
937
364
752
638
237
348
639
874
119
755
291
353
206
37
913
199
192
776
437
563
307
780
398
935
578
186
805
524
743
224
912
593
62
318
888
469
500
863
634
893
176
785
541
270
385
709
667
877
38
110
721
811
936
260
425
658
709
32
827
250
166
618
464
723
421
376
360
958
666
309
964
862
188
745
777
165
998
447
953
124
677
639
798
238
300
941
175
993
738
268
446
686
553
313
299
789
527
916
12
289
623
413
490
441
888
672
865
768
774
94
12
399
249
710
801
625
365
968
253
375
398
269
718
521
283
206
34
596
825
259
66
42
352
680
27
784
678
280
847
728
950
803
836
914
768
411
244
610
599
530
477
469
289
353
874
835
507
971
769
501
953
934
329
920
870
248
932
123
626
492
84
350
854
772
896
641
971
976
760
489
564
922
946
492
211
309
465
628
203
386
613
885
484
467
987
545
17
302
246
925
525
963
849
800
114
361
942
104
262
903
355
950
120
745
972
949
893
399
687
26
648
71
159
151
391
801
607
196
409
660
556
673
306
557
730
428
658
447
411
853
980
634
624
598
160
238
352
836
258
88
57
75
416
956
750
463
107
612
605
544
483
181
665
408
830
82
230
711
442
539
283
926
859
818
806
165
408
683
634
439
106
788
530
211
383
598
472
268
469
520
778
382
245
99
594
662
417
815
434
45
787
721
19
653
628
575
519
305
148
199
637
804
753
379
116
263
250
872
897
40
35
146
36
958
734
423
170
255
57
504
337
955
513
386
33
651
620
966
968
530
437
277
870
526
857
478
737
976
18
220
341
10
505
257
141
844
548
328
910
31
875
843
255
880
272
562
547
293
426
524
469
804
891
452
119
960
68
116
897
695
459
931
341
695
769
152
500
333
590
31
73
856
248
257
148
124
11
55
204
243
243
256
252
686
958
625
920
218
438
589
746
476
699
655
973
638
389
544
101
313
587
63
202
352
431
852
826
443
245
572
191
656
993
107
867
920
383
274
756
968
948
338
18
241
900
91
1
402
383
613
847
119
773
585
525
964
134
204
743
185
520
333
175
505
527
763
503
905
946
187
658
630
511
340
95
828
994
42
1000
576
910
15
221
421
1
67
73
95
737
892
940
414
208
721
309
992
101
581
204
638
252
786
605
122
236
716
471
671
267
148
697
769
849
346
826
601
368
351
570
235
549
639
836
261
986
636
489
871
166
661
660
830
945
533
856
710
899
588
490
186
46
892
894
615
222
204
639
902
326
792
15
833
811
172
230
571
559
344
361
655
104
39
140
786
228
265
621
355
940
286
876
120
950
61
346
505
507
334
21
958
95
172
360
424
429
160
36
315
727
219
789
408
228
759
300
999
871
124
123
838
998
818
734
138
899
82
554
384
851
11
184
854
463
792
98
770
772
7
756
591
796
941
646
424
780
270
434
821
939
360
598
697
905
455
752
828
641
156
502
954
329
659
450
270
513
52
942
920
874
60
795
679
428
30
822
551
406
498
895
53
799
794
496
758
632
884
1000
636
223
857
451
675
216
968
258
542
421
461
83
478
169
873
148
252
53
583
419
655
477
102
210
831
378
85
754
76
608
790
190
193
728
595
349
826
185
38
430
190
869
99
465
8
821
469
455
373
669
325
762
101
501
686
492
1
908
738
583
54
462
273
623
997
62
93
689
912
842
975
162
332
630
621
38
898
123
818
938
231
96
768
714
333
710
57
495
275
911
89
148
56
690
432
975
457
171
705
176
727
251
556
976
267
985
786
976
549
102
620
731
464
665
522
621
23
208
498
562
15
744
54
892
736
782
574
776
645
559
565
268
90
147
300
563
956
833
193
194
130
918
51
286
307
794
569
785
870
91
495
679
243
530
651
471
771
362
949
197
18
562
178
167
105
663
929
674
213
580
750
625
828
187
436
968
179
467
670
44
856
592
744
682
103
487
942
294
387
517
274
263
428
549
887
559
900
393
107
496
780
196
734
415
116
936
890
723
892
173
955
195
988
401
408
521
928
864
888
780
45
1000
480
110
381
656
341
875
831
862
239
272
47
478
466
459
231
380
415
879
380
24
658
43
296
348
862
528
172
948
231
829
17
227
228
523
772
645
300
31
336
262
931
893
66
992
902
666
694
933
543
144
765
370
56
142
569
989
685
149
684
378
345
295
545
815
594
602
416
44
358
219
614
718
468
358
481
397
304
894
783
410
952
811
293
655
534
528
147
277
662
944
494
569
385
840
211
572
656
360
257
684
950
584
89
280
404
787
652
121
515
280
802
823
323
80
867
884
313
718
865
366
52
586
968
229
140
810
566
447
697
660
893
689
82
17
534
672
437
678
534
424
741
709
340
849
279
476
779
570
453
508
844
339
319
133
447
898
972
96
712
847
943
478
574
544
342
423
685
338
796
113
534
858
234
18
12
360
178
694
712
583
326
647
494
415
135
224
871
883
817
278
774
110
90
907
945
974
415
925
565
860
124
84
919
278
146
56
454
897
56
220
535
88
199
895
718
68
643
410
834
849
718
475
899
242
44
416
40
531
93
919
752
487
801
169
609
102
879
685
61
929
686
248
978
761
594
494
706
382
191
824
586
230
760
23
729
443
916
329
813
596
211
22
314
458
616
60
919
46
996
247
249
123
45
758
688
895
926
699
939
427
72
244
31
762
926
746
722
50
816
612
609
319
710
335
346
885
892
94
79
126
107
40
990
813
56
906
441
287
924
983
385
147
313
774
201
738
246
472
831
393
4
80
898
678
368
967
228
337
626
457
716
184
926
167
746
261
377
432
199
568
683
565
573
212
151
685
312
286
589
518
560
199
479
401
334
949
70
512
363
53
763
452
841
834
474
418
268
397
605
195
781
662
79
678
783
959
25
836
441
298
661
946
907
601
234
884
701
442
743
310
914
202
241
23
124
778
410
862
67
614
812
694
930
59
358
506
55
387
585
201
849
498
8
563
892
717
416
691
434
828
683
450
593
149
417
174
361
493
168
48
469
701
276
280
776
283
868
39
250
432
685
135
394
906
17
399
90
542
171
361
360
748
763
502
345
925
911
345
797
547
556
11
500
648
481
153
106
685
266
695
454
485
917
371
384
577
648
491
832
795
851
551
698
733
427
519
930
226
19
31
537
274
215
266
798
373
649
423
836
650
51
161
305
78
549
962
253
394
964
891
208
328
486
766
113
819
224
565
601
946
249
906
77
577
367
869
433
197
411
522
61
128
295
879
466
468
588
871
826
68
603
337
860
460
372
154
607
602
545
189
165
173
839
957
836
919
804
566
826
166
404
524
6
897
438
502
830
44
714
177
109
551
780
111
925
436
216
718
361
247
86
685
657
135
973
821
618
324
687
378
622
464
733
883
550
501
231
967
367
133
141
808
710
151
809
711
825
170
465
837
952
212
180
94
192
516
38
248
623
857
487
281
757
469
651
639
699
788
527
156
810
48
700
69
418
476
847
383
271
506
769
474
608
523
673
678
854
935
900
840
969
139
517
56
455
18
943
212
641
959
491
971
383
444
17
122
415
902
360
119
471
954
986
504
685
236
311
706
804
675
622
309
162
96
926
643
431
826
805
401
957
456
654
54
864
969
132
502
536
899
181
661
178
485
180
653
724
239
415
199
169
214
747
282
574
212
967
52
954
61
434
592
88
346
860
536
53
199
290
127
479
234
721
700
911
736
419
493
390
716
347
658
893
436
19
705
288
540
940
250
50
94
709
341
927
668
52
290
508
584
472
499
656
711
695
738
206
12
651
245
477
149
371
331
679
681
128
900
250
160
775
946
507
692
237
1000
489
348
490
939
75
829
869
28
544
960
457
961
627
812
355
977
490
57
530
686
251
958
233
836
530
723
450
332
925
822
309
355
919
555
796
588
360
509
610
715
601
909
138
835
755
301
954
872
268
316
235
464
358
940
230
805
384
172
46
353
135
848
214
782
542
282
168
824
253
398
828
669
882
521
769
776
465
106
545
758
569
569
739
894
36
762
428
3
723
283
750
224
522
128
920
503
78
353
380
511
671
727
802
381
360
588
423
743
386
991
495
786
807
759
334
681
816
961
401
217
319
600
788
589
963
627
129
121
636
626
310
466
286
868
342
724
400
200
15
650
172
914
844
276
315
393
216
282
512
4
136
875
130
493
761
157
150
32
752
150
715
725
144
785
59
383
408
153
758
746
564
419
764
294
842
874
23
806
95
901
496
821
357
254
974
898
840
65
274
967
641
894
470
166
438
512
975
36
221
35
107
442
131
459
860
424
207
601
47
836
843
221
366
740
994
14
853
519
38
728
544
450
118
93
976
436
57
973
776
990
419
55
251
274
679
922
184
321
134
861
156
681
109
411
7
20
183
398
896
153
206
303
194
701
982
813
167
117
970
973
755
336
905
545
911
56
212
709
746
668
755
905
718
306
389
181
594
592
798
560
888
367
771
168
11
869
967
493
903
89
719
801
703
897
726
951
932
637
577
203
577
78
941
632
77
506
276
663
58
371
860
501
267
821
996
714
745
32
546
694
428
531
953
492
693
96
936
831
817
958
458
538
205
835
974
258
646
109
205
531
621
881
919
75
601
206
985
76
492
203
137
615
910
450
364
96
827
617
790
125
990
728
377
589
975
147
402
176
553
241
450
942
258
372
205
780
638
516
681
346
578
794
362
780
376
887
12
613
224
748
755
362
999
221
699
453
721
954
717
98
785
389
329
271
973
232
419
228
991
40
867
418
87
207
314
619
776
180
64
320
30
767
765
444
782
276
93
503
569
798
85
115
721
9
795
434
51
100
201
617
455
164
899
614
186
453
294
151
976
235
728
714
414
354
435
187
464
27
133
329
139
951
206
966
924
186
373
772
808
698
933
53
423
39
973
793
3
267
74
36
440
517
53
300
831
122
379
195
766
910
903
269
129
612
661
704
83
770
901
428
45
527
668
230
2
383
123
34
221
315
369
522
820
526
723
71
964
612
889
512
120
922
858
672
206
650
31
562
279
439
582
502
653
435
729
484
631
208
225
429
281
665
364
764
419
592
933
498
315
34
256
504
29
359
291
841
850
597
637
827
512
644
932
106
216
257
850
736
462
625
728
287
441
845
718
238
403
341
45
65
409
321
187
179
975
82
71
355
770
447
208
693
172
660
834
834
668
967
972
554
244
716
917
928
922
50
763
331
388
435
937
741
264
280
388
131
768
250
905
277
760
596
214
208
40
593
479
288
641
997
301
353
648
715
184
155
498
878
836
277
320
363
851
238
186
177
507
865
935
321
604
151
576
636
327
797
553
50
902
29
378
713
193
931
732
832
233
519
968
913
215
899
126
650
136
754
32
210
399
733
334
580
24
268
791
353
430
735
273
472
971
628
559
616
3
197
477
634
867
52
885
615
384
455
799
911
187
232
625
244
657
675
273
82
922
668
472
672
609
678
213
859
398
666
943
934
30
178
990
193
466
535
622
903
300
998
45
532
501
365
133
338
547
538
186
711
298
136
238
978
425
396
245
508
467
943
784
557
41
752
765
205
249
496
782
626
124
751
435
197
944
61
161
219
811
286
898
912
588
943
203
320
908
775
634
285
568
6
888
312
278
436
485
339
538
208
989
302
964
524
190
684
162
507
923
543
926
469
150
901
739
573
31
211
31
813
563
822
663
153
555
690
395
868
692
149
967
430
418
643
923
508
456
538
170
370
597
164
308
277
815
723
332
319
618
34
976
891
606
844
819
158
638
374
309
532
584
169
5
136
742
497
520
7
236
871
558
801
180
73
56
18
682
249
996
900
203
900
391
238
993
374
147
811
216
720
884
29
544
552
495
108
446
705
539
442
457
619
19
698
632
248
795
853
933
857
722
570
462
582
136
730
344
471
129
119
189
10
185
604
815
957
55
550
984
505
443
346
698
490
556
442
994
808
299
580
137
751
818
807
416
50
541
560
672
20
820
101
477
989
223
352
30
869
941
209
622
808
635
899
931
285
541
161
66
63
344
590
259
964
955
833
583
415
141
832
906
208
377
996
230
537
275
217
747
338
714
48
654
713
519
333
517
308
124
260
144
996
647
913
710
297
117
617
498
508
681
500
103
988
535
313
681
467
28
790
173
449
307
780
600
992
708
324
208
957
358
566
337
778
396
695
967
118
392
614
726
564
845
634
241
200
336
786
288
317
378
37
645
850
434
597
326
873
488
866
207
928
601
449
250
251
722
671
487
355
911
757
849
14
319
682
423
396
457
629
801
25
485
988
418
750
438
705
400
252
886
331
782
214
51
26
510
719
494
481
61
235
702
523
474
956
468
207
672
487
620
331
991
933
393
101
138
394
240
58
204
164
132
473
180
378
483
368
297
352
519
351
929
550
843
813
763
416
392
623
135
943
913
603
181
840
677
900
579
857
336
297
146
631
933
632
246
273
242
821
285
52
343
153
452
390
246
331
103
883
131
989
883
271
737
162
660
745
588
75
432
508
322
134
125
76
930
53
745
793
577
212
169
650
925
344
388
143
931
475
171
983
937
681
375
12
594
419
532
45
851
643
309
489
108
706
595
858
507
307
830
184
248
857
198
375
222
289
146
763
223
914
932
537
791
518
460
800
564
852
660
71
128
525
685
299
970
688
30
260
457
135
312
938
384
75
115
656
402
674
794
233
821
537
370
296
623
107
646
565
562
630
195
349
824
965
687
470
494
713
665
502
842
335
128
897
955
411
951
115
838
830
51
634
465
776
969
946
565
498
827
10
346
667
47
805
281
852
99
833
371
686
19
733
396
881
398
679
503
152
756
515
106
468
766
77
529
484
759
99
489
791
819
195
511
891
412
91
314
187
629
783
865
998
111
767
331
62
369
993
147
599
608
74
997
883
439
712
168
792
62
36
942
734
830
946
226
711
980
732
947
355
574
748
816
255
505
880
61
819
943
49
640
535
341
946
499
484
495
776
437
843
429
500
942
189
927
655
766
284
995
242
670
322
685
249
431
78
58
485
739
937
412
155
510
963
605
948
610
859
217
543
431
999
695
367
509
664
894
12
713
986
720
8
657
703
839
313
493
833
853
720
928
848
725
650
395
422
753
93
735
380
809
587
89
836
249
242
811
720
842
273
490
465
182
143
343
958
302
324
93
369
792
123
458
568
220
967
297
409
745
799
15
600
394
307
451
739
242
865
754
828
337
253
153
593
691
424
312
194
261
434
428
282
3
902
308
496
893
777
2
168
243
204
539
651
694
138
869
518
313
435
976
840
66
804
539
986
318
30
416
841
28
625
62
917
435
987
987
406
655
110
928
688
726
324
125
312
612
815
796
521
921
556
530
192
112
339
322
271
155
869
446
233
574
646
74
834
529
445
414
661
17
296
799
707
165
896
538
951
709
897
790
581
17
556
736
702
473
574
812
31
848
244
872
823
784
75
708
871
10
542
719
795
677
433
449
443
350
324
747
574
672
244
191
748
578
634
324
299
539
48
362
388
536
130
693
383
407
320
721
85
634
735
30
136
984
711
18
129
34
945
723
776
578
753
501
348
395
980
28
294
92
338
900
419
644
490
57
123
114
292
506
279
170
622
418
449
414
355
752
479
52
759
585
60
688
142
471
662
490
391
992
850
570
53
988
946
358
630
585
311
494
259
292
3
155
790
896
85
834
418
733
161
734
965
719
782
390
437
16
509
906
920
625
239
798
425
495
539
416
374
161
122
733
730
92
291
407
430
213
980
562
722
885
648
165
427
920
879
462
954
833
401
975
754
753
119
259
660
870
781
784
155
288
52
201
836
79
187
769
994
326
506
510
917
440
366
250
941
516
463
603
577
984
387
315
14
198
525
91
323
659
473
243
868
530
774
660
476
942
954
372
801
131
833
247
953
0
490
858
762
455
705
371
488
107
207
777
16
727
75
559
748
989
426
71
334
69
540
261
850
268
866
842
631
0
563
261
341
743
205
201
281
741
212
42
167
418
406
553
742
48
36
109
625
821
141
98
311
882
458
341
984
426
681
88
669
38
356
431
895
150
915
196
89
999
647
955
660
495
484
274
840
872
524
53
151
222
455
912
218
93
808
569
204
416
639
48
822
763
47
28
721
78
771
102
705
384
51
429
572
230
155
917
948
848
30
356
84
305
97
591
675
564
660
327
606
19
256
679
135
695
527
711
230
221
935
881
844
729
115
853
545
90
208
684
46
569
636
902
750
815
870
300
228
363
258
594
642
180
738
962
114
295
594
326
660
315
523
308
357
70
374
590
785
172
324
69
372
367
596
966
30
806
525
430
565
29
965
798
798
93
829
165
401
762
161
579
278
999
929
449
87
186
217
339
58
92
520
853
298
513
483
952
849
172
301
661
624
44
722
965
594
116
494
316
363
440
995
95
186
686
25
598
485
793
675
983
168
627
235
573
392
280
253
444
952
648
447
694
953
360
120
304
644
387
445
199
35
471
502
629
252
164
438
600
253
78
629
55
10
597
925
791
890
352
503
155
857
540
223
520
560
403
599
151
331
412
140
153
117
144
413
852
435
528
4
325
969
174
343
960
984
401
50
91
485
151
888
925
440
996
579
623
913
539
979
27
601
7
520
539
241
483
366
90
467
976
843
400
668
948
193
541
580
539
561
346
10
41
234
303
80
531
739
37
89
606
927
48
228
359
274
209
497
720
114
535
906
545
287
476
320
472
670
981
592
350
886
922
494
122
223
176
987
440
943
559
418
649
22
782
19
695
837
572
115
293
996
293
609
113
685
19
29
499
115
171
578
13
937
736
425
437
381
613
928
654
379
3
368
185
636
390
83
880
126
791
786
114
994
395
997
868
599
463
627
781
251
870
724
17
637
729
693
232
882
807
446
409
988
212
337
407
104
220
355
820
809
54
598
33
206
996
523
98
343
791
873
11
443
485
449
219
659
601
589
760
748
138
174
50
717
47
920
775
27
275
802
529
31
839
368
906
847
639
206
936
239
8
930
358
641
84
6
786
156
73
396
680
382
848
781
228
1
661
112
897
707
421
958
593
218
641
785
996
978
526
629
348
94
147
156
191
912
123
209
252
766
157
797
393
36
832
760
701
755
961
636
644
503
969
388
230
483
719
261
39
570
779
405
880
196
995
844
828
702
716
435
936
871
620
876
239
80
170
111
327
905
144
613
833
947
566
18
914
481
86
614
778
654
379
509
648
583
892
947
581
570
361
832
47
601
253
709
30
524
277
194
12
861
167
834
221
627
571
11
275
817
841
854
360
429
228
887
140
35
672
617
181
456
219
638
848
101
401
241
314
230
279
664
30
780
6
547
567
40
940
624
994
377
44
656
409
949
885
110
151
821
458
674
621
888
103
863
700
201
900
619
318
176
899
681
965
36
929
404
775
802
78
677
851
263
309
160
548
113
31
255
583
481
660
129
308
32
952
344
539
539
610
707
474
453
44
764
767
281
957
253
283
106
990
22
468
588
271
641
283
207
271
752
908
983
179
402
120
177
359
217
408
440
679
718
951
534
279
731
699
119
403
136
205
62
859
551
512
419
326
834
917
360
598
539
176
97
207
365
672
455
840
917
921
506
278
381
859
739
764
432
862
962
338
969
597
627
999
508
547
365
156
138
898
879
662
646
806
815
224
828
254
645
34
706
268
558
601
300
46
34
842
18
460
377
383
921
780
607
909
908
182
252
466
891
677
860
238
873
522
608
199
733
159
113
504
616
8
429
335
536
36
973
779
731
273
742
124
32
222
453
415
63
868
654
720
351
647
574
757
846
894
963
660
751
94
604
669
772
480
697
249
290
90
749
436
848
391
913
496
545
663
469
329
382
889
625
668
717
672
613
834
491
325
843
622
952
766
504
872
804
920
159
77
753
411
143
123
680
534
702
660
153
246
334
789
776
903
234
350
112
294
741
680
299
326
701
921
867
820
789
373
963
874
360
370
984
939
848
748
365
471
197
64
695
122
316
383
512
82
503
33
330
319
44
428
56
451
262
356
429
112
282
297
475
463
858
170
507
22
137
402
341
601
499
654
935
117
591
299
364
762
994
804
359
969
990
129
588
888
941
74
504
235
983
951
455
648
689
75
41
547
403
834
609
106
130
452
364
58
183
172
199
319
486
238
117
196
421
963
806
869
693
920
886
192
472
503
257
492
111
910
440
805
680
650
468
535
421
714
348
451
236
498
652
446
242
469
455
432
34
231
661
731
693
555
830
519
922
778
62
899
659
581
285
299
588
645
518
277
182
716
239
4
3
694
450
994
804
385
360
780
639
688
135
916
597
400
465
631
672
785
616
816
347
225
29
532
656
738
656
295
180
551
999
433
121
566
357
328
396
633
73
815
690
212
570
907
337
164
909
478
917
394
227
561
939
264
113
418
735
767
605
126
457
12
578
124
75
313
432
924
790
413
444
852
492
809
811
824
66
313
680
419
433
395
709
553
150
412
118
873
319
432
391
677
802
242
329
677
466
53
567
619
971
418
46
144
465
403
530
567
416
602
701
553
911
705
232
994
505
872
83
756
754
620
807
898
220
606
801
421
802
29
417
34
675
895
387
154
879
575
700
932
32
543
882
182
620
894
0
983
213
136
716
131
27
341
3
373
734
27
208
634
650
140
0
689
647
847
107
550
912
296
857
762
573
936
5
817
480
454
519
398
498
721
387
536
714
791
164
733
577
920
962
60
483
942
307
881
322
300
576
471
592
929
834
473
117
338
582
911
256
2
854
487
329
694
666
713
32
497
246
710
1000
249
608
389
627
378
480
277
942
305
561
794
535
488
764
114
555
598
520
917
96
813
901
338
423
86
51
877
52
966
823
612
998
478
686
309
785
49
373
386
699
936
27
542
1000
382
79
783
253
54
661
230
732
813
794
347
716
749
711
921
222
771
712
115
49
353
603
923
513
212
726
757
535
552
607
742
889
941
39
941
801
129
41
189
70
55
290
279
154
553
4
0
841
465
86
943
380
177
762
332
8
983
519
840
137
272
127
152
160
879
202
96
532
471
366
132
808
516
918
944
433
864
961
423
320
932
890
917
434
212
431
318
56
928
824
866
207
504
346
684
950
779
160
392
793
756
533
811
345
558
765
50
464
864
804
496
986
239
364
704
932
808
610
397
85
475
13
431
133
883
423
512
973
933
70
750
414
678
579
978
875
202
220
823
170
966
158
996
478
585
108
806
75
271
431
27
109
707
494
446
110
389
715
752
328
230
180
990
441
752
528
325
762
859
501
117
960
869
110
379
822
345
962
37
551
263
754
404
787
626
762
185
286
970
772
464
965
218
980
977
728
454
545
285
692
594
329
102
251
824
148
572
418
764
121
580
526
403
575
665
625
363
822
502
555
123
547
442
473
362
48
415
286
79
989
437
262
864
783
46
679
312
219
975
522
999
288
188
444
600
350
151
43
965
34
821
296
107
455
690
33
517
532
849
670
153
147
152
387
516
976
60
364
632
938
191
764
339
256
460
704
787
202
416
249
78
263
406
427
465
310
150
731
931
344
190
444
279
978
954
422
583
317
564
967
308
320
33
892
255
118
299
244
448
186
8
891
62
733
96
291
500
123
504
974
504
493
130
597
291
631
835
247
692
49
346
834
420
107
522
32
79
267
244
693
296
551
895
199
137
169
366
772
802
572
637
814
531
754
466
189
312
926
789
184
657
917
238
592
70
707
882
634
66
393
614
688
598
683
774
260
445
129
467
973
720
530
380
418
959
996
628
970
486
877
221
136
681
18
709
349
384
929
339
317
857
483
360
883
376
430
552
63
252
730
20
5
890
537
298
67
391
122
559
433
982
164
12
390
624
228
532
696
979
40
534
553
486
621
9
144
208
99
345
452
215
126
959
203
972
61
634
160
557
70
575
87
725
133
776
343
470
510
60
969
290
981
842
399
173
657
398
90
899
606
473
854
176
297
844
910
383
36
367
206
107
870
92
186
458
593
803
246
390
330
277
519
247
881
580
823
734
5
731
84
806
590
993
605
370
995
21
951
93
264
947
97
815
320
839
203
154
280
386
728
150
517
681
648
332
273
804
372
165
381
788
501
310
889
638
156
888
325
205
900
302
273
501
574
641
578
379
358
72
71
231
63
701
665
406
200
255
152
242
511
862
59
185
406
550
474
880
547
275
902
684
812
24
995
159
759
672
775
121
618
761
566
44
581
649
669
689
709
543
914
629
755
602
616
853
403
953
516
130
721
671
165
847
756
35
818
464
886
383
930
309
697
260
766
209
785
726
515
546
982
216
885
639
793
824
455
87
316
967
113
274
681
664
855
132
283
602
800
220
307
643
567
762
791
428
604
110
764
320
695
363
577
850
116
887
166
353
484
23
981
801
562
402
132
706
272
609
159
74
400
385
222
768
37
667
110
86
475
810
251
474
57
365
267
510
533
992
1
939
233
844
449
214
824
77
306
167
756
923
432
31
802
442
5
405
463
257
80
141
173
106
565
622
487
351
575
551
520
982
333
187
474
626
786
462
528
803
139
544
469
761
363
338
590
26
825
918
55
135
876
723
425
474
405
852
635
961
33
351
127
154
310
894
68
964
540
84
498
820
91
253
876
713
491
619
282
35
18
1
65
946
681
519
889
126
848
644
512
669
659
576
337
217
404
976
914
86
4
383
489
47
328
366
3
145
309
317
325
783
511
798
566
969
637
235
151
745
86
133
896
794
949
118
328
614
260
8
736
796
693
207
924
403
335
817
383
59
322
100
362
315
873
579
669
794
157
341
998
692
899
845
395
963
886
690
943
733
371
222
293
733
924
169
418
220
713
722
168
501
782
665
704
152
258
532
782
851
407
324
349
798
974
224
652
433
726
25
959
961
817
236
909
113
173
638
521
95
705
591
282
149
892
518
325
491
467
446
141
405
500
962
116
898
847
313
133
247
946
353
79
362
588
326
468
993
728
268
919
302
879
58
212
199
664
402
928
264
147
820
755
301
829
790
347
972
908
869
345
76
31
187
680
945
522
896
628
794
822
270
550
324
972
678
743
8
799
607
820
877
329
750
985
484
270
632
21
1
451
507
354
170
426
332
592
981
575
528
400
456
970
552
963
113
309
660
959
980
270
918
566
145
157
519
699
738
445
333
313
912
831
237
524
85
845
348
787
155
814
674
568
81
638
632
164
830
595
339
770
89
272
674
601
418
888
535
859
159
195
234
63
626
837
252
786
747
489
821
958
156
688
964
210
553
569
729
625
369
120
973
124
950
12
704
822
190
632
860
931
947
371
491
574
955
583
605
366
657
304
357
468
345
760
155
503
855
726
880
419
40
82
676
267
684
648
924
318
695
142
212
738
873
838
755
19
501
559
270
57
890
720
852
817
558
445
399
124
342
344
143
879
418
797
281
535
582
410
678
56
633
21
701
135
79
411
964
563
279
107
612
684
359
915
958
756
838
535
764
108
887
351
807
470
489
631
952
770
714
421
929
726
917
253
826
546
489
923
77
506
778
214
651
163
83
811
353
646
961
203
708
998
254
950
505
592
713
923
33
907
515
877
597
680
131
936
6
158
922
682
80
343
691
716
532
919
655
817
735
573
384
208
347
160
790
354
571
839
547
538
0
179
735
924
158
472
132
16
788
256
978
13
451
504
920
827
587
201
505
84
357
290
298
953
657
792
144
467
156
472
865
248
513
592
223
459
112
55
448
824
635
419
891
724
749
612
102
880
271
354
375
516
698
479
839
953
63
595
73
470
170
683
10
944
87
505
405
388
186
577
818
63
140
264
940
101
496
425
817
53
433
697
641
229
57
492
344
578
117
629
910
553
73
859
62
625
166
46
812
572
453
118
449
30
551
500
508
181
34
166
851
910
840
433
985
622
961
136
158
839
762
455
351
332
556
790
44
411
578
912
546
147
216
690
21
925
32
602
80
484
463
252
460
387
383
10
666
305
486
626
299
333
859
467
142
759
598
725
919
534
543
91
286
734
801
705
159
534
879
349
454
803
903
970
111
13
878
703
313
906
472
102
728
303
130
884
396
677
727
580
387
608
203
407
815
697
556
300
956
24
772
873
265
151
233
599
475
221
791
610
332
266
308
170
671
575
751
430
535
268
705
674
621
829
826
712
753
888
383
280
976
415
316
547
252
761
889
821
428
768
188
870
295
242
877
304
768
887
488
186
821
874
842
48
733
569
596
158
31
636
941
586
197
365
506
104
463
402
59
244
587
315
849
652
552
436
84
970
394
823
297
742
884
372
472
413
45
256
562
728
951
286
381
149
129
387
725
781
52
67
694
414
507
379
148
953
291
402
389
33
132
556
522
508
134
393
690
143
85
227
223
436
856
665
411
302
694
372
278
167
11
227
294
538
952
323
648
600
73
974
479
30
507
167
899
995
883
782
876
547
116
668
936
861
723
344
23
44
281
61
596
364
641
367
119
551
891
158
32
924
501
995
123
954
44
588
817
683
480
869
432
125
344
882
981
879
841
647
704
569
757
311
765
826
878
454
453
257
30
742
645
83
546
733
790
464
681
127
58
413
120
257
521
48
446
283
496
196
337
374
963
268
192
886
260
513
701
938
601
927
19
313
746
801
490
527
558
622
356
948
60
325
837
772
329
415
41
935
336
287
176
77
125
935
599
607
480
