738
7
317
69
730
274
734
732
227
975
961
512
977
836
67
215
235
367
163
505
80
913
169
804
702
83
297
301
766
745
227
427
868
511
408
856
886
181
745
472
303
161
596
102
244
401
741
28
541
797
705
785
158
372
143
255
224
509
947
63
669
956
48
340
513
155
660
799
76
815
152
575
418
497
171
925
609
293
467
447
802
613
332
861
605
124
811
215
484
552
652
331
837
81
86
926
692
276
129
434
732
871
174
843
291
148
368
703
353
702
855
770
683
1000
948
885
947
834
208
608
748
533
307
810
16
180
406
385
722
373
889
263
475
723
610
996
740
651
559
180
630
498
686
364
152
712
730
235
904
845
696
953
111
141
819
550
829
727
979
839
747
723
961
338
800
419
435
882
138
586
126
125
583
551
327
46
533
816
607
375
69
709
806
159
971
644
577
566
617
929
831
3
682
974
383
736
458
277
946
533
636
636
468
860
965
408
527
758
860
9
989
259
764
446
391
851
752
408
925
161
863
731
430
313
532
83
467
554
337
288
552
312
471
590
195
196
780
617
412
625
317
304
767
129
971
552
950
721
980
112
10
190
37
491
299
793
340
847
685
180
989
919
574
563
918
812
670
710
907
405
695
107
331
547
846
988
341
461
563
909
677
274
671
2
221
302
604
658
446
429
844
230
693
102
916
223
284
972
264
51
949
204
732
378
155
160
611
857
253
344
961
946
229
515
286
234
747
467
628
981
15
777
439
135
130
720
863
889
500
112
304
842
382
448
729
470
343
671
668
314
690
52
247
491
524
30
922
279
556
758
766
19
252
732
714
351
646
384
550
808
470
849
392
251
937
983
538
73
9
180
162
165
890
435
852
649
808
120
186
555
314
887
795
425
922
446
657
564
313
122
227
887
193
634
612
474
951
391
331
532
570
892
193
767
699
490
110
860
829
130
641
297
354
305
341
708
821
119
742
537
75
963
318
156
495
499
532
726
221
726
454
582
1
585
607
234
219
10
209
11
432
772
125
440
204
141
146
827
844
847
719
268
603
404
772
832
441
311
467
246
7
984
308
614
316
349
525
502
158
938
452
118
230
333
429
263
531
259
331
869
916
298
552
38
966
624
243
726
720
307
744
770
440
367
468
673
89
908
24
202
215
684
518
584
191
207
887
277
989
466
395
309
262
189
429
418
430
270
175
364
790
504
642
847
376
817
96
931
726
290
664
48
224
398
940
998
262
93
517
279
104
567
160
281
936
604
75
737
194
198
452
871
671
287
982
49
72
211
467
216
397
370
808
249
481
907
893
811
540
799
884
823
868
784
622
837
493
465
169
611
123
265
276
287
684
146
273
181
718
376
236
274
840
591
980
564
683
37
873
129
830
701
501
18
461
70
360
888
114
270
403
885
276
473
233
784
446
616
303
861
963
398
173
981
619
769
509
247
724
28
552
979
563
285
899
731
941
327
70
267
220
356
951
751
114
828
19
713
404
334
340
201
592
516
430
862
596
762
207
841
427
122
184
246
203
344
349
585
353
452
562
465
852
899
733
99
826
542
714
555
38
779
400
868
853
231
740
101
141
798
841
908
548
500
877
268
246
510
611
492
145
756
291
831
25
649
682
905
733
768
244
445
659
267
245
284
659
458
483
10
507
678
451
771
509
818
379
979
19
47
659
653
696
288
561
162
647
194
421
632
90
397
654
643
77
689
859
633
853
379
154
818
189
781
563
307
662
935
821
494
146
740
274
24
315
303
792
121
859
230
376
36
880
525
630
860
730
776
231
647
212
322
834
145
510
586
712
147
820
656
919
59
816
0
926
324
243
527
517
288
898
22
664
366
216
928
444
136
557
95
104
819
706
882
775
266
91
148
389
686
934
520
501
574
248
819
832
820
652
628
388
368
35
415
677
420
413
644
750
230
61
323
436
666
708
329
551
113
382
363
359
865
148
272
308
591
494
22
219
539
644
746
697
988
105
352
289
286
450
126
844
493
575
911
195
724
521
408
117
479
601
226
342
121
806
603
665
321
637
751
65
532
990
227
58
164
505
91
125
18
500
564
78
463
464
476
101
557
911
68
543
340
795
782
864
712
914
200
10
835
325
508
299
135
653
891
997
571
667
521
23
12
407
352
245
804
392
150
352
12
776
998
541
799
310
441
873
855
147
166
900
653
769
376
861
181
530
762
885
4
585
309
101
899
941
93
190
833
852
964
631
698
745
557
145
142
791
456
859
585
376
339
530
156
212
276
970
52
184
541
211
184
818
496
429
60
335
597
407
525
369
461
367
244
846
583
299
521
444
120
266
697
402
28
687
383
730
436
795
892
108
197
844
218
223
222
617
966
960
408
765
244
300
86
266
570
36
118
795
739
778
629
80
9
957
221
63
290
427
985
991
863
993
642
236
872
956
145
231
311
380
14
721
747
768
858
460
85
207
940
276
254
861
957
710
625
438
907
409
695
975
566
487
684
926
725
16
298
737
350
582
817
91
581
640
442
725
838
883
20
179
239
767
919
61
445
634
409
441
748
382
600
607
456
696
301
461
507
868
44
847
437
994
488
523
804
946
662
686
723
424
832
970
737
198
501
784
10
755
511
227
883
19
135
856
976
514
948
552
311
117
576
339
376
272
355
33
789
761
597
200
519
986
530
998
38
293
163
787
411
519
310
988
185
681
85
552
346
317
409
610
612
472
748
358
709
442
738
646
116
738
625
381
336
215
147
878
278
685
927
70
977
322
534
845
204
634
889
91
302
496
967
452
617
755
543
82
819
68
180
848
839
702
984
641
860
714
476
889
738
651
999
258
141
840
873
118
699
732
376
902
212
187
658
353
742
373
392
255
929
404
46
261
947
593
94
954
611
890
330
774
968
522
506
210
178
964
568
528
425
737
504
239
19
10
603
462
137
379
59
181
97
245
194
232
907
672
242
858
424
575
75
675
928
275
907
885
408
597
357
254
556
731
677
925
241
802
884
180
635
940
757
936
963
340
297
983
654
637
895
662
31
405
572
667
845
534
373
532
782
864
57
616
527
178
161
548
234
942
139
783
269
336
824
952
997
714
731
986
66
509
647
30
679
706
705
754
358
503
942
707
562
160
187
920
922
449
881
526
724
760
763
740
77
965
519
901
515
344
477
324
493
158
748
133
510
817
642
401
844
506
563
524
377
575
610
80
592
707
412
576
951
336
701
984
774
337
962
77
669
220
222
69
227
629
839
970
452
85
580
947
884
242
55
398
639
0
890
268
64
553
723
976
318
762
396
316
545
610
456
282
187
345
733
165
561
285
480
99
62
80
469
719
3
794
417
43
391
17
937
261
338
173
437
40
275
609
309
267
46
995
700
141
901
939
738
17
729
135
357
854
944
116
814
917
727
826
303
736
989
486
624
90
619
607
834
177
110
671
724
29
614
876
246
581
950
703
786
224
643
40
812
921
334
255
613
731
993
386
231
316
887
745
379
396
849
798
51
296
949
278
617
731
319
756
369
90
108
617
447
55
481
973
843
494
250
41
152
221
741
163
638
657
383
883
916
542
648
13
680
666
493
718
318
163
968
454
669
194
667
612
785
912
835
286
570
594
342
30
475
913
586
169
614
197
821
941
177
559
105
430
170
795
812
22
381
313
516
702
197
243
813
899
415
453
293
714
304
806
570
999
443
258
147
324
643
939
438
766
659
144
520
72
894
814
286
237
649
101
919
344
133
889
43
166
980
474
126
311
477
747
734
730
881
641
718
398
332
914
254
157
144
722
926
83
610
624
134
889
989
849
870
75
310
814
431
590
343
701
605
304
913
864
470
494
166
113
65
10
741
988
660
665
910
585
34
717
472
424
413
723
289
599
943
708
686
531
416
825
724
527
409
242
91
637
522
41
965
392
426
428
522
56
617
316
256
489
27
344
286
239
757
762
462
802
510
694
405
587
14
541
32
69
224
583
413
847
942
402
435
921
982
764
516
847
192
154
298
121
826
716
516
397
165
510
443
570
354
339
737
622
284
152
268
583
674
104
402
99
356
290
554
542
382
513
423
381
497
969
383
569
23
696
13
992
685
690
925
744
730
799
607
43
450
559
183
519
592
229
240
301
23
229
996
767
486
20
657
453
13
765
880
910
691
266
23
476
465
565
418
33
98
872
330
824
984
139
761
994
15
23
233
393
515
165
47
302
623
274
700
213
60
299
708
830
101
255
710
336
760
351
662
611
393
206
614
499
523
21
331
849
987
346
138
407
708
851
695
48
64
851
482
318
268
71
283
739
266
138
361
92
132
13
684
109
754
98
614
638
483
82
188
799
221
759
307
145
116
990
6
312
819
967
61
780
633
596
838
979
608
240
188
358
986
999
799
767
527
160
817
638
651
943
177
19
379
614
13
975
562
301
278
325
571
427
679
381
463
339
566
27
82
265
526
517
826
294
78
79
266
652
630
932
385
709
168
352
120
703
185
87
705
454
95
520
7
946
438
467
906
43
746
355
526
768
631
514
470
576
620
149
997
475
647
777
620
496
52
567
312
872
140
447
47
926
329
257
493
821
96
682
212
937
620
301
777
681
884
388
101
534
276
332
951
591
321
735
657
110
216
899
234
879
588
845
664
616
611
565
861
730
69
969
206
460
512
933
410
54
587
419
216
602
985
592
830
130
497
395
846
427
863
716
697
63
159
371
733
231
594
668
418
202
158
364
288
335
974
716
411
317
168
978
882
699
379
883
280
549
937
916
637
483
687
584
187
413
872
149
7
430
483
190
415
676
825
408
698
500
375
49
504
483
975
999
802
490
178
296
155
207
62
279
851
382
938
0
136
763
609
662
80
620
449
954
835
909
919
469
41
905
49
793
354
210
8
452
722
388
593
118
306
53
418
240
824
920
93
392
708
330
965
894
383
219
743
976
606
38
474
744
971
981
148
943
629
271
871
870
495
287
591
832
736
682
204
643
788
902
449
118
275
179
130
659
187
600
110
674
862
848
859
199
508
645
110
955
405
25
875
818
546
566
223
321
975
269
279
105
287
617
56
467
419
757
219
806
71
410
319
928
206
438
889
100
719
823
337
952
764
270
194
221
138
144
242
665
967
902
151
804
705
365
993
131
188
623
734
11
986
780
691
18
454
87
770
803
37
660
314
989
463
329
661
243
643
362
477
877
126
723
461
747
263
667
827
793
578
453
95
250
454
324
775
157
888
128
99
700
738
577
754
785
731
965
495
405
737
842
256
631
343
314
498
710
21
50
209
738
50
302
589
796
573
667
672
752
733
67
867
216
402
951
186
786
531
258
837
998
202
213
191
803
445
313
478
562
352
530
285
247
544
74
417
221
546
652
243
140
952
732
715
136
721
165
638
310
508
469
953
140
396
60
919
666
262
530
738
943
993
601
694
0
936
791
705
927
147
399
165
329
183
592
206
482
482
357
153
134
39
643
30
721
514
981
569
486
773
833
6
52
523
34
420
345
310
115
171
346
995
981
816
253
804
235
502
634
258
405
67
971
181
2
383
986
856
317
89
870
220
999
199
186
566
293
883
352
754
298
723
479
805
483
652
781
395
98
475
6
254
409
739
456
255
620
978
949
767
897
184
944
792
916
91
614
112
377
849
966
765
233
920
621
344
737
627
708
747
262
597
314
514
214
18
635
466
681
703
188
223
292
317
442
878
63
377
758
731
772
577
855
578
399
182
632
480
57
244
31
856
658
523
833
127
681
839
8
814
754
308
582
249
559
241
826
78
91
879
14
90
915
86
91
635
922
117
407
449
242
238
144
187
65
504
402
815
147
832
11
711
253
726
571
237
501
729
955
730
705
601
607
436
49
212
942
849
37
724
932
268
99
424
640
417
177
506
633
345
438
979
477
777
712
754
629
887
934
312
886
846
785
677
855
587
843
17
604
810
837
121
700
853
187
580
775
427
532
358
226
853
123
484
439
102
40
370
588
269
890
77
608
909
267
364
579
201
769
854
206
109
787
621
558
633
278
303
267
568
256
275
183
785
786
582
121
515
529
417
256
498
885
602
775
141
998
634
165
41
255
361
14
17
738
389
862
938
895
683
974
136
119
663
540
689
960
53
154
255
55
184
327
794
710
17
236
441
936
525
93
179
473
938
549
537
857
515
321
140
305
362
208
898
538
517
158
691
458
175
361
562
874
825
735
478
112
949
775
441
155
527
80
56
346
2
203
881
752
744
152
985
791
476
218
88
245
289
200
17
577
513
497
620
885
880
771
183
377
306
307
455
584
784
468
421
542
530
565
468
822
946
400
255
849
449
652
155
357
552
863
206
91
654
720
81
309
813
968
646
745
291
6
795
524
299
364
864
946
457
153
658
639
645
671
374
726
993
619
219
633
5
167
899
526
207
175
810
11
476
478
175
201
596
388
715
661
264
179
814
986
65
420
814
626
288
606
808
150
575
894
668
152
801
440
575
154
808
618
341
238
379
226
924
483
202
488
412
528
729
886
802
42
341
746
709
54
446
411
388
863
425
919
566
905
949
299
290
729
110
793
747
818
421
433
879
69
379
683
349
512
930
281
672
980
347
443
383
843
346
118
997
85
587
595
450
728
379
932
939
17
796
844
507
961
891
413
870
926
152
871
872
169
228
673
103
937
908
491
23
758
340
265
409
524
70
226
63
312
886
820
989
2
565
586
310
256
263
721
297
27
572
290
120
115
641
458
884
270
338
65
350
682
231
483
918
159
701
312
91
257
445
10
277
415
144
24
581
144
609
534
139
569
712
907
119
609
576
596
106
351
509
6
493
877
418
965
715
928
328
284
220
744
158
851
952
265
282
365
686
444
920
798
6
491
933
881
423
288
360
554
235
767
311
352
54
718
483
408
771
511
294
974
815
809
316
719
734
984
749
477
728
824
370
22
555
746
87
511
734
642
448
154
778
116
661
805
844
434
400
606
690
604
761
939
973
659
65
353
977
807
604
633
487
863
469
750
277
240
584
555
756
7
948
255
142
482
495
999
406
895
6
175
386
383
113
872
737
86
476
729
817
191
399
828
480
195
437
618
774
422
852
437
397
899
624
11
986
692
246
499
701
822
849
979
613
772
30
930
357
471
477
918
20
75
505
463
165
365
830
297
215
957
812
514
777
884
631
142
127
324
428
68
214
50
75
965
227
178
476
934
817
365
448
818
403
409
519
130
474
30
912
755
616
727
943
71
952
175
780
401
434
171
252
604
319
534
751
651
131
490
436
369
44
907
897
565
880
359
328
92
806
699
549
525
560
892
741
592
719
101
6
900
873
40
544
994
919
866
331
851
861
873
657
451
438
347
717
392
473
371
106
540
505
259
55
173
475
95
464
696
79
368
696
723
723
485
561
999
60
227
665
412
260
712
907
999
337
586
460
357
513
844
785
861
388
450
75
625
154
726
656
992
241
269
566
845
632
805
910
839
62
179
784
748
751
873
240
87
821
103
69
24
434
448
583
845
210
654
705
307
437
656
355
696
357
6
783
741
823
255
423
401
180
662
580
96
383
497
737
929
642
763
407
785
245
79
480
476
732
368
694
212
266
504
681
281
843
102
640
189
354
365
224
34
351
200
603
468
993
417
234
665
556
540
725
593
530
641
477
936
387
676
388
161
159
374
453
89
998
989
820
59
599
413
193
487
774
964
55
963
779
270
593
636
996
58
401
703
240
253
126
806
818
303
584
742
738
378
572
928
917
947
456
252
294
629
26
174
328
237
798
453
520
647
960
109
129
258
737
668
638
787
211
601
404
829
940
638
933
850
698
263
578
107
749
972
491
787
651
974
363
421
78
373
830
884
771
495
333
728
683
603
88
387
66
295
731
474
297
301
308
129
248
500
961
248
876
982
871
876
279
161
435
500
274
987
429
67
690
186
660
902
57
659
267
153
784
262
60
311
624
275
209
311
663
234
515
260
347
347
630
367
149
741
307
898
210
589
81
764
199
984
428
126
123
812
954
932
8
811
922
261
544
609
350
438
200
465
635
620
861
695
867
482
520
587
214
563
307
776
920
288
9
350
369
803
6
341
31
844
881
177
520
157
806
444
16
94
81
653
918
977
764
686
721
452
940
301
863
151
171
707
651
968
912
947
216
508
754
820
427
703
562
61
3
885
344
222
336
821
81
658
170
774
536
75
437
726
713
620
371
635
537
103
821
345
662
630
112
401
537
388
704
595
501
31
521
770
955
947
541
430
997
538
201
154
42
386
99
767
905
271
124
103
789
987
818
450
835
657
470
759
182
483
201
91
436
385
428
459
881
390
905
691
648
14
228
55
600
970
631
517
396
853
450
24
237
411
599
849
497
216
110
501
703
105
632
774
332
84
759
713
965
420
73
915
614
8
474
322
122
211
264
404
296
162
615
984
785
526
229
534
267
694
124
869
441
290
808
179
974
21
280
203
967
936
265
98
289
370
570
914
178
61
336
867
268
188
890
942
49
512
82
304
524
139
482
275
456
637
855
118
902
20
234
655
304
135
537
781
33
614
152
642
255
31
288
561
732
590
958
713
247
585
901
911
138
800
953
458
401
307
735
622
415
307
540
969
784
312
52
455
24
189
61
695
232
668
869
155
131
955
235
961
513
319
472
851
62
589
450
795
852
24
986
997
102
834
851
895
869
260
753
626
197
474
345
643
116
611
668
64
197
66
615
522
371
792
215
637
743
85
891
516
302
550
513
237
573
216
26
769
146
872
478
280
510
779
728
376
360
3
115
923
685
112
191
290
268
910
862
996
120
594
132
231
372
205
268
145
460
209
137
835
862
802
378
416
677
608
467
223
14
82
477
640
106
207
741
66
510
611
717
403
482
556
976
929
809
613
836
209
422
822
457
924
708
68
442
987
234
869
966
303
51
384
862
815
732
932
37
239
589
195
452
611
813
345
486
920
542
957
109
932
136
936
996
775
444
927
969
751
943
664
363
912
96
212
949
851
914
526
63
105
857
199
788
797
917
794
878
686
159
455
293
561
305
628
443
448
281
991
154
889
852
28
7
926
903
229
525
107
971
903
743
17
116
990
810
205
354
137
365
32
843
685
224
93
920
905
959
383
819
641
448
859
301
662
715
605
142
132
685
423
769
637
206
767
767
759
179
509
976
806
635
673
490
463
49
7
463
707
173
664
48
355
723
869
119
461
511
588
878
651
627
916
203
296
586
464
125
735
661
653
123
896
786
641
329
433
20
999
706
639
926
223
616
113
370
340
958
251
363
97
828
343
389
184
923
53
426
338
431
180
66
331
692
435
654
614
304
67
696
571
707
32
260
847
559
987
415
976
690
999
976
2
100
66
849
46
865
72
7
258
786
714
574
723
334
914
809
651
690
138
742
649
285
824
164
698
834
348
660
426
749
922
256
287
196
242
928
330
992
654
82
682
942
724
201
486
994
691
501
395
474
921
395
436
278
943
892
55
259
869
809
623
320
845
59
783
270
324
446
879
22
295
80
974
842
633
11
26
366
853
449
399
508
312
0
882
817
984
841
843
839
515
872
448
880
586
707
703
396
331
269
219
228
423
168
86
20
222
967
764
177
417
582
271
296
717
738
155
520
942
679
302
435
822
172
328
397
834
996
374
510
844
366
689
110
396
717
84
199
40
70
334
434
537
31
58
471
629
836
700
562
8
486
588
363
620
665
904
659
1000
661
241
469
742
15
45
250
240
306
679
226
937
905
385
908
91
935
863
113
578
153
914
876
837
75
703
532
567
349
35
944
165
178
124
785
204
865
857
195
440
724
901
133
850
683
785
652
626
573
432
900
392
596
471
946
952
471
235
773
829
858
861
555
812
963
697
93
239
872
639
308
618
490
955
548
492
400
144
746
88
230
894
692
729
702
1000
219
602
164
212
836
926
341
999
347
411
636
746
954
622
95
924
712
122
807
631
284
137
682
355
763
416
397
224
744
13
54
933
228
969
858
452
66
414
110
815
405
306
292
703
48
957
438
724
551
437
609
834
810
621
467
260
92
151
506
516
169
763
76
862
996
104
928
946
526
883
993
160
364
36
497
584
981
147
372
535
728
242
510
584
190
80
530
450
617
831
991
239
60
266
824
186
834
318
281
271
873
13
978
365
885
338
228
51
744
395
213
865
433
680
388
546
204
215
753
527
508
124
697
717
313
168
868
788
812
53
447
386
419
523
572
38
649
611
995
618
724
730
584
702
411
762
272
234
493
492
324
310
959
429
207
915
801
89
413
500
288
687
10
627
662
162
383
477
96
454
982
907
961
952
4
786
369
226
454
13
352
474
537
898
922
14
576
119
995
538
975
699
644
53
441
650
696
38
655
783
957
867
52
662
413
687
779
69
96
478
639
892
467
285
997
339
637
609
534
792
285
260
701
977
752
862
209
288
63
764
146
13
980
42
602
268
639
126
311
49
344
589
798
730
444
556
939
432
366
403
815
712
718
97
253
410
304
545
993
957
906
44
247
706
941
843
169
696
643
495
847
177
951
89
314
500
753
272
645
515
130
457
826
572
464
186
931
88
750
469
411
452
812
89
925
676
371
854
299
561
293
317
469
384
242
649
44
86
307
190
501
349
505
295
715
381
617
967
867
844
297
399
554
421
967
466
455
221
92
270
739
64
641
679
101
142
307
394
578
162
889
895
467
975
554
371
568
60
394
438
509
732
176
563
249
153
271
41
11
592
212
540
652
316
601
761
712
615
784
387
449
578
929
740
607
177
900
538
682
114
197
372
140
552
436
587
737
527
957
185
282
582
66
984
994
482
268
982
166
505
334
354
134
559
251
436
560
226
652
643
350
695
291
896
151
115
88
297
258
60
440
626
592
464
73
118
871
165
339
854
377
469
381
952
108
125
867
465
272
137
479
138
18
800
595
906
769
453
697
184
259
125
528
126
837
732
883
920
594
293
222
453
357
910
101
767
792
264
380
604
856
409
273
465
660
545
947
864
530
872
113
197
602
472
684
11
223
890
691
239
740
168
186
361
697
244
491
322
543
489
581
462
408
286
10
204
396
160
576
793
812
366
685
426
675
701
760
906
592
189
930
914
300
211
893
780
826
369
305
330
726
222
916
946
187
763
897
130
349
520
575
15
359
737
309
684
548
791
0
732
828
364
107
656
0
956
921
416
745
666
526
645
112
530
690
993
764
579
689
951
586
83
749
153
963
210
112
919
230
102
305
713
920
633
964
166
244
317
978
542
92
792
484
844
745
536
131
638
282
428
902
301
907
954
498
127
781
816
304
278
998
581
492
162
696
958
791
19
701
58
955
520
19
91
473
904
74
272
121
419
254
809
810
751
526
822
145
950
547
538
587
103
7
816
241
901
559
580
639
513
187
589
338
954
575
189
603
266
25
886
669
229
972
911
239
534
922
19
402
138
304
373
155
138
216
511
420
838
15
429
315
347
52
638
331
805
856
188
214
242
523
373
967
735
362
196
37
347
251
731
637
37
729
535
287
851
725
957
488
922
617
445
445
418
525
108
201
66
59
206
198
134
640
110
67
427
190
349
550
757
143
521
873
558
808
248
755
316
371
615
621
662
814
848
149
24
367
224
197
35
224
313
471
910
715
326
946
569
531
799
670
585
434
67
993
908
364
487
87
866
466
6
857
130
98
276
303
188
753
853
427
831
963
120
971
673
28
890
968
514
33
721
51
527
163
162
330
327
535
442
631
703
995
560
622
169
542
444
601
69
593
978
126
345
726
927
657
519
539
523
886
386
981
41
370
207
846
715
818
887
351
316
962
490
681
554
265
714
845
487
967
289
267
167
714
827
69
309
985
416
471
61
643
667
965
430
590
241
467
748
96
219
628
324
943
823
720
647
525
733
491
81
875
133
572
900
0
500
594
592
492
320
724
723
509
343
888
777
700
588
689
664
145
728
280
104
723
960
985
611
264
24
596
860
560
555
566
502
187
739
268
581
677
325
671
836
735
964
550
718
178
459
909
450
388
909
331
365
479
94
81
806
62
155
584
462
544
969
250
416
129
631
901
300
860
457
893
582
639
907
268
166
323
204
734
270
111
291
846
505
877
615
827
499
299
518
987
544
370
453
306
465
810
885
875
50
849
200
173
522
518
582
254
988
662
105
711
340
258
437
523
198
136
308
979
809
600
808
377
713
77
490
678
56
659
241
881
614
10
177
37
596
1000
702
503
797
537
903
388
52
691
269
107
337
235
426
294
232
921
545
228
588
520
21
988
507
441
742
510
993
200
472
683
329
898
805
643
217
523
739
991
854
661
212
447
560
440
620
208
853
401
492
793
271
47
186
329
719
633
726
399
729
563
97
783
155
150
726
874
358
6
688
217
367
547
786
494
520
774
735
365
396
308
296
692
140
296
258
739
974
309
97
756
318
532
734
479
95
883
338
709
809
873
756
972
799
650
540
510
820
549
286
142
706
565
110
386
528
395
709
253
667
729
321
896
3
33
729
121
284
78
341
762
909
292
407
629
734
921
329
331
341
99
512
125
739
749
386
381
513
556
468
587
576
10
165
235
38
280
888
266
236
644
731
754
741
459
981
773
610
442
565
427
448
254
259
577
302
827
404
816
922
220
339
926
592
459
691
236
897
775
687
677
846
610
541
448
403
59
803
926
508
948
227
578
250
659
98
25
847
688
6
139
591
852
115
662
927
772
262
732
798
776
528
853
856
927
160
978
682
863
338
349
93
828
592
871
78
716
532
412
676
80
806
638
579
200
463
396
229
767
69
391
974
302
484
706
392
200
219
314
636
603
247
246
679
394
234
764
536
322
464
414
469
675
243
705
687
306
772
727
473
188
338
930
609
189
821
149
162
901
174
740
607
831
858
557
688
289
29
555
447
194
525
916
759
796
322
304
201
437
834
138
271
165
856
696
694
235
1
303
521
942
576
640
90
589
956
160
397
869
679
113
382
538
480
7
456
893
80
714
685
676
903
646
826
488
974
613
645
586
359
494
200
840
479
239
392
210
465
146
197
616
183
622
659
849
27
252
586
337
856
576
653
604
367
203
717
332
813
649
151
823
220
992
521
291
768
72
296
313
36
337
388
668
314
158
76
911
323
891
291
890
76
111
897
615
77
976
168
532
588
671
653
137
46
799
444
120
358
42
72
11
720
972
324
24
198
846
714
735
193
426
826
702
942
642
162
805
551
802
993
310
811
323
806
950
22
128
519
72
261
627
471
970
762
551
272
133
468
384
69
887
128
43
90
848
214
799
207
879
499
51
112
546
293
887
542
439
474
135
203
282
254
614
257
82
547
991
610
570
113
575
716
218
548
866
41
523
484
320
801
243
300
510
363
246
879
951
484
337
921
443
540
274
948
687
675
326
447
470
568
299
895
59
913
339
336
20
809
581
581
251
930
856
265
431
635
863
242
945
60
662
75
415
952
230
980
48
718
905
240
585
756
205
869
318
666
619
777
839
371
266
222
271
328
227
633
11
727
449
621
870
650
396
793
89
710
456
557
531
597
310
365
399
632
35
923
406
261
713
818
67
89
743
631
840
212
832
313
714
552
975
283
364
380
606
650
977
733
709
446
280
64
325
461
714
302
985
976
217
934
566
872
982
644
564
856
785
812
962
671
148
141
65
65
579
128
850
624
793
52
605
452
542
561
485
95
7
454
110
40
485
933
615
14
269
624
675
717
775
838
667
477
927
107
475
365
298
515
973
156
729
286
153
467
405
803
89
769
496
687
124
635
782
990
851
520
355
999
148
861
49
749
284
696
867
975
876
612
884
647
580
558
179
696
282
157
265
255
250
645
69
184
395
105
991
847
21
797
341
57
768
27
956
486
911
959
465
116
594
803
798
109
563
396
747
657
44
486
623
336
310
87
887
245
680
95
360
467
633
244
65
999
650
933
619
737
399
93
216
20
84
230
549
768
838
843
240
398
944
242
817
740
165
124
783
547
393
77
717
557
745
134
102
607
97
650
594
673
422
858
825
557
190
282
750
438
77
800
941
53
816
783
27
643
469
713
271
884
604
559
726
838
438
200
439
46
802
815
418
477
879
147
672
442
677
849
381
952
242
94
601
816
946
495
743
969
161
9
658
163
506
344
624
247
24
840
534
125
847
568
796
815
487
846
402
775
228
384
469
883
316
961
649
49
479
67
556
124
678
571
871
674
215
802
756
736
160
913
583
708
971
409
737
98
929
977
812
768
860
436
143
291
307
825
251
708
746
13
161
264
4
412
629
553
972
600
37
470
468
678
721
831
301
870
830
958
230
22
694
483
301
322
844
984
981
781
782
855
938
885
301
289
152
954
539
53
201
233
960
632
592
64
557
383
889
516
764
300
119
866
52
630
145
657
643
984
388
649
818
201
167
794
350
318
889
74
470
71
190
967
119
146
257
460
643
368
907
743
539
252
671
588
95
28
904
884
925
120
872
855
147
43
938
416
463
481
270
789
499
826
146
894
951
159
154
917
999
639
186
509
789
949
658
199
503
87
212
10
379
385
1000
79
291
321
670
462
694
187
111
840
379
708
402
405
197
828
263
421
119
693
213
541
926
744
200
378
633
859
630
548
598
571
424
613
451
560
913
205
138
1
513
634
868
695
474
456
237
54
847
890
440
878
863
925
734
6
380
997
578
509
104
366
953
427
761
733
296
193
607
749
736
562
335
982
131
614
742
300
228
699
196
167
867
655
401
984
835
584
837
329
170
584
709
366
917
979
706
119
972
242
610
963
525
459
728
887
604
936
768
962
697
157
356
505
515
132
16
400
157
73
227
641
388
952
702
16
803
467
922
120
826
842
436
281
859
29
859
815
396
247
978
84
8
312
399
140
970
2
21
891
2
819
970
805
473
654
734
552
30
620
150
541
415
771
197
703
190
95
925
633
90
515
980
84
839
998
681
185
22
602
383
471
980
646
35
152
612
315
580
302
61
437
365
122
503
394
719
54
78
752
611
611
477
25
245
408
232
323
582
210
673
852
991
984
802
864
621
478
933
677
935
158
991
139
825
737
589
985
686
402
861
314
422
6
285
975
165
334
541
149
508
453
862
55
857
41
758
792
745
180
564
862
885
782
696
694
813
722
585
138
440
167
40
580
622
215
513
407
785
968
223
815
618
82
531
157
387
348
973
234
914
181
313
103
170
398
686
815
163
343
404
828
715
339
369
622
496
830
306
751
275
916
312
143
98
464
300
690
907
380
414
6
192
744
456
18
660
794
780
698
677
63
166
672
427
143
497
204
87
371
73
544
730
618
412
441
687
363
525
299
129
705
886
877
134
383
744
543
404
323
901
23
970
218
935
138
826
695
649
629
729
28
640
914
631
340
765
555
614
743
239
10
161
392
504
625
583
491
866
787
317
634
811
749
680
131
505
548
137
345
624
418
774
187
563
158
851
851
389
19
397
759
740
496
30
874
751
42
405
653
987
710
497
147
318
310
942
530
619
597
657
278
61
841
601
633
611
901
919
279
408
649
578
973
474
480
356
347
686
877
490
913
740
857
902
905
126
99
704
69
224
629
659
504
172
177
875
877
20
138
18
258
316
471
722
875
891
599
743
841
205
412
749
455
436
419
411
452
457
787
146
340
2
307
484
536
539
661
490
833
235
252
724
776
385
529
416
414
377
603
121
149
781
625
853
658
390
965
559
636
430
50
735
126
316
940
451
982
53
803
423
344
379
737
1000
328
256
611
5
681
61
357
345
162
723
501
288
361
591
914
6
658
737
260
754
347
525
949
211
747
179
332
878
922
839
672
467
502
675
196
389
488
746
576
924
68
446
571
37
275
29
800
598
961
852
326
186
916
405
606
603
302
753
987
347
537
414
311
667
920
431
832
958
784
233
620
756
87
675
255
574
572
845
274
776
345
412
111
832
614
996
94
851
621
180
992
611
561
171
964
1000
499
419
756
656
716
478
699
395
6
502
313
455
620
971
629
166
380
98
756
514
952
484
652
572
299
182
51
944
829
59
114
788
727
637
215
185
625
226
873
787
174
801
191
466
922
960
479
786
728
430
351
78
573
589
955
40
704
374
618
170
575
823
566
743
912
127
206
7
255
108
110
533
237
342
348
944
974
159
348
306
291
769
533
130
849
176
470
183
232
622
421
141
965
354
767
233
136
568
945
135
74
756
967
622
141
208
725
249
878
330
610
793
594
312
154
296
552
113
103
321
910
958
879
934
359
280
282
282
309
413
655
339
158
271
374
438
661
52
8
972
725
440
488
696
194
834
282
492
119
474
819
425
730
455
685
708
787
702
525
773
373
283
44
414
838
435
383
546
340
635
636
47
8
190
114
392
685
210
1
920
717
274
485
597
314
28
752
382
472
662
552
38
836
49
835
441
316
499
157
373
550
290
525
111
889
493
473
114
222
894
670
11
645
1
89
857
786
696
267
102
304
407
7
541
766
478
964
997
256
452
240
3
961
189
606
882
251
198
868
282
525
910
333
16
399
350
938
880
97
49
375
98
104
925
179
863
532
649
116
207
517
958
761
175
807
611
497
304
382
897
305
972
877
918
51
676
407
752
777
200
498
256
757
356
361
139
205
777
67
478
990
961
831
418
756
546
355
876
887
141
970
116
319
854
593
92
631
20
27
47
406
808
805
322
520
357
21
187
602
176
337
721
499
429
653
914
585
371
967
673
154
650
427
597
145
48
819
242
625
102
551
347
537
547
863
888
577
133
700
938
3
616
871
710
308
546
372
522
782
89
242
534
423
847
836
75
813
804
203
15
68
999
933
909
465
922
615
841
796
477
678
672
891
300
761
879
89
266
776
267
196
797
403
297
831
826
206
437
524
20
284
102
482
807
59
517
130
88
771
235
52
732
431
205
391
827
400
501
735
567
115
111
329
714
444
170
732
386
214
571
63
257
307
95
394
385
280
374
323
861
604
906
709
469
102
498
217
450
743
896
886
980
41
286
262
716
918
406
757
669
470
835
601
932
406
98
819
143
343
415
948
179
953
316
137
79
30
512
725
546
779
279
662
262
402
168
722
69
945
891
491
781
777
264
417
913
220
117
516
248
664
253
289
637
687
245
399
445
221
887
387
415
59
649
729
728
975
135
816
227
412
555
532
382
606
632
908
193
951
199
993
626
854
767
748
12
771
42
625
473
875
998
789
11
701
370
436
976
468
775
972
237
301
434
221
155
622
652
585
896
627
499
711
757
986
985
573
683
939
426
372
356
594
427
367
680
382
383
883
568
995
348
526
331
628
403
120
540
896
776
75
321
314
7
936
875
267
934
924
943
220
162
736
577
440
230
674
624
553
468
446
415
389
119
665
133
234
909
334
529
688
129
650
167
374
25
623
978
840
849
13
480
8
648
767
845
880
136
168
767
754
241
453
127
625
559
692
657
999
504
652
346
460
843
163
255
733
225
740
876
302
171
969
163
930
590
262
688
838
349
899
888
295
632
511
926
135
79
286
307
359
52
879
293
72
458
854
591
144
586
264
875
657
815
290
197
973
270
560
127
640
73
23
159
582
202
176
464
21
566
981
674
793
783
563
903
582
516
805
775
869
456
130
775
837
370
804
764
893
74
424
736
809
924
820
673
786
557
550
481
313
843
686
206
602
237
2
466
978
767
12
126
256
494
280
722
236
162
977
376
275
227
156
581
533
254
207
912
908
408
684
206
708
738
692
10
651
794
980
620
648
638
528
292
694
197
671
825
650
991
659
466
473
528
14
16
463
358
692
748
248
304
380
159
629
756
877
114
577
938
20
702
708
556
840
635
658
639
211
482
539
596
547
125
933
350
797
156
118
268
422
711
405
368
184
146
370
138
494
402
844
726
870
601
940
154
760
851
134
522
823
378
827
924
191
832
664
702
990
930
278
956
400
984
540
565
657
201
688
802
180
213
476
791
550
493
260
747
211
345
932
68
173
958
365
659
311
986
918
368
620
496
323
602
474
141
850
696
575
441
266
137
421
479
537
603
566
49
578
380
500
862
161
398
678
686
409
160
423
847
830
241
671
302
364
122
669
414
622
402
463
949
725
534
346
317
650
4
169
227
938
309
310
852
761
938
706
583
410
527
213
861
512
582
133
817
440
110
800
156
179
164
328
619
817
797
405
973
739
880
564
538
581
260
912
369
437
692
432
897
749
325
218
336
965
693
484
798
729
896
119
379
879
773
453
847
552
199
223
344
553
953
763
191
944
166
482
383
727
766
720
426
738
538
91
763
160
720
210
230
131
14
469
545
170
386
811
838
811
488
747
250
616
316
463
7
600
638
788
520
463
107
179
995
357
146
866
22
696
909
16
448
952
210
271
178
272
473
179
768
670
615
297
371
273
639
377
772
112
551
706
798
779
235
697
920
781
604
155
860
408
348
621
482
954
168
390
524
232
871
25
625
138
742
582
44
174
631
963
558
917
194
761
359
105
511
378
600
850
777
225
466
755
699
695
182
304
840
745
418
394
462
828
157
153
499
684
788
529
904
427
462
644
858
326
60
969
868
811
133
601
532
450
898
699
196
713
156
835
324
899
148
669
231
811
138
323
725
6
250
847
849
192
867
387
774
625
562
662
608
859
963
3
679
323
390
31
180
104
298
103
720
264
865
1000
534
685
359
976
200
600
938
407
488
696
179
639
114
792
766
776
79
339
499
161
763
714
45
579
565
784
261
67
805
165
636
891
506
168
904
315
705
893
71
110
156
854
35
559
791
278
908
733
999
80
967
906
6
815
884
994
633
674
723
884
623
982
656
414
649
465
612
740
433
163
736
627
763
597
415
769
185
448
407
987
656
396
85
997
105
991
315
228
447
180
382
844
363
998
776
939
42
730
347
108
580
806
404
662
583
808
2
819
355
249
73
84
917
873
597
597
223
194
404
533
439
723
490
963
484
619
29
129
868
927
995
418
283
592
469
11
467
913
824
397
833
273
843
79
750
788
60
801
734
490
345
457
880
673
528
926
854
97
49
484
615
969
728
124
885
411
981
242
578
22
607
919
884
700
572
851
699
694
1
428
217
590
778
113
879
943
529
346
341
64
386
2
617
519
215
85
465
267
848
14
709
793
160
197
717
84
773
107
147
629
493
905
458
51
941
444
857
400
283
771
496
268
247
40
572
988
206
886
783
10
166
20
699
360
788
509
482
895
81
60
315
639
902
647
981
288
991
894
600
657
134
410
866
571
230
256
489
796
148
244
65
406
156
252
226
550
78
532
68
388
56
17
0
727
347
739
718
354
211
736
943
604
656
407
411
685
322
810
952
53
308
813
12
271
695
265
338
522
382
608
569
732
645
318
366
904
445
663
873
418
603
338
617
820
237
101
830
496
432
485
912
676
974
969
798
597
578
915
126
598
334
73
284
736
186
128
359
194
894
102
322
501
964
41
604
159
496
761
555
681
858
568
366
268
457
695
269
226
462
617
316
372
595
867
987
268
410
652
821
579
619
195
416
739
72
810
312
225
604
324
433
827
24
176
681
712
563
230
748
116
661
354
413
189
582
921
390
106
494
654
641
310
98
957
446
908
571
642
669
837
18
391
46
164
276
725
60
370
915
422
290
810
671
875
556
876
735
37
681
139
685
196
546
863
305
123
705
640
18
834
967
827
693
26
184
716
614
926
20
89
628
369
896
21
852
23
193
3
312
10
252
108
206
909
102
984
763
101
162
678
574
981
338
245
867
959
108
942
162
320
177
727
841
47
770
55
216
413
349
896
535
771
967
136
881
451
980
111
490
225
996
147
105
506
225
684
537
848
284
151
969
484
991
360
245
623
325
591
435
12
943
88
178
443
896
192
183
579
424
224
322
232
382
756
612
869
441
422
254
21
858
979
204
27
225
75
25
197
446
896
568
31
147
398
38
85
318
893
512
815
254
256
322
585
913
387
216
824
105
15
799
266
240
491
961
917
755
444
655
65
488
145
594
773
31
858
201
419
452
439
653
245
128
679
842
413
178
715
697
957
443
975
31
506
518
816
721
888
817
518
628
925
484
365
619
102
712
982
981
365
520
939
520
521
810
655
522
246
449
118
14
149
254
351
41
126
252
987
622
241
168
894
199
934
734
433
141
657
200
564
506
508
683
89
211
857
633
358
758
75
728
765
997
584
175
411
943
442
944
891
664
310
196
322
910
651
682
868
840
164
760
878
667
630
47
700
685
234
775
239
237
559
963
734
120
5
685
173
665
435
93
526
560
521
130
629
589
567
778
305
259
385
554
151
111
177
719
226
85
731
721
436
136
549
838
951
521
930
835
871
101
19
619
274
354
599
772
591
295
634
409
231
861
382
53
419
304
529
480
442
417
189
591
366
189
35
712
991
991
963
782
277
228
38
435
97
541
775
497
733
903
939
704
511
232
514
834
403
674
996
586
297
871
815
547
661
413
1000
949
10
177
275
254
858
987
532
400
873
477
900
787
61
45
29
463
859
148
499
44
101
729
817
498
325
761
49
123
231
791
557
321
547
185
809
88
352
398
677
579
323
703
331
431
595
379
387
228
370
507
293
410
468
947
164
149
913
59
427
160
941
388
756
870
253
238
330
161
984
713
641
243
287
354
253
854
836
584
156
480
786
600
682
23
995
882
141
680
616
128
784
341
928
764
105
781
898
692
642
723
986
470
727
666
456
283
414
258
297
362
885
436
162
634
278
22
393
319
783
436
50
984
516
450
552
763
515
775
624
346
375
859
283
760
170
797
161
201
596
483
181
438
375
256
943
948
466
914
858
599
523
972
475
297
56
846
652
991
826
717
432
335
458
229
339
638
400
528
852
948
145
673
496
560
35
307
209
794
455
514
328
814
524
576
263
870
664
464
610
338
74
474
962
508
854
72
366
977
516
754
828
545
706
815
937
765
3
427
366
557
490
271
760
85
611
952
433
681
632
607
496
722
966
856
176
574
618
992
264
670
808
307
31
671
485
735
742
582
548
661
993
537
645
152
321
553
750
332
57
843
554
622
922
79
132
407
946
161
577
636
739
106
501
231
726
129
991
95
367
828
933
525
988
161
25
754
196
649
895
832
385
588
114
961
921
842
141
352
256
762
383
759
186
494
956
40
349
852
291
137
486
873
25
478
895
43
302
515
786
824
399
834
249
601
768
178
600
257
752
383
679
785
725
482
541
264
522
453
660
482
756
201
313
314
951
716
843
392
975
446
502
23
552
660
863
163
532
140
755
69
864
667
431
827
116
708
428
407
954
663
60
261
52
206
16
39
440
844
133
865
44
871
504
748
306
107
818
5
990
816
188
573
365
312
842
815
843
708
13
665
403
537
803
819
411
643
775
222
950
0
862
982
608
743
170
518
73
648
291
718
19
749
457
820
15
426
358
124
546
590
681
338
14
212
521
503
361
105
251
794
867
473
296
181
60
61
626
348
671
18
842
282
65
320
331
357
35
532
273
258
374
775
560
952
68
971
225
725
997
30
120
974
246
546
817
295
94
197
272
336
108
637
672
132
341
488
858
814
577
150
530
111
566
51
266
319
513
95
514
346
443
426
9
742
808
450
659
808
702
92
464
277
329
860
301
294
416
579
303
781
458
218
918
494
866
516
158
73
284
77
364
356
921
140
86
96
467
620
905
331
438
1000
303
50
941
45
164
716
365
226
681
933
694
935
605
878
641
107
610
545
192
614
131
663
418
596
210
329
337
226
545
397
423
805
903
26
482
230
277
1
622
907
486
909
965
915
348
324
762
129
210
145
506
609
24
564
489
584
778
750
666
385
894
191
809
439
860
130
424
451
300
144
858
667
226
429
615
36
77
616
663
670
299
46
161
438
893
485
248
941
406
428
162
681
437
292
312
203
989
250
699
422
746
265
367
191
155
177
454
327
775
391
608
447
960
912
761
419
909
34
847
872
459
458
732
376
718
137
948
705
645
885
373
64
240
669
215
677
747
921
955
815
337
946
628
489
25
488
633
606
153
684
525
154
518
485
417
735
451
881
823
393
401
969
447
301
790
49
764
219
956
653
522
734
508
967
583
666
545
486
241
730
292
824
562
143
970
647
455
963
676
535
550
85
786
517
644
465
514
494
674
223
543
658
491
791
410
796
633
949
845
167
247
524
903
499
268
32
361
105
545
1
71
506
306
380
394
305
560
893
386
478
966
671
429
505
599
104
18
429
233
884
471
82
240
661
143
147
781
381
310
312
256
206
435
854
94
241
248
129
517
598
19
134
896
380
74
524
308
59
687
520
673
857
714
277
480
759
291
595
539
533
858
737
885
933
413
822
217
741
646
546
975
63
616
250
553
805
690
66
749
719
619
581
268
563
349
80
420
433
1
59
544
726
586
142
392
744
30
987
277
257
632
398
380
512
20
2
117
911
700
771
450
614
662
311
640
66
691
850
178
716
309
946
829
717
560
251
673
142
430
376
909
744
203
816
790
104
192
224
743
35
279
771
403
15
250
800
233
5
214
960
337
636
569
780
258
423
61
134
550
841
130
404
575
525
901
158
249
683
944
140
471
620
349
15
266
607
728
525
264
123
464
549
349
433
312
216
994
277
386
357
514
817
503
881
568
497
217
870
207
617
462
630
849
414
577
685
627
805
756
357
42
205
676
304
655
286
387
95
496
613
576
242
988
929
33
736
685
867
655
882
778
690
53
226
987
8
379
244
269
501
907
353
910
408
358
937
100
582
554
382
524
541
155
134
852
304
852
355
549
473
468
626
533
891
402
326
557
94
125
714
380
526
340
426
772
463
505
388
195
443
157
961
