478
930
278
155
754
714
962
194
96
984
403
945
481
953
324
649
120
763
247
856
256
487
217
423
189
901
525
484
555
992
941
210
543
752
156
468
870
438
155
297
290
987
136
808
230
821
177
307
270
611
737
805
534
343
686
657
34
888
761
882
518
798
997
365
358
135
794
915
804
727
742
489
266
298
778
240
723
993
12
437
75
400
304
222
142
851
954
533
192
623
579
448
206
179
470
778
138
683
567
893
547
586
421
593
941
557
596
353
541
763
715
38
398
518
498
385
905
251
804
204
391
163
458
809
604
34
170
936
130
833
194
86
22
225
740
619
324
240
77
76
666
103
548
295
400
194
349
859
46
726
608
742
659
405
686
875
690
412
553
454
882
71
814
676
288
535
156
172
930
401
250
570
747
932
363
781
277
966
162
230
785
931
852
344
791
557
502
846
578
889
658
867
29
990
575
921
393
671
448
42
631
458
359
14
156
427
184
725
54
738
197
109
206
460
400
599
676
458
158
417
841
189
905
835
720
543
642
782
789
464
569
411
69
879
133
411
405
183
827
13
53
462
463
866
595
914
968
545
237
994
388
833
456
305
92
938
454
471
395
301
326
953
525
849
448
230
48
985
200
530
544
128
897
193
506
419
696
35
180
552
963
152
145
96
595
905
871
147
972
882
227
13
583
914
235
583
537
924
857
517
177
3
910
529
768
355
35
185
124
837
717
438
371
763
922
972
626
127
2
826
903
985
749
478
804
63
465
230
138
940
998
282
643
818
879
8
150
416
828
395
487
269
432
149
342
228
429
773
51
320
898
989
851
770
581
805
632
326
362
594
145
632
190
842
358
717
520
543
356
419
614
245
527
230
765
20
993
53
126
837
103
36
815
308
510
128
565
334
441
362
658
808
960
867
368
307
226
593
547
236
938
306
610
749
449
880
536
308
533
55
689
996
413
301
863
850
142
994
82
958
0
509
260
719
808
939
744
24
873
340
258
376
332
797
305
676
593
261
413
393
738
154
807
632
542
612
529
63
40
138
203
591
15
105
129
773
747
658
747
622
60
262
66
581
218
452
407
86
25
950
447
578
887
110
178
624
984
140
949
61
327
175
274
171
119
167
137
598
601
939
553
18
279
196
31
449
633
202
107
532
213
197
64
555
615
255
723
665
692
798
573
606
628
85
124
396
142
918
5
951
23
63
824
154
889
127
59
176
115
549
609
118
820
726
544
671
593
764
841
944
759
702
766
852
456
895
800
514
52
315
835
505
702
95
228
464
239
38
910
613
34
42
126
443
174
937
281
134
55
382
208
670
470
174
475
610
35
468
890
1
806
792
310
63
888
731
657
937
820
594
248
263
323
393
562
187
804
761
783
606
269
490
458
343
43
748
27
346
478
775
671
154
497
924
29
346
659
976
275
315
312
456
330
289
211
827
96
466
899
13
203
867
65
986
230
220
364
423
868
386
398
623
962
24
414
86
171
201
600
940
202
633
331
965
786
978
964
941
923
4
317
773
544
830
839
662
180
580
39
673
816
241
975
131
532
159
515
535
562
131
651
308
833
947
158
934
98
799
203
904
653
493
644
327
659
852
548
358
651
255
289
650
545
816
215
520
432
451
952
58
611
558
522
338
516
70
534
646
395
350
527
254
977
175
598
375
44
156
920
17
791
306
582
240
107
400
896
852
926
228
540
590
375
30
752
393
143
841
336
592
653
356
419
311
532
52
95
145
315
353
775
422
437
347
263
273
670
207
620
760
762
165
296
332
758
487
649
676
556
647
168
204
228
990
604
762
440
412
720
17
402
238
967
664
968
14
136
579
248
47
557
986
230
164
635
898
45
788
613
962
609
109
772
387
62
18
900
397
571
302
513
369
943
471
648
468
450
967
408
135
241
708
643
311
43
682
698
636
636
446
343
865
377
661
346
781
743
398
421
53
335
322
920
786
99
891
800
605
228
621
8
451
688
44
643
421
458
666
497
368
780
574
573
842
208
233
760
438
236
472
319
936
302
34
580
794
474
468
703
684
393
684
5
182
951
362
887
777
209
354
771
857
370
997
600
921
671
41
809
678
91
977
570
559
848
349
537
659
988
559
405
683
252
619
928
988
771
355
736
208
518
270
189
338
153
664
549
233
79
325
961
232
507
302
717
540
299
141
292
322
944
445
579
626
128
441
441
729
798
846
381
123
351
698
292
990
987
389
47
224
761
83
402
302
263
229
806
337
529
102
280
459
286
529
869
638
823
661
200
213
474
839
48
766
687
677
878
722
109
433
84
969
995
602
197
92
49
195
503
984
829
151
600
955
548
135
545
952
887
75
998
985
946
938
259
955
194
66
879
391
611
920
680
57
336
453
868
220
878
26
719
83
299
291
17
900
375
981
646
105
353
769
557
260
146
459
633
613
345
218
158
589
224
155
890
245
827
705
867
36
668
470
719
614
257
487
495
857
57
170
506
481
2
54
797
263
923
315
287
238
302
241
777
584
267
575
595
67
721
446
580
838
190
401
536
123
976
258
191
331
473
730
557
296
361
64
302
625
233
74
173
168
769
799
460
117
705
266
244
425
818
585
793
654
64
81
771
470
794
411
665
562
140
547
997
873
705
688
856
511
891
491
67
312
401
310
867
399
348
180
53
267
603
992
752
192
822
695
850
884
743
244
671
469
431
693
588
845
526
571
168
968
82
915
781
951
868
485
849
114
126
246
595
175
106
355
370
164
45
81
231
165
335
346
632
970
360
366
656
683
329
915
89
307
114
143
895
674
318
53
396
622
346
459
682
41
307
387
758
956
761
206
412
692
625
61
164
397
999
684
825
963
631
676
193
785
406
574
611
644
387
241
490
20
432
265
485
859
199
26
424
689
782
689
979
944
619
553
552
347
119
891
18
834
636
101
987
861
757
51
637
395
249
826
246
348
920
971
946
934
523
30
341
164
629
540
553
976
70
950
275
832
25
621
722
285
89
665
375
470
550
281
509
768
503
606
978
379
463
332
95
673
236
181
616
448
611
693
318
682
482
193
213
596
719
958
722
881
692
659
463
488
345
154
60
710
288
140
663
833
828
702
737
61
309
750
346
754
681
466
761
60
367
251
711
858
996
582
367
552
684
398
18
524
493
895
424
475
962
12
743
897
897
353
500
185
458
565
502
296
438
575
925
154
192
320
773
512
824
829
304
11
730
690
271
132
780
704
297
955
894
353
793
437
195
479
50
705
619
945
515
232
802
120
893
641
701
413
75
455
760
955
479
606
565
160
588
338
314
379
674
81
672
793
586
851
838
868
616
122
3
25
481
720
334
861
573
975
853
565
753
996
736
870
401
253
612
398
61
373
852
640
848
364
896
244
354
682
48
494
250
512
512
174
959
65
716
740
173
511
623
305
342
178
803
82
144
450
42
75
920
677
729
594
941
209
647
116
467
947
700
987
516
52
115
309
375
309
738
297
937
651
465
453
574
49
858
815
550
528
39
356
587
157
194
6
109
539
754
901
490
398
778
366
65
497
943
105
417
496
309
727
196
896
318
375
850
538
974
884
553
191
268
429
950
934
81
767
72
909
795
316
185
994
854
513
852
438
931
528
111
79
453
409
56
60
867
673
761
839
16
27
388
656
141
505
764
62
603
686
584
183
562
104
450
370
878
23
123
307
969
33
738
724
572
584
450
591
74
230
570
89
758
906
587
569
288
346
512
341
86
229
489
332
127
561
173
902
712
88
698
111
222
898
717
90
918
413
607
713
325
221
468
632
352
773
451
561
352
945
79
771
974
252
403
163
514
208
378
695
270
821
685
959
546
888
928
787
124
182
792
288
76
579
843
548
536
68
170
690
989
847
810
559
88
738
770
796
289
653
22
7
114
988
233
269
334
796
384
359
202
364
362
221
944
523
749
858
163
886
642
532
802
352
449
388
837
587
332
184
705
728
994
363
183
216
847
97
467
701
830
91
485
556
181
50
613
30
906
527
260
448
390
559
679
319
941
350
536
358
130
922
292
556
637
225
4
851
269
9
303
439
406
474
214
480
733
359
724
103
494
520
382
895
232
759
456
829
892
333
352
999
504
111
329
282
704
529
10
299
604
739
952
401
188
940
746
310
742
570
397
29
833
478
784
227
495
17
511
520
842
844
304
848
622
495
311
809
609
625
223
687
986
530
2
204
445
657
553
815
289
474
503
857
227
517
43
370
860
266
912
315
526
183
787
900
685
649
481
856
229
656
40
527
849
530
57
285
112
737
691
213
697
172
187
183
861
486
118
427
778
69
266
367
347
802
577
803
193
463
92
373
371
384
713
932
928
662
939
572
57
26
862
320
909
605
549
839
370
648
80
103
59
508
401
383
637
149
566
68
742
664
620
598
979
367
133
461
46
486
476
17
344
50
411
401
639
552
699
203
329
1
851
758
488
823
625
353
659
619
966
921
426
818
546
790
721
310
48
330
539
605
986
125
436
805
741
316
163
365
965
945
710
282
262
669
471
773
257
502
874
546
691
181
440
594
573
229
935
920
580
352
826
255
529
159
729
22
160
112
57
504
953
696
947
903
730
505
447
751
102
866
877
529
182
591
270
239
682
755
621
844
438
788
366
454
650
140
344
847
96
491
461
999
487
435
402
482
521
326
893
986
711
980
726
583
321
282
177
837
804
163
714
938
241
761
180
852
642
376
274
955
825
13
546
722
135
371
580
376
76
113
110
755
380
927
672
455
573
512
777
515
146
72
606
528
193
578
854
408
807
935
973
903
0
163
578
647
483
999
707
619
156
708
700
436
626
285
106
574
253
253
455
567
402
120
92
149
141
409
738
187
402
699
560
252
129
77
593
796
64
572
675
507
168
870
828
780
975
187
144
630
587
810
159
62
480
440
900
805
521
342
282
563
226
783
616
297
626
285
188
556
691
898
308
753
837
281
693
313
703
993
35
730
383
669
404
914
301
719
686
443
673
122
229
13
501
321
858
483
224
705
791
890
658
274
97
275
327
219
55
463
566
141
494
449
833
181
736
135
798
662
38
481
261
355
360
854
518
3
199
783
305
912
597
601
743
289
730
992
861
412
243
171
805
305
898
99
240
410
528
583
858
739
742
546
593
359
281
976
259
276
749
53
834
400
365
330
470
554
822
765
302
712
880
277
670
441
557
938
761
752
454
418
642
172
983
733
92
787
634
110
454
608
281
948
949
260
948
558
847
702
392
662
631
363
889
668
162
796
447
159
458
786
221
911
532
269
141
347
30
208
624
90
104
492
238
0
845
33
436
74
155
388
921
692
944
530
19
596
232
108
269
963
982
484
631
430
656
301
531
634
591
381
283
61
171
443
523
278
890
385
281
774
899
293
554
868
448
236
531
626
109
670
597
222
94
473
987
660
888
91
130
575
274
392
149
5
359
265
173
995
509
638
966
654
60
119
369
141
735
958
298
158
505
265
730
285
942
239
215
855
852
220
380
359
228
44
854
273
649
254
219
629
36
238
537
23
372
856
637
673
242
28
706
701
878
498
367
971
46
720
219
638
651
558
591
116
449
737
324
999
977
260
561
338
921
820
74
292
312
721
33
829
527
441
699
334
904
199
141
301
253
979
524
946
138
996
330
716
315
51
53
946
289
890
295
486
725
140
224
182
370
16
163
712
50
105
787
450
800
487
878
510
579
734
423
79
649
184
35
967
316
699
38
454
16
774
980
438
862
613
724
785
255
537
358
102
69
795
43
335
738
33
71
772
364
565
507
387
529
62
341
147
795
307
164
438
600
831
309
705
126
777
283
497
158
98
554
517
540
201
310
60
636
473
412
259
855
764
728
585
342
590
813
482
1
633
289
651
433
736
438
330
690
622
769
825
547
277
946
414
211
672
787
797
159
524
989
827
620
223
9
964
666
486
212
194
773
821
366
685
189
189
187
506
311
734
755
844
842
465
598
725
744
945
443
558
456
662
354
60
402
752
635
123
559
760
702
921
794
467
174
707
20
177
45
688
392
617
436
738
740
549
771
849
173
149
546
193
685
590
462
493
999
551
186
563
828
438
375
299
662
763
734
517
829
711
960
8
452
433
781
733
155
173
185
396
861
70
191
130
490
360
724
860
118
476
543
562
761
841
52
643
821
556
687
431
997
292
544
811
857
734
582
953
752
799
435
386
71
146
510
898
259
722
957
636
582
38
149
236
659
514
424
269
567
879
446
399
392
243
815
170
354
725
934
304
468
381
104
637
925
944
459
334
601
772
907
972
798
613
216
338
39
557
642
905
575
358
721
678
156
113
514
106
71
474
697
796
667
898
648
375
387
212
766
648
133
838
779
18
82
754
316
400
169
620
525
280
166
73
49
897
651
268
49
108
721
765
91
540
251
350
511
774
338
563
515
91
490
1
183
871
338
677
524
55
591
318
822
66
980
963
5
255
719
569
228
876
924
976
372
960
875
26
11
739
974
527
297
551
253
164
659
299
846
454
270
310
270
821
742
405
301
886
724
2
215
898
322
311
356
404
825
316
404
239
193
913
666
292
264
693
21
722
942
341
3
344
229
211
244
583
368
383
529
827
904
16
477
691
266
527
136
741
832
240
457
322
236
353
578
907
663
81
136
621
166
711
586
733
696
914
237
818
772
821
178
957
279
754
591
612
192
368
699
329
543
408
397
104
43
116
311
867
241
326
159
36
197
859
220
660
732
143
723
763
897
216
613
41
411
507
387
408
900
625
860
906
936
862
70
967
924
672
787
532
845
141
195
963
769
913
648
555
437
467
450
412
412
69
108
296
895
144
181
789
587
28
552
861
21
691
599
311
378
755
573
917
85
283
769
620
339
738
253
770
266
555
857
579
655
822
257
799
153
373
771
17
710
47
821
975
906
354
530
830
47
42
349
689
668
674
214
578
770
403
745
780
180
386
186
304
626
857
299
810
381
474
964
645
63
619
90
684
198
146
481
179
824
890
383
173
331
751
816
574
382
187
0
983
231
311
105
180
524
560
323
453
863
364
53
449
437
625
903
818
601
941
22
359
210
653
851
822
849
317
606
223
901
576
487
636
506
724
89
294
211
992
62
35
919
739
342
27
19
154
383
120
850
180
943
338
169
893
777
740
351
19
897
103
979
258
520
446
390
119
298
286
750
686
99
462
431
395
823
734
193
766
96
468
245
417
570
898
858
379
39
217
740
811
420
818
466
929
58
982
834
365
171
819
866
384
870
85
317
973
293
947
11
960
132
386
650
774
189
579
835
560
422
142
213
12
980
252
881
426
179
202
613
107
895
311
480
561
449
651
322
213
770
66
721
240
22
797
696
477
623
683
856
145
767
321
532
259
804
851
933
857
70
517
10
96
606
944
652
371
31
28
491
170
220
251
232
787
880
272
373
66
119
61
343
792
353
482
23
286
927
18
3
2
773
930
664
717
722
712
430
441
659
743
430
733
687
212
127
986
935
307
177
182
468
59
913
829
782
948
576
404
806
713
135
120
971
366
719
601
141
104
0
867
756
976
516
632
631
420
710
223
61
995
695
305
940
46
851
591
767
227
849
763
704
445
836
936
463
407
677
548
508
899
10
686
858
562
484
968
794
367
157
302
454
872
548
490
290
472
369
617
405
750
327
351
575
690
275
116
634
758
807
398
685
366
243
676
619
465
572
352
397
568
371
758
483
607
656
366
284
222
881
388
434
539
61
733
911
738
293
803
513
780
415
835
814
595
941
553
69
831
847
300
148
562
655
333
836
522
31
196
907
263
461
121
650
541
871
840
158
904
923
341
245
20
428
642
250
165
544
241
828
403
204
633
27
174
508
244
847
329
928
24
889
586
119
449
285
620
933
650
776
997
128
550
87
623
278
914
101
948
629
401
154
110
779
11
707
726
362
646
700
130
220
260
973
939
794
531
367
503
928
242
706
377
542
190
413
649
695
115
482
303
233
370
693
535
592
936
396
88
313
903
693
949
553
891
121
827
825
941
357
100
630
273
900
899
992
492
713
818
236
19
463
678
59
222
403
651
641
482
260
156
654
379
771
198
869
742
41
45
808
458
41
450
584
32
265
233
970
159
853
237
25
238
655
744
742
503
422
295
546
93
7
318
79
118
725
684
675
211
454
941
417
601
317
980
425
322
248
546
901
103
552
408
216
488
359
934
110
906
942
750
430
258
31
516
744
102
199
864
305
69
562
88
109
355
257
35
294
582
250
23
141
910
644
749
266
59
415
761
398
919
592
428
511
569
2
714
468
583
482
589
864
127
786
351
686
122
728
621
956
822
418
877
242
433
606
70
190
553
618
967
31
444
794
394
509
458
811
368
5
220
976
629
18
569
557
881
670
569
765
336
411
630
178
605
892
939
766
574
837
202
38
317
369
588
144
840
768
194
622
490
774
680
932
616
264
149
322
851
255
510
994
760
757
696
907
465
33
427
300
585
820
552
701
129
702
196
87
142
135
359
554
112
917
36
720
630
866
198
477
928
94
553
680
536
123
284
729
0
688
374
298
145
583
983
905
480
985
53
920
805
24
166
4
290
451
367
350
349
917
888
697
66
445
928
413
761
468
498
782
515
660
930
165
627
605
452
435
202
369
154
580
984
144
611
585
573
588
955
421
371
808
490
874
776
88
391
955
920
47
547
685
598
362
245
219
588
190
287
556
419
940
491
861
228
563
318
657
63
264
26
439
948
494
854
646
56
146
643
654
623
888
418
539
864
404
886
96
976
679
121
281
275
179
207
665
742
324
227
593
887
24
14
966
987
965
401
402
933
994
327
236
667
108
998
460
683
589
416
610
129
975
166
371
202
769
710
544
119
828
112
719
189
404
352
3
524
37
924
274
714
145
557
15
710
391
746
778
716
653
609
890
779
543
263
67
863
850
83
366
875
508
591
637
879
73
150
608
982
563
257
144
473
310
182
213
594
188
169
572
380
732
178
448
101
149
773
627
263
699
149
912
384
364
381
431
147
165
993
481
236
957
608
847
566
600
200
902
21
514
140
198
380
423
45
912
608
594
215
520
112
790
670
809
473
957
246
670
213
212
401
439
757
194
488
491
373
850
406
532
882
211
638
965
445
726
132
551
996
768
157
232
669
262
617
804
297
881
321
668
51
208
638
678
669
555
782
202
34
32
740
876
924
157
421
929
325
100
38
222
347
597
740
466
481
983
697
18
728
31
312
752
924
814
170
978
284
349
418
790
712
847
615
144
815
794
144
156
531
407
571
160
407
41
207
936
854
422
291
428
764
394
30
466
115
356
409
29
775
979
692
77
383
864
178
605
883
594
510
935
123
703
270
717
305
420
644
101
116
309
786
121
260
728
332
837
937
357
763
110
231
883
476
430
728
643
257
168
841
125
324
561
659
977
358
622
829
289
708
644
886
977
242
832
528
614
442
168
719
270
56
608
873
533
214
371
771
883
414
125
796
726
966
550
981
882
53
191
892
565
161
520
270
15
194
141
999
673
424
984
816
216
583
560
836
757
723
229
499
209
419
351
773
294
652
696
954
268
521
120
327
460
341
637
198
623
383
486
761
350
918
548
341
245
640
586
650
890
124
289
722
979
246
102
395
824
443
271
467
654
865
12
888
693
894
180
825
984
283
206
295
597
133
881
961
604
199
950
233
828
116
108
1
151
80
279
263
282
235
505
435
485
189
529
659
604
363
291
594
423
50
967
737
252
389
744
96
206
175
31
161
562
32
465
662
942
574
102
46
526
765
431
790
140
15
240
704
304
75
913
501
461
308
74
610
393
576
853
931
159
751
797
929
586
719
883
577
174
325
437
126
914
77
772
492
460
862
298
419
201
457
149
772
811
891
216
96
661
690
731
198
712
518
119
890
487
185
370
116
928
665
262
483
634
588
260
520
889
454
505
384
267
778
912
448
591
630
402
767
261
298
854
392
832
542
459
56
888
222
209
936
885
605
940
545
908
20
380
145
130
196
774
571
303
142
592
800
850
241
812
849
226
547
179
26
423
624
654
359
706
724
639
980
723
420
412
336
785
468
358
128
20
758
603
605
613
234
801
650
93
238
949
488
358
418
677
641
524
242
188
385
692
688
906
685
253
534
5
67
349
68
642
785
595
956
402
976
594
838
895
847
234
279
695
429
288
262
65
60
635
612
602
316
628
158
6
42
485
371
688
338
249
328
955
186
818
608
430
882
208
46
244
256
377
24
841
600
415
478
543
606
184
891
343
521
859
810
154
536
356
298
15
140
695
328
707
429
55
5
60
859
185
326
703
244
30
812
971
318
496
565
793
149
536
970
240
286
28
99
577
200
1
418
656
119
932
725
383
634
401
849
781
890
819
184
602
724
425
715
839
823
58
863
244
320
453
420
441
498
610
648
245
830
428
246
925
48
30
275
623
204
347
106
196
82
230
763
291
162
934
750
317
951
926
285
338
36
157
285
270
487
110
323
351
243
163
829
984
148
100
580
875
308
54
425
288
673
842
248
69
728
118
935
598
984
18
586
736
712
807
341
104
185
69
896
362
279
75
359
111
239
76
545
539
131
406
920
155
345
842
932
41
404
478
697
311
70
757
357
106
572
690
45
497
973
385
176
699
330
760
768
704
56
926
449
28
149
161
651
746
644
514
207
2
727
704
939
878
540
658
295
340
77
89
588
320
88
461
614
793
754
4
457
797
996
918
878
502
862
67
677
386
770
439
250
494
197
890
297
895
849
535
141
338
500
425
369
358
960
527
699
89
723
474
769
751
576
147
255
73
260
6
737
786
581
232
399
69
868
61
88
806
845
501
6
484
346
311
464
712
608
112
761
988
435
556
520
832
501
10
113
662
889
796
38
500
321
337
505
28
815
704
361
172
295
704
838
172
670
26
213
660
239
310
236
159
846
302
466
158
337
199
290
610
580
710
998
467
896
497
55
892
136
704
375
405
92
382
630
754
550
314
373
532
981
778
133
232
196
700
367
963
570
706
994
66
129
162
500
209
859
752
848
187
956
881
594
823
50
810
11
852
825
51
698
838
291
675
300
377
224
665
393
594
74
351
741
869
416
290
642
423
897
706
780
665
417
983
688
67
372
825
918
575
619
843
620
403
344
786
689
714
482
42
980
42
382
458
889
865
76
633
458
860
346
263
63
349
688
219
537
422
653
297
126
778
79
427
43
964
908
662
31
378
17
613
713
357
151
976
898
917
504
661
986
182
731
360
276
217
959
674
755
287
406
927
516
535
849
5
609
578
201
154
223
720
901
555
177
289
224
355
538
103
381
777
675
901
907
291
305
526
445
416
633
177
744
447
278
194
649
445
369
210
39
413
941
632
752
775
430
381
568
876
949
516
414
312
975
907
178
857
409
10
381
393
464
721
756
684
706
60
168
545
379
412
688
947
696
698
425
578
205
820
807
115
314
197
66
797
278
942
240
417
624
892
29
271
689
664
863
968
402
976
647
33
898
381
272
501
373
774
322
202
709
435
690
687
185
735
88
158
185
125
179
431
885
136
936
388
278
128
141
723
604
472
611
571
864
162
573
652
166
938
135
817
883
380
149
561
426
930
255
525
32
696
471
856
171
193
140
745
881
89
120
405
593
626
818
485
217
180
26
804
105
275
784
51
81
451
248
947
530
68
98
954
831
737
513
481
568
791
238
539
351
636
920
774
19
727
840
562
102
712
727
128
328
623
5
142
661
559
700
411
510
449
704
165
331
980
563
658
733
341
846
901
16
501
320
675
314
551
8
727
344
147
889
892
13
768
30
847
449
730
876
292
273
116
915
346
959
269
327
773
428
802
807
359
676
267
18
729
806
618
681
627
500
787
918
865
242
41
378
261
419
839
6
754
305
67
331
552
407
300
374
773
726
346
313
907
538
635
103
116
132
727
968
50
338
985
810
910
608
725
590
742
813
672
39
259
869
578
108
91
44
885
929
172
802
896
258
198
346
415
791
318
507
363
269
508
360
272
752
188
338
378
965
779
78
335
516
571
654
671
893
885
184
475
870
783
407
118
613
89
252
802
480
379
512
292
540
649
215
498
581
427
499
779
354
792
869
844
635
486
605
583
884
839
138
112
466
448
659
900
844
835
884
838
696
641
507
22
431
316
86
157
262
854
469
451
371
400
517
533
248
158
561
569
777
1000
161
216
644
371
722
403
441
147
335
945
620
275
18
18
208
550
831
124
417
323
198
402
646
888
355
647
130
509
142
97
551
872
450
586
247
995
865
274
181
882
648
662
823
485
84
20
832
793
248
593
321
189
536
915
308
467
657
17
916
26
132
649
740
97
202
134
454
119
928
376
602
614
596
640
532
511
380
516
83
680
140
404
640
904
847
226
829
551
435
382
157
230
300
453
842
310
558
362
155
313
123
849
258
589
897
912
629
684
887
946
767
783
986
39
696
949
129
586
383
215
377
802
66
469
107
221
171
12
599
679
632
712
707
48
528
716
473
359
122
370
428
290
914
333
999
304
201
106
425
725
695
469
908
715
713
656
2
883
65
171
408
76
763
273
37
81
486
836
988
979
941
233
665
486
901
28
602
382
257
459
676
121
41
250
128
472
353
471
594
172
356
683
481
193
139
995
578
800
289
251
777
148
401
30
97
480
544
965
422
100
890
179
338
265
667
900
142
211
633
690
538
248
426
108
315
255
216
168
839
803
586
134
916
623
478
24
64
967
531
905
30
139
510
211
238
602
627
12
730
248
855
118
595
812
418
206
347
393
101
388
696
172
317
386
683
480
273
304
482
593
722
73
470
761
188
324
303
850
5
528
672
9
445
130
832
516
761
136
488
327
560
338
866
472
177
837
302
971
68
523
367
812
321
625
782
403
854
60
774
948
378
108
427
774
753
131
953
291
378
520
591
889
746
738
109
545
415
982
733
931
12
633
48
501
293
380
158
825
886
318
991
580
873
349
927
672
251
353
703
285
9
643
243
290
205
340
86
183
39
719
405
310
434
621
220
344
833
563
790
428
527
233
343
446
374
509
40
4
333
330
671
657
626
723
975
862
139
463
973
459
548
937
899
442
525
300
625
978
477
650
76
730
201
568
116
459
56
46
644
868
784
893
811
521
10
910
524
308
933
515
103
395
261
396
320
505
398
48
372
520
995
461
357
99
931
586
641
282
853
820
550
56
41
436
858
795
180
16
629
189
303
411
333
294
252
582
723
325
821
13
146
632
913
808
446
547
923
381
85
590
453
145
253
896
673
388
445
86
703
57
174
175
417
156
884
673
623
116
568
578
685
169
737
661
575
165
891
671
304
79
726
9
629
10
775
146
428
535
250
14
167
707
314
319
303
529
817
328
228
348
116
317
540
55
975
969
82
677
387
448
533
901
144
710
853
65
22
158
918
639
57
948
924
104
141
522
438
869
30
742
478
25
774
185
118
242
63
928
30
416
427
234
782
98
28
812
677
158
432
657
408
81
222
733
608
789
427
332
632
606
1
939
541
564
417
465
486
132
42
128
569
919
385
503
86
697
905
185
149
66
852
956
352
18
677
703
879
967
473
144
408
945
778
428
343
840
398
557
156
896
529
172
866
590
637
309
133
340
139
977
604
499
133
541
62
428
984
466
153
303
729
471
150
120
511
934
362
396
537
976
35
528
447
617
117
563
765
885
5
915
141
19
134
568
274
220
506
327
488
584
138
131
646
939
634
990
195
194
571
971
597
349
154
328
620
822
539
899
823
516
230
662
220
690
121
108
67
180
307
28
168
895
562
715
350
553
556
387
396
428
758
439
548
424
198
420
385
573
105
63
543
664
404
594
730
315
703
358
189
987
214
939
48
188
910
514
707
435
264
768
519
868
677
401
96
322
38
964
982
197
80
453
391
108
574
551
864
503
571
486
582
56
427
970
518
534
221
124
51
820
974
357
73
962
163
859
626
18
409
150
690
974
750
187
42
11
441
673
917
74
645
593
865
922
741
389
280
482
29
868
133
794
78
678
614
909
545
9
522
867
430
1
160
725
156
259
644
444
567
867
497
601
928
709
394
758
134
971
874
65
153
468
965
87
366
81
63
916
909
719
845
335
412
101
824
223
898
387
16
264
700
398
578
134
119
796
466
326
450
581
209
64
171
844
238
281
15
218
920
410
895
45
864
742
522
334
273
256
327
427
987
775
712
833
446
271
269
748
851
767
713
119
504
5
480
580
852
335
595
774
519
566
165
717
113
51
113
616
619
828
559
694
54
595
868
237
224
763
653
388
260
601
75
785
288
165
704
194
703
58
592
524
302
569
876
653
12
340
402
693
601
218
257
169
722
724
615
777
140
699
571
208
140
464
344
870
988
34
489
663
105
642
621
15
756
557
1000
915
242
272
788
607
272
661
582
31
906
542
529
438
731
327
140
893
147
577
983
169
73
383
36
835
371
656
483
359
732
212
739
551
695
420
530
968
790
667
980
125
256
544
575
718
904
172
441
796
140
805
843
308
592
933
303
284
490
252
572
227
660
166
582
10
937
941
75
151
617
966
183
961
897
74
372
938
609
35
372
465
925
391
169
474
958
684
536
518
188
969
468
858
544
65
836
147
535
373
995
626
855
560
686
244
156
858
197
985
166
405
324
116
38
168
126
154
159
116
208
177
134
718
143
254
19
37
507
538
738
633
515
897
380
143
4
142
42
732
451
778
470
519
507
895
964
344
2
869
25
195
613
631
733
528
223
518
237
957
684
427
526
223
253
295
178
953
675
429
563
652
986
65
254
155
93
877
917
774
744
231
694
367
329
647
65
544
461
781
985
447
682
724
824
291
483
185
600
438
261
869
668
952
983
365
89
781
808
336
59
631
214
888
671
355
635
455
686
760
529
475
885
347
901
269
291
833
132
233
305
801
346
893
779
815
340
288
859
138
928
947
22
472
141
786
38
836
421
157
884
549
489
124
606
775
437
365
266
491
519
666
532
988
802
332
260
540
286
743
813
924
961
313
114
759
435
170
715
25
541
111
892
664
796
758
453
64
737
186
87
491
617
540
354
163
259
746
210
334
500
672
42
375
701
767
910
12
869
112
460
832
402
545
882
445
822
498
302
563
208
896
506
440
263
415
480
34
637
826
937
198
786
583
681
685
229
511
396
660
133
986
79
438
904
147
29
403
67
234
75
569
76
795
9
59
4
209
869
995
345
464
424
833
867
280
498
317
122
208
560
244
843
460
538
507
764
10
188
843
953
954
328
189
796
379
822
450
254
610
642
717
349
11
656
732
329
662
305
696
507
188
67
897
470
238
320
189
929
420
680
506
757
671
190
955
904
341
580
827
547
869
231
353
635
689
826
297
678
131
286
252
535
713
320
388
879
384
276
379
896
859
566
191
210
705
367
668
901
510
920
993
869
63
378
541
684
446
802
313
339
654
932
165
851
502
398
874
383
464
95
247
186
476
53
870
906
935
400
150
103
706
157
921
803
779
193
928
793
632
453
881
334
288
101
363
650
414
644
825
157
871
44
390
82
86
144
99
89
68
938
172
324
354
342
643
381
689
624
381
754
57
329
749
135
599
700
991
152
504
552
625
32
299
226
209
148
436
462
553
928
320
938
516
662
136
734
99
496
771
930
42
646
669
978
307
340
505
2
204
73
756
614
771
229
741
319
59
448
733
687
17
184
730
459
713
501
607
795
79
962
298
209
8
40
874
359
3
936
170
857
378
941
85
532
347
888
16
370
306
121
583
118
925
602
166
403
511
725
514
198
755
716
106
928
387
328
276
436
196
566
375
950
430
516
76
212
79
274
980
471
800
278
794
322
290
989
534
981
671
499
67
822
143
354
333
863
33
656
350
112
355
529
144
543
227
373
771
504
546
577
783
82
137
311
568
70
778
338
769
504
700
280
349
14
911
390
413
364
549
666
299
499
804
515
122
739
387
320
613
257
233
844
142
975
661
433
309
77
897
566
901
125
587
16
432
597
41
730
342
150
226
816
252
443
506
132
194
740
8
978
244
999
684
571
604
287
932
819
879
794
274
447
259
839
806
946
259
334
429
404
419
988
690
323
9
469
13
853
604
326
467
461
970
729
349
383
480
467
790
196
10
348
652
676
677
209
841
591
501
195
84
98
503
272
461
162
34
574
259
802
362
853
90
176
29
918
530
764
383
538
24
319
165
338
414
74
874
643
659
236
492
623
600
419
754
447
396
332
988
753
553
289
310
510
485
282
590
979
644
913
284
157
971
694
468
100
799
648
545
384
975
186
499
793
480
365
628
323
245
648
726
887
54
752
320
861
209
230
17
529
752
890
922
24
647
650
712
178
890
529
9
252
719
771
190
31
814
56
411
757
93
888
241
387
305
753
832
247
363
493
342
190
500
144
804
682
617
211
883
525
418
975
88
170
367
341
696
195
805
539
894
502
716
384
252
340
961
775
581
644
735
301
261
996
915
48
327
772
660
751
637
363
700
693
433
636
79
536
74
288
300
509
489
829
369
756
615
307
526
219
130
599
654
437
669
715
871
362
126
515
776
135
89
589
223
252
992
250
30
754
317
581
265
791
113
640
852
381
909
788
886
86
345
238
402
177
653
587
154
237
400
969
767
725
225
103
271
876
11
660
671
679
553
18
982
865
513
149
915
130
851
286
571
825
592
259
540
87
704
532
136
748
441
765
862
960
288
953
296
443
569
881
138
491
899
21
172
130
465
937
320
222
620
982
165
7
126
729
580
490
980
202
302
89
44
904
830
511
126
714
869
488
775
29
851
921
609
213
351
848
579
894
51
309
59
260
429
600
177
287
311
524
626
196
517
115
99
433
393
601
315
377
879
672
36
7
439
723
400
693
469
198
761
752
99
389
945
245
972
223
597
888
4
559
662
109
760
335
264
767
815
947
830
668
390
574
591
345
815
410
388
498
65
17
949
78
205
956
982
266
251
889
742
113
416
250
568
218
863
648
556
629
48
552
371
992
51
902
710
887
840
782
621
403
526
533
913
19
327
523
544
330
374
791
62
860
45
13
224
739
563
342
229
848
321
973
248
752
629
281
226
576
391
397
608
127
619
96
720
821
699
366
464
710
27
988
777
328
142
815
973
153
922
628
899
91
345
729
25
561
264
729
273
936
355
837
258
594
491
511
999
571
510
575
978
90
546
190
668
622
703
645
822
357
643
107
209
335
579
159
402
706
482
653
813
324
571
235
678
198
403
440
150
666
223
205
514
894
378
503
610
623
675
723
444
717
545
505
110
926
963
360
10
212
125
380
574
940
892
219
374
808
469
937
932
606
787
658
906
748
557
213
718
318
816
348
978
600
298
732
108
519
186
979
411
577
479
365
115
557
652
440
581
231
443
975
605
996
365
34
710
489
292
204
729
531
302
51
956
522
953
826
749
873
684
628
629
975
615
716
29
317
197
99
667
485
403
185
524
484
134
518
887
157
846
810
621
191
385
649
112
1000
935
478
932
321
374
737
559
313
518
197
2
142
359
630
198
322
865
56
77
89
285
519
325
268
391
962
728
274
473
511
110
756
523
508
798
303
923
759
349
712
284
964
488
588
447
545
935
435
134
531
217
139
222
267
847
805
952
301
418
121
516
235
14
721
113
183
847
300
476
169
494
492
391
561
505
520
521
321
40
991
427
408
931
65
836
955
204
431
930
808
360
914
210
709
616
32
213
632
345
692
196
672
741
451
639
720
633
170
387
990
875
96
340
880
560
403
26
121
816
544
578
640
783
880
473
104
576
32
239
374
124
641
724
318
972
325
733
501
490
554
599
602
726
333
788
323
425
733
443
270
825
751
528
349
218
879
229
355
812
803
401
113
579
411
449
122
268
322
497
947
782
848
192
500
550
14
596
506
465
740
951
193
247
598
793
879
492
816
360
681
849
98
611
151
403
371
715
652
376
124
337
428
988
480
685
252
499
871
705
55
658
210
428
234
296
634
705
89
262
228
287
794
936
150
571
238
853
199
935
499
503
88
836
769
883
775
608
511
391
630
374
786
274
979
972
229
909
84
506
236
218
967
914
225
724
922
896
249
484
413
680
10
992
838
364
386
601
369
975
892
241
963
305
164
889
512
218
304
627
647
287
430
615
187
98
999
61
792
310
716
886
899
331
558
911
143
736
885
517
736
280
90
730
749
987
522
901
586
494
341
988
225
787
501
268
683
238
426
991
668
393
296
740
852
218
66
202
778
80
523
361
455
296
769
201
602
348
372
480
550
401
512
661
195
324
138
765
287
951
313
426
341
101
833
763
778
686
954
60
985
911
685
634
413
750
407
730
814
640
91
890
861
23
745
779
875
337
157
519
471
599
281
539
604
772
292
971
80
295
924
25
420
382
145
399
339
376
504
523
412
490
505
427
75
665
522
140
317
642
557
775
749
28
446
634
720
326
34
941
679
884
706
155
6
236
601
285
63
396
57
987
367
645
33
953
798
169
553
209
254
434
993
543
475
835
477
687
895
65
72
551
656
509
786
114
79
64
402
483
727
777
348
190
385
226
283
93
999
69
632
912
684
23
982
664
105
621
6
128
806
937
341
505
607
237
674
28
973
631
25
686
103
497
947
666
850
474
988
103
962
704
512
837
749
42
961
748
938
947
12
60
72
206
901
279
765
90
696
219
701
22
336
478
748
223
918
81
881
212
534
738
336
569
769
980
332
562
20
761
314
912
704
778
786
315
465
176
403
896
408
146
11
970
654
151
318
696
142
832
69
439
966
317
818
500
469
58
49
970
645
174
474
304
310
713
774
495
405
531
433
638
653
728
598
52
625
150
842
810
730
711
421
207
980
458
471
487
231
191
197
38
441
554
701
453
616
289
274
415
955
775
72
641
33
78
886
702
348
631
125
4
343
180
203
482
135
609
933
63
169
696
540
388
468
232
120
643
898
801
529
332
792
105
113
383
701
186
982
521
46
634
610
465
402
428
365
339
443
515
416
247
684
554
317
547
379
636
695
166
984
2
722
882
727
286
720
888
569
26
726
436
334
442
311
332
351
41
323
708
508
690
768
271
462
412
443
366
14
226
226
66
196
582
240
284
220
642
362
659
308
716
430
488
748
693
552
284
921
275
705
631
384
5
350
174
421
646
98
340
339
496
356
868
884
155
212
405
596
532
86
684
140
561
822
623
209
532
763
956
601
581
605
530
988
103
156
156
826
765
612
78
973
300
564
841
205
742
440
488
893
409
572
696
47
69
626
849
37
461
739
992
169
339
64
209
892
454
758
958
639
476
578
305
190
993
643
476
556
86
462
630
745
231
278
178
33
412
776
343
466
484
795
255
425
863
858
54
586
295
561
65
375
416
268
594
661
760
749
806
613
805
26
774
706
312
298
93
124
428
146
134
327
437
139
151
662
131
437
98
688
694
551
920
103
889
691
164
704
84
616
547
78
503
821
510
721
472
299
418
635
885
614
102
433
983
295
772
728
584
255
223
471
545
549
504
855
658
531
350
31
13
287
697
679
925
269
543
127
622
994
81
374
14
203
241
662
20
621
223
754
797
445
690
599
249
480
16
744
891
475
70
12
894
704
998
162
274
739
426
443
708
993
288
438
711
467
454
340
342
315
621
105
807
873
612
389
299
847
876
113
948
622
153
404
103
323
412
564
892
332
830
52
239
685
994
474
8
373
699
187
976
150
299
696
318
83
479
80
484
458
40
858
327
337
747
621
381
969
647
413
844
830
333
726
290
96
366
360
194
96
375
311
779
741
342
728
229
621
163
509
631
22
422
630
784
396
175
467
702
836
158
794
597
483
834
685
702
559
325
526
163
74
670
948
907
802
843
634
842
974
121
224
127
499
947
372
206
578
345
666
402
632
414
543
79
280
610
13
674
247
536
158
537
160
211
45
343
624
582
398
650
836
454
107
191
274
283
519
887
339
751
804
851
967
570
792
356
623
322
185
912
907
411
468
866
414
683
620
106
338
414
26
83
108
376
487
807
250
57
321
107
871
323
385
448
490
587
159
689
440
478
328
947
655
845
955
838
630
677
401
249
382
616
814
766
430
956
558
791
699
700
525
21
305
52
837
692
961
382
820
533
548
965
757
610
917
480
139
132
73
635
982
180
565
741
550
455
113
636
695
518
728
64
899
773
250
834
179
375
973
616
706
276
24
50
380
561
956
442
301
299
426
115
608
815
534
88
44
639
211
714
401
873
758
811
232
643
517
887
150
798
961
964
37
444
894
324
29
229
878
132
479
614
632
55
446
157
983
915
661
940
980
394
834
623
578
289
870
578
124
601
818
880
669
51
792
550
117
547
455
872
625
641
792
489
48
242
525
987
499
748
257
703
620
201
541
248
19
123
649
515
827
954
433
311
946
786
235
981
928
68
2
777
715
334
589
63
34
843
793
907
191
867
242
680
332
307
729
116
551
157
695
263
58
774
906
346
743
551
391
113
701
349
733
330
769
325
977
876
626
402
852
83
797
767
786
286
464
730
990
833
947
510
625
829
988
796
268
538
322
218
307
196
815
968
39
419
983
947
144
397
860
790
961
456
631
955
811
396
897
134
573
361
559
256
876
411
461
343
211
1
785
932
582
939
592
410
29
24
392
542
245
28
185
44
976
53
110
157
798
819
185
506
385
701
106
479
640
879
324
851
78
888
335
525
44
716
88
219
140
427
605
673
984
367
53
794
466
941
432
375
984
497
829
2
721
617
882
12
871
28
367
665
871
172
488
111
340
100
774
847
261
675
335
442
88
412
592
43
597
214
694
564
627
366
326
105
268
502
490
169
808
590
586
186
448
400
863
548
607
594
383
858
140
175
135
640
310
359
931
384
720
595
300
956
11
230
855
201
366
247
638
747
713
223
449
993
123
614
650
910
7
101
329
405
978
367
604
335
424
333
874
583
575
779
231
264
443
359
62
736
278
577
136
821
607
521
364
242
330
484
884
285
255
987
231
285
568
727
234
814
962
391
700
459
30
818
836
421
249
948
335
592
127
246
106
417
64
740
743
212
633
918
963
981
559
15
711
674
626
557
569
108
744
522
159
8
137
799
507
901
311
126
733
709
692
841
773
574
152
333
409
558
779
180
69
843
148
415
799
332
522
457
721
529
614
379
942
812
545
372
7
600
476
425
790
198
668
977
935
78
489
422
185
49
640
307
752
406
72
79
265
400
755
329
440
72
702
548
211
298
881
223
674
487
668
99
246
496
147
103
495
935
188
321
310
836
746
162
135
219
342
567
352
134
738
636
519
14
367
811
602
74
573
128
683
954
45
278
315
413
873
434
403
422
651
12
550
654
15
908
712
578
524
368
976
170
546
405
855
378
53
614
424
799
31
899
518
668
579
78
413
143
185
279
238
41
299
410
555
882
287
737
489
521
467
435
792
258
110
432
183
135
428
336
993
41
260
115
299
44
473
19
432
995
404
981
628
772
580
621
505
750
791
411
638
576
519
119
395
734
284
871
285
806
452
553
296
958
185
981
191
983
480
288
674
123
445
444
833
872
228
158
996
132
618
782
374
749
313
705
385
105
842
115
106
858
104
238
61
611
386
466
725
863
112
0
235
69
882
876
155
81
472
726
90
223
574
206
488
322
505
407
771
941
417
180
106
772
654
567
221
385
835
579
744
813
171
999
835
748
203
42
742
94
90
227
856
393
59
869
403
269
39
636
298
977
829
589
376
513
864
639
651
311
893
417
192
708
480
262
983
927
763
482
103
145
358
966
505
64
397
252
588
103
89
468
920
539
757
687
54
57
48
490
962
531
311
113
328
434
619
435
338
488
98
90
61
686
365
176
990
101
33
139
350
556
909
912
61
803
804
859
648
599
15
820
442
304
292
630
775
568
193
891
297
693
608
531
14
917
167
553
994
158
867
141
101
105
245
642
825
851
958
579
237
78
390
259
648
739
106
431
466
491
359
398
462
655
406
296
727
520
166
930
146
62
390
902
829
241
607
57
312
618
132
357
479
448
293
902
279
855
999
340
705
8
503
398
171
864
405
913
273
455
197
599
18
229
752
628
620
144
52
166
569
890
98
473
130
880
599
239
40
989
80
951
838
997
92
318
176
191
766
471
568
634
708
518
653
715
285
828
612
798
133
965
583
92
548
827
792
556
4
433
578
125
585
946
583
754
293
930
229
359
979
94
894
980
376
844
90
428
452
305
306
140
220
115
605
505
830
559
369
613
166
101
271
361
932
517
967
859
619
259
760
939
719
265
313
635
634
132
524
127
570
429
47
857
175
684
36
523
682
169
141
993
89
533
446
909
667
948
381
368
548
734
199
409
50
969
523
283
471
399
879
480
942
397
751
381
621
196
279
919
232
189
428
324
744
680
366
833
521
818
267
89
375
183
919
839
168
18
529
296
895
64
84
474
931
645
174
892
731
108
678
579
266
185
186
252
651
221
565
575
820
743
433
575
152
160
234
936
182
528
441
57
941
743
952
5
621
496
648
51
701
543
310
243
222
818
680
164
89
707
456
221
75
166
261
598
692
888
195
732
861
645
680
227
133
978
822
823
688
515
341
270
487
290
936
294
932
514
12
934
628
147
249
180
189
832
975
204
357
988
797
167
95
873
31
889
552
247
448
523
258
356
793
705
66
599
781
964
614
531
598
178
856
221
302
769
455
779
632
397
4
806
30
296
965
956
331
933
299
694
588
348
792
448
321
995
440
120
813
866
146
424
748
2
858
65
974
623
820
612
606
452
779
829
40
25
144
261
308
202
235
392
938
389
461
