306
879
525
163
968
673
196
325
784
819
518
535
219
299
291
888
971
899
129
849
0
969
373
492
395
211
818
507
876
136
119
299
485
992
431
281
653
475
799
807
556
742
57
281
889
787
433
122
320
296
674
405
198
429
4
257
56
919
586
286
551
560
123
997
835
231
64
864
621
805
895
905
193
552
965
779
741
680
31
705
426
215
73
926
434
713
905
346
980
887
859
766
550
792
574
162
34
332
53
269
512
188
291
115
709
123
330
734
372
900
507
142
353
382
67
648
446
850
231
789
990
143
466
634
937
619
817
265
799
544
244
614
899
892
440
63
683
170
463
610
518
103
71
397
463
630
874
566
905
809
731
538
682
822
459
660
174
303
518
699
403
751
229
565
753
119
377
232
257
979
418
157
901
891
375
290
211
98
460
964
349
297
996
197
215
364
164
576
924
783
723
242
424
879
616
284
774
285
49
557
871
676
264
416
118
333
123
562
558
297
540
676
843
697
530
236
784
582
125
934
777
262
122
598
999
491
961
959
531
536
989
627
1000
965
287
653
758
707
933
345
292
781
312
766
789
128
423
307
937
861
371
776
255
356
994
592
301
928
99
57
585
699
105
362
211
913
49
954
10
498
533
427
765
1
984
585
315
183
143
453
730
896
468
699
548
419
725
443
597
165
349
79
633
336
161
398
576
637
802
897
62
661
976
985
97
663
717
774
747
866
273
105
45
751
409
530
776
744
86
553
186
752
512
541
569
954
296
763
525
620
600
612
499
95
750
586
768
896
215
730
280
446
778
91
65
329
993
174
518
98
230
922
137
548
398
984
952
54
296
75
257
919
927
990
99
700
665
722
23
347
871
873
103
605
939
153
535
844
970
768
227
720
154
997
141
781
774
973
801
293
267
676
798
432
66
676
313
49
648
533
411
766
880
912
539
292
479
162
234
347
102
735
612
51
975
353
660
517
210
831
274
325
224
760
945
366
260
607
518
665
1
763
306
536
130
312
106
867
442
172
770
258
374
521
986
747
185
957
186
869
703
167
253
275
503
916
851
561
759
4
24
329
410
598
381
293
254
830
522
162
985
570
783
779
40
598
123
133
131
691
308
316
523
882
21
210
82
182
175
902
33
851
72
239
410
357
343
833
162
977
902
747
646
988
744
8
313
720
262
70
537
302
647
915
689
364
795
142
324
930
404
377
564
884
834
593
650
9
994
734
247
552
293
865
341
856
891
90
679
404
243
830
505
989
388
823
703
295
717
81
436
711
587
816
581
661
146
265
157
181
901
205
589
851
470
235
839
56
820
6
845
660
166
890
726
539
14
509
814
641
132
716
744
736
543
620
529
968
310
603
813
891
462
770
341
983
814
576
20
128
633
846
526
843
266
465
533
198
309
546
753
863
517
470
687
607
450
297
131
876
24
424
404
280
110
521
607
818
694
488
147
734
994
3
925
271
708
979
375
803
881
80
263
974
341
976
348
47
989
662
331
482
186
490
776
942
839
923
975
983
884
103
598
193
659
509
721
553
853
56
551
640
375
99
40
479
209
541
398
972
668
635
550
434
92
295
415
64
208
483
43
128
85
967
332
478
891
910
609
584
994
270
473
860
736
956
58
704
924
741
887
149
562
977
225
345
766
14
722
286
338
344
896
192
934
888
752
690
44
913
768
17
826
192
201
266
733
521
774
199
950
562
976
538
777
18
538
909
366
824
883
578
857
958
359
136
258
826
48
113
508
742
855
794
238
805
642
318
171
562
386
807
954
993
208
221
983
936
153
578
515
573
997
624
11
349
11
209
292
473
323
894
970
254
543
348
317
94
83
131
685
158
849
388
262
433
981
202
414
473
221
33
233
588
541
969
557
649
648
623
462
526
791
97
944
883
985
667
80
987
134
210
676
225
328
360
403
816
800
79
338
13
636
40
3
662
579
77
337
561
72
938
127
563
519
181
244
631
552
496
416
617
841
452
641
521
739
367
567
688
553
167
851
717
38
117
975
534
817
543
440
894
103
941
841
694
952
521
720
610
157
132
468
119
571
407
109
640
273
340
877
661
509
640
347
583
84
281
963
412
548
612
103
294
249
974
30
703
650
354
783
504
934
368
783
511
73
18
643
752
812
764
387
225
521
328
255
509
381
99
714
241
975
450
274
191
556
605
378
850
289
105
937
573
227
753
305
607
208
413
164
866
40
352
347
141
821
717
832
646
283
161
433
113
884
86
523
438
555
222
435
333
924
55
661
177
930
652
711
367
953
48
363
830
69
106
143
578
22
683
632
39
686
817
731
389
442
733
189
142
995
971
953
88
460
411
588
521
619
190
806
754
400
363
229
331
549
844
889
444
852
493
776
46
911
967
410
633
931
464
913
777
370
16
875
260
917
293
58
378
415
253
862
671
20
861
843
897
614
82
359
382
622
68
150
863
817
740
678
87
483
804
422
186
719
552
78
668
959
425
36
366
656
744
78
494
402
761
528
627
616
422
738
183
820
252
2
524
484
83
934
733
874
871
486
994
500
790
576
397
836
975
521
674
425
859
59
276
244
142
226
462
183
955
191
169
988
747
80
638
2
174
42
753
995
706
636
189
452
232
370
211
176
973
543
123
291
77
866
337
99
6
653
181
162
796
499
74
842
441
966
183
683
5
736
541
587
3
30
342
796
609
336
80
992
106
227
791
569
110
964
406
162
213
819
404
145
615
162
104
418
83
61
449
844
327
740
962
771
851
595
121
24
733
75
711
138
247
468
176
320
486
278
216
481
74
829
321
474
574
616
937
134
344
281
295
25
915
650
86
519
988
290
507
326
644
854
486
857
126
989
297
89
225
871
178
214
26
293
967
236
857
958
455
316
813
628
689
41
35
523
191
710
282
904
583
897
201
340
526
971
868
809
804
697
901
793
171
904
631
914
209
2
201
957
486
80
674
139
436
190
38
348
498
280
521
787
272
944
227
928
157
478
513
249
656
388
580
969
550
204
636
691
26
90
838
837
858
983
298
418
916
722
502
43
225
75
147
590
543
895
625
146
915
697
762
928
653
479
617
784
872
887
178
396
436
35
550
228
337
898
714
628
610
695
28
194
538
54
730
999
526
188
528
252
801
327
703
290
699
974
390
287
905
570
258
156
93
914
350
219
372
82
805
968
314
853
36
318
539
294
756
789
604
746
621
374
500
445
550
818
740
888
299
729
621
786
324
869
696
20
66
35
676
437
381
464
925
218
908
126
336
718
841
243
319
970
613
894
694
980
438
555
623
454
769
754
199
382
950
994
45
604
22
629
636
182
167
179
177
31
107
998
447
631
253
1000
733
12
970
536
9
974
159
108
711
715
245
738
558
119
99
556
784
718
92
351
851
183
755
737
118
279
63
977
656
718
184
468
804
35
181
282
542
378
627
855
261
867
462
926
554
77
395
879
126
633
645
221
652
684
650
60
427
224
287
570
159
248
949
621
533
420
25
248
597
939
680
529
581
651
382
289
252
244
377
316
658
105
603
248
578
251
752
901
563
821
517
949
891
135
253
727
765
294
36
747
154
99
542
369
76
555
52
465
189
196
181
320
743
370
644
49
112
623
617
778
619
30
781
952
990
410
990
887
709
797
773
21
726
99
98
707
998
283
8
21
108
150
660
373
114
942
205
967
207
124
187
305
998
95
128
877
803
214
644
498
885
22
347
984
705
85
90
909
900
555
550
193
960
441
259
522
610
551
278
5
22
195
802
867
676
945
161
159
884
543
153
461
124
339
361
473
18
583
976
638
711
303
789
147
429
988
83
849
377
942
346
843
189
654
713
407
264
783
447
961
257
33
583
567
155
600
710
528
268
441
544
387
931
476
803
244
352
352
420
997
135
809
444
877
281
171
570
437
154
35
633
579
421
912
383
844
751
139
41
851
999
149
770
684
899
503
17
778
356
480
417
438
976
126
631
115
608
59
408
292
368
401
597
772
547
43
666
414
523
303
294
340
491
580
281
616
264
825
557
705
484
633
143
681
563
350
461
554
421
483
920
552
977
799
32
228
546
414
193
168
188
658
165
297
761
454
835
840
310
367
361
653
721
249
530
529
134
683
772
858
444
721
453
416
415
894
599
40
536
855
385
826
508
778
904
219
974
608
840
39
99
5
395
973
49
352
221
351
770
810
694
91
343
165
217
852
698
833
36
494
840
843
523
934
141
988
250
798
560
256
628
733
328
424
380
149
664
815
192
80
385
427
111
44
783
857
134
128
145
778
843
71
987
443
72
280
528
564
236
862
629
467
126
203
267
995
327
604
432
419
605
417
0
187
198
644
579
151
460
606
977
104
9
658
245
97
624
274
476
60
914
231
758
684
711
93
498
630
3
479
223
532
275
685
949
15
623
277
74
318
898
150
929
203
83
67
294
362
954
94
104
778
359
597
1000
468
148
551
968
195
201
527
852
902
880
448
398
322
870
735
28
475
13
454
369
211
629
841
77
440
701
219
898
233
406
110
610
495
334
550
200
305
1000
753
335
655
280
97
623
264
651
265
933
854
27
38
241
483
975
391
219
118
892
954
653
959
442
591
55
83
814
364
295
851
499
299
164
504
466
323
471
480
498
785
960
804
346
194
62
384
732
325
548
298
3
638
271
967
612
51
742
611
794
832
452
407
561
977
36
541
345
644
365
358
905
876
545
315
972
777
454
766
272
715
894
528
111
438
961
753
818
908
75
360
130
87
184
833
332
317
856
501
951
348
832
501
713
317
537
437
354
467
347
222
521
498
234
202
473
293
301
825
515
301
143
261
76
831
636
729
720
996
998
707
237
816
972
320
992
554
523
921
543
453
41
834
631
873
814
569
474
232
180
171
654
509
501
34
270
796
996
915
181
140
780
860
284
197
990
650
835
224
29
308
505
543
411
691
306
641
83
784
890
320
590
266
736
4
176
838
7
278
559
223
670
552
256
776
828
469
136
600
623
902
320
787
394
786
641
366
540
66
905
588
679
183
360
859
20
192
139
417
976
138
929
705
159
959
159
386
523
910
558
766
494
823
336
186
694
323
281
653
821
875
142
838
664
483
634
651
53
144
96
365
45
536
76
951
178
756
219
736
886
830
448
751
876
157
19
660
339
332
461
617
920
396
132
32
585
710
390
357
614
391
431
451
419
191
549
240
748
801
847
988
353
896
575
114
481
3
990
3
390
80
144
74
372
218
153
259
840
650
242
909
558
867
263
234
279
599
732
865
440
85
188
209
16
753
72
692
254
394
603
128
561
341
138
529
261
62
423
248
686
393
584
781
238
433
921
713
874
870
320
129
58
593
330
263
623
932
388
536
690
291
891
796
958
717
556
290
165
585
164
580
830
587
913
398
764
152
935
204
166
359
643
289
486
915
834
183
518
465
335
976
307
587
152
675
607
371
147
620
216
370
9
214
575
182
566
936
326
751
46
409
717
248
338
879
572
630
464
121
493
954
772
295
913
105
571
493
661
503
440
794
38
465
121
961
411
691
983
48
554
885
734
403
798
282
354
648
245
721
458
811
732
559
663
788
540
337
121
150
927
404
860
569
543
51
549
275
217
394
649
937
683
407
884
115
750
241
538
627
401
366
733
632
810
740
339
231
41
970
931
397
600
607
350
185
666
508
604
932
262
197
419
219
179
573
388
854
630
997
514
530
15
880
203
815
957
522
648
415
28
619
858
569
537
265
751
895
629
410
541
615
472
243
723
326
269
833
343
39
351
926
14
616
27
301
728
969
262
227
334
345
134
304
237
645
509
35
947
431
414
998
557
123
162
769
90
371
994
834
787
948
488
496
607
360
460
602
636
818
532
213
718
42
750
505
78
251
415
671
191
275
761
177
114
108
303
781
101
482
624
359
496
493
794
213
967
986
563
891
199
465
169
928
163
6
820
633
391
66
282
691
48
392
960
317
824
597
786
642
436
801
248
916
923
444
359
408
810
461
140
264
161
336
493
592
934
487
46
499
130
946
317
709
922
228
60
923
296
469
834
220
408
948
447
415
255
683
720
918
490
506
488
429
472
29
218
515
71
951
890
112
190
63
387
108
315
772
137
222
85
984
649
213
585
500
90
963
154
470
804
199
138
789
456
343
818
729
711
780
990
404
362
411
467
503
954
99
46
433
551
849
952
514
28
615
694
102
805
331
958
184
931
481
520
522
651
842
298
733
994
294
937
546
501
530
269
200
192
928
300
167
154
362
656
814
692
984
243
296
506
959
739
50
545
25
710
135
969
950
276
984
952
1
209
347
571
741
171
673
875
664
572
673
355
523
373
485
747
176
375
957
868
8
514
941
540
186
150
70
62
157
795
276
919
674
738
529
182
41
161
615
693
682
193
339
582
756
11
247
694
350
11
650
114
46
35
576
672
352
332
721
608
89
839
252
88
851
23
765
382
565
961
40
996
387
339
96
759
414
425
198
952
223
973
686
966
305
998
793
350
475
583
759
305
567
656
200
577
430
882
4
828
171
765
607
521
11
20
92
626
51
200
816
66
550
859
389
430
211
567
806
377
807
862
603
405
608
911
258
889
816
758
945
138
119
181
89
132
825
87
751
151
356
870
898
239
440
904
301
270
123
585
683
739
160
911
360
124
630
265
678
921
237
878
237
491
603
349
374
144
186
232
185
858
4
434
415
590
244
386
976
807
332
162
132
16
384
840
208
24
983
795
622
223
489
839
808
816
480
552
200
466
227
454
51
23
549
101
662
366
406
955
182
112
57
83
186
978
420
334
748
633
741
843
309
4
399
74
66
68
332
78
686
193
375
857
954
482
264
24
575
940
934
564
236
760
922
343
49
46
713
916
123
28
588
898
600
862
360
594
905
226
882
155
62
546
151
648
514
293
564
619
206
398
337
541
872
398
273
669
511
239
802
683
429
312
460
980
0
782
326
245
493
821
44
485
209
401
583
79
363
336
585
449
458
159
486
993
632
908
861
734
213
27
522
839
38
345
167
521
75
674
22
716
687
875
666
709
587
290
316
40
84
717
867
816
877
828
284
922
748
722
99
415
969
267
747
157
542
9
714
691
559
571
530
267
887
436
261
941
509
399
978
459
275
360
880
756
593
397
668
641
991
767
867
327
648
947
175
256
276
742
300
335
775
428
965
0
442
839
804
30
462
777
810
371
14
684
26
719
119
251
932
40
87
255
969
496
766
233
804
854
327
470
58
301
687
324
476
385
718
176
405
505
989
655
830
916
658
392
904
891
612
696
140
111
38
425
349
481
215
894
931
449
263
412
258
113
583
996
779
672
88
94
636
365
805
923
615
11
249
950
511
930
812
160
391
154
800
800
943
722
743
144
415
704
662
807
893
297
923
96
413
742
620
466
734
80
947
63
778
477
108
371
307
698
574
467
875
106
603
663
556
189
941
62
152
62
320
654
623
56
754
144
690
524
180
718
132
800
361
277
289
437
39
432
889
738
136
886
816
947
633
320
455
533
578
644
128
70
314
236
38
799
971
841
13
316
594
301
668
670
315
359
358
860
858
399
842
858
112
19
268
494
880
99
103
341
214
542
835
113
670
129
664
672
644
747
821
252
166
687
635
783
720
23
552
18
331
358
626
275
704
655
53
937
759
352
98
471
848
269
120
887
160
135
423
762
900
876
848
515
215
370
997
436
866
641
473
825
505
151
159
949
20
235
87
242
963
719
237
927
796
790
340
720
838
137
699
630
508
570
130
918
69
606
379
400
628
709
756
495
641
647
27
38
227
594
52
278
662
597
776
979
23
663
204
249
706
985
73
305
618
889
796
583
12
935
874
649
528
909
393
825
15
466
276
181
931
689
464
954
310
671
104
307
77
897
665
689
44
342
1000
498
967
750
476
211
340
922
706
631
937
783
354
710
384
52
825
688
53
400
130
19
781
120
814
598
416
361
558
355
89
898
918
917
196
464
162
133
828
154
825
737
339
792
757
151
252
812
581
606
637
261
163
331
753
677
688
739
82
319
434
140
84
568
409
683
273
526
348
461
264
242
320
562
866
527
434
931
341
966
588
454
630
934
971
315
861
93
911
299
233
478
994
37
553
88
513
184
71
290
356
940
659
820
5
438
495
760
100
462
917
231
353
696
302
997
53
241
750
883
866
582
673
412
645
353
441
952
672
221
49
33
337
94
28
542
93
907
795
389
715
1000
193
142
518
263
567
422
154
214
548
846
130
361
787
80
423
759
972
672
522
595
48
686
683
614
612
825
467
183
502
706
326
842
136
460
716
767
190
572
901
653
130
276
417
91
873
103
395
975
379
53
632
784
285
40
670
437
185
899
467
486
943
655
19
656
457
499
449
83
314
462
896
340
118
549
638
225
548
281
189
86
380
392
501
2
565
338
552
666
951
961
102
239
821
100
440
684
614
68
951
765
198
765
836
903
618
740
427
629
73
748
207
19
381
538
296
408
601
683
202
183
653
288
46
545
425
770
65
272
548
529
584
572
480
544
982
8
216
269
28
434
828
352
941
747
123
98
378
894
692
833
2
974
517
387
434
506
957
574
876
810
947
999
443
1
385
253
627
225
778
524
673
450
300
804
917
872
507
968
775
30
515
200
160
127
986
52
66
167
462
284
942
321
511
620
756
493
515
1
892
371
119
441
733
693
834
731
489
308
974
799
446
859
600
855
445
310
44
100
147
516
106
858
637
141
630
823
211
955
119
816
669
692
334
248
771
915
414
360
46
810
446
4
546
423
384
992
399
494
632
902
604
540
168
378
367
441
498
58
166
240
29
324
677
213
471
397
550
811
878
896
276
233
67
814
631
648
361
726
921
23
167
53
502
169
40
319
364
970
999
8
642
672
193
600
935
65
116
161
232
280
704
875
695
481
257
948
454
256
198
562
410
815
615
443
630
277
763
338
427
842
555
702
385
46
470
108
286
953
548
306
176
962
431
18
115
88
914
152
963
851
148
397
100
623
623
244
917
735
957
956
858
482
282
395
16
364
772
178
349
418
319
884
673
170
32
173
122
902
894
461
771
568
843
783
521
45
119
388
750
94
626
610
313
157
833
102
880
571
184
318
302
846
465
971
677
691
805
371
655
603
121
664
896
955
29
925
27
251
514
94
181
376
889
132
754
706
79
657
721
346
381
433
886
720
34
665
340
312
688
978
690
717
680
104
77
294
571
420
484
249
964
77
934
75
977
7
641
600
376
118
482
312
149
77
407
839
29
354
747
704
206
332
236
342
460
91
459
813
444
258
109
152
843
868
187
626
239
848
60
92
356
631
773
828
656
673
206
836
726
654
380
330
797
377
129
944
40
279
114
472
741
347
629
383
66
489
523
672
402
184
866
805
602
35
131
929
446
350
184
187
884
996
185
807
212
704
772
770
806
285
314
912
932
985
387
203
976
987
721
856
573
203
209
933
711
522
559
122
388
309
810
470
483
571
39
482
118
565
333
965
563
546
258
507
604
331
709
243
716
963
489
498
179
218
72
511
26
243
927
653
788
730
583
309
778
593
954
913
29
864
810
717
664
990
285
841
194
525
270
914
386
243
940
126
293
196
206
150
375
168
96
441
742
122
831
225
239
299
669
126
309
896
765
322
674
834
722
702
784
508
51
524
97
209
172
740
631
26
718
827
330
497
67
144
521
446
918
254
618
949
852
93
704
348
57
383
909
53
297
86
38
200
328
161
707
265
896
73
964
457
955
299
211
244
771
98
982
788
769
68
351
89
310
520
600
563
583
136
695
175
142
463
533
382
411
549
27
573
543
10
238
158
888
225
558
185
861
637
358
358
875
912
682
762
310
790
973
536
798
864
311
956
114
504
165
225
440
455
410
581
215
965
987
455
991
304
922
116
129
39
2
820
22
868
279
560
49
22
911
656
988
951
316
233
735
92
209
824
116
749
161
27
943
762
119
61
301
343
332
594
36
53
645
695
299
330
350
836
658
545
147
965
472
357
747
75
192
579
851
657
912
407
863
879
953
966
928
819
687
455
102
461
29
107
866
160
355
62
587
227
930
892
736
897
135
883
125
572
873
260
329
601
656
449
316
917
872
343
21
18
46
390
229
583
429
627
360
49
876
664
163
869
327
801
170
276
894
695
721
628
826
165
797
181
417
527
332
418
261
607
923
548
844
941
251
849
753
719
938
322
372
782
0
709
35
486
733
111
493
478
284
117
33
4
516
585
622
76
677
949
877
205
266
213
842
3
397
437
712
753
319
387
922
696
501
663
645
364
617
7
976
76
843
727
674
486
73
384
996
693
392
360
667
526
538
743
100
314
701
15
950
982
278
248
367
732
82
991
145
798
130
756
686
117
644
903
327
997
493
809
769
223
267
733
722
697
868
725
509
921
620
545
247
191
500
832
649
581
641
918
780
411
695
537
795
597
149
851
298
394
855
216
793
413
309
966
590
520
705
402
991
972
417
4
108
578
518
453
209
513
823
957
137
716
850
186
976
818
365
593
497
272
147
880
425
52
536
979
219
534
411
939
32
986
310
663
973
74
248
346
111
368
491
171
795
751
245
402
999
455
513
379
357
641
209
467
114
565
450
923
287
222
194
890
154
998
264
283
410
821
453
611
662
830
785
857
997
233
650
331
460
225
35
749
652
240
731
565
79
154
35
28
870
537
380
200
971
202
253
180
722
428
277
527
258
946
799
122
652
86
946
245
194
482
177
527
410
551
311
356
632
393
288
493
446
167
938
205
862
313
471
426
342
186
980
503
595
813
165
574
602
708
393
808
132
356
346
34
534
465
867
737
589
694
687
594
484
951
155
161
306
676
861
381
432
118
669
866
669
629
473
102
149
699
371
338
766
878
16
408
384
876
228
200
123
40
191
101
589
254
970
715
281
947
373
902
820
722
363
805
37
167
321
94
466
133
369
546
622
121
618
748
990
354
544
426
178
259
41
281
562
594
692
902
862
147
181
391
468
171
665
693
294
305
792
16
718
293
995
324
790
737
64
501
307
205
135
689
261
751
161
744
136
751
222
149
418
84
201
17
331
640
28
295
859
229
713
301
205
399
969
164
923
6
278
817
759
944
647
241
441
282
19
65
445
183
104
71
621
723
364
967
766
716
81
766
450
760
133
197
689
411
127
741
443
523
933
921
636
290
101
405
822
401
300
108
83
87
731
141
440
547
552
979
793
253
507
651
822
497
640
181
331
230
686
856
397
188
915
538
954
171
902
950
601
821
703
760
575
68
877
487
407
141
191
23
895
517
898
151
821
410
39
814
491
495
712
966
539
538
126
146
132
720
564
772
744
766
611
457
378
0
163
158
618
728
658
623
221
773
430
387
326
42
355
882
459
253
914
446
777
682
951
311
51
808
457
422
780
569
482
869
86
700
860
594
938
40
77
55
322
967
192
341
252
42
890
197
455
87
588
535
255
776
785
557
254
982
329
108
803
193
196
950
281
187
83
95
325
183
852
890
738
778
592
179
607
100
159
123
101
724
410
656
217
606
976
698
690
525
40
693
203
118
175
206
420
426
802
412
301
364
70
450
882
564
946
195
430
544
696
783
747
894
699
357
404
537
149
101
29
663
833
633
672
192
58
376
949
383
629
421
628
100
364
616
626
949
891
71
61
271
777
55
875
267
832
577
920
504
414
628
83
359
535
366
727
367
967
747
447
965
290
654
688
13
319
494
510
703
238
677
670
494
633
373
695
722
621
175
898
285
360
424
120
517
882
664
392
169
34
631
431
18
629
31
899
34
795
7
269
864
119
476
456
259
36
927
289
609
938
667
776
759
590
397
341
248
196
212
47
170
143
98
609
397
72
603
977
463
871
309
306
145
46
382
921
251
712
667
731
484
561
161
814
116
923
741
613
398
914
624
373
841
657
506
622
362
222
129
673
644
638
370
953
734
911
170
658
932
398
92
963
375
855
749
781
651
191
405
205
227
115
367
816
693
156
970
511
177
0
706
94
821
139
919
473
21
453
803
765
131
313
201
920
252
830
587
66
966
711
898
641
261
732
833
654
611
499
894
43
313
973
610
854
750
698
440
796
609
794
833
432
255
689
804
407
557
608
547
298
296
543
214
50
703
75
332
463
524
26
440
388
918
556
247
392
824
644
710
578
94
435
269
886
550
977
941
692
202
900
95
465
191
232
907
26
227
40
508
645
462
828
587
381
139
547
942
448
745
1000
524
82
963
196
242
912
569
372
206
236
43
323
886
322
506
334
753
90
979
168
981
374
828
205
13
317
70
592
675
325
581
798
704
825
493
73
539
865
765
83
688
641
408
82
960
455
466
624
349
431
782
379
969
652
800
745
479
158
6
982
20
623
714
347
828
196
375
382
73
863
106
538
288
700
563
760
487
480
398
888
52
434
459
178
344
776
930
981
238
534
718
591
271
243
96
913
25
47
244
81
679
386
458
910
141
670
779
585
822
581
147
394
238
414
779
185
637
81
605
989
362
267
446
942
314
649
315
502
923
157
263
248
843
682
467
384
667
942
3
840
177
238
986
895
42
88
713
196
29
995
523
800
620
114
843
669
485
603
475
874
960
711
478
806
445
31
148
99
574
370
389
718
954
760
700
417
154
636
441
795
97
977
753
191
128
760
93
994
453
165
841
532
278
350
468
324
490
340
92
2
593
210
92
527
677
488
182
677
19
900
879
476
806
50
935
688
235
558
528
45
601
490
458
729
630
386
958
223
168
15
255
195
214
911
680
954
263
329
426
933
109
655
621
850
38
9
19
560
836
527
481
539
171
971
477
933
467
58
938
37
530
765
377
589
214
119
454
7
813
224
738
660
649
608
261
639
808
5
592
93
59
677
226
571
328
359
151
892
57
274
812
415
76
124
563
311
866
619
192
604
23
205
789
346
685
132
71
950
43
957
16
994
112
623
509
879
97
705
780
303
429
401
985
387
904
928
496
236
989
919
346
511
42
810
564
431
491
60
530
204
539
613
556
304
170
707
284
258
689
563
294
144
632
209
67
95
30
572
225
989
696
928
104
611
877
933
885
899
629
893
117
2
535
492
254
227
486
938
711
414
702
374
673
609
738
663
84
535
126
490
580
406
327
752
127
429
719
239
412
682
947
529
724
528
135
203
786
506
808
989
420
429
128
820
995
637
373
394
591
343
992
676
25
607
39
163
488
79
359
958
911
729
51
331
243
79
362
656
608
100
644
259
986
975
880
144
445
448
126
228
287
275
609
953
599
190
216
867
790
787
772
877
192
469
575
327
511
599
100
528
76
249
50
757
717
97
461
687
255
682
405
927
142
668
86
648
648
709
63
495
784
688
850
88
700
78
170
6
570
616
684
857
589
879
847
479
867
963
833
553
286
787
638
381
803
241
660
183
624
520
540
615
222
975
820
716
922
483
42
729
932
303
571
446
386
456
873
88
156
849
340
148
183
428
278
479
383
356
13
542
82
672
101
251
535
12
621
241
715
87
627
845
318
419
348
400
809
667
992
915
252
413
723
973
221
753
6
241
945
226
427
478
153
753
18
37
153
752
55
384
982
311
645
578
655
631
785
652
776
944
353
219
291
166
844
292
253
658
588
886
545
914
631
307
541
39
321
597
919
260
580
225
523
526
372
140
342
927
42
431
778
200
131
193
147
995
753
203
704
784
541
826
924
127
218
439
525
85
64
485
206
246
570
878
653
115
576
617
985
202
408
267
674
365
730
225
369
166
889
836
101
786
883
878
288
423
433
523
15
927
792
392
271
6
263
487
586
739
784
819
129
206
87
253
636
848
898
367
245
270
818
884
22
6
445
788
54
474
916
832
706
345
399
205
373
481
819
293
582
746
339
691
324
536
678
782
672
805
347
606
473
68
24
339
939
595
288
761
109
597
750
140
187
873
212
273
239
459
785
570
1
763
343
173
532
168
168
542
630
610
80
592
284
908
651
20
102
387
291
407
546
429
92
53
564
257
906
344
543
848
629
891
784
631
391
808
714
725
467
524
933
652
650
173
320
987
699
48
400
764
826
0
402
516
810
210
577
524
383
98
161
930
947
655
703
470
898
130
774
146
872
809
371
327
103
127
430
677
354
45
498
525
550
542
715
255
631
341
538
651
836
883
444
841
988
297
641
90
30
76
823
285
808
247
46
989
510
163
728
671
195
522
962
545
882
431
932
159
471
211
602
892
476
770
211
625
391
552
787
104
457
249
708
578
619
254
900
264
228
658
478
776
189
229
133
650
527
739
504
116
841
356
760
985
807
968
964
116
453
979
433
816
392
710
955
841
306
544
443
735
374
180
679
443
961
480
728
883
479
991
825
871
964
931
313
885
86
882
935
856
125
440
450
804
340
189
822
4
260
392
561
260
350
707
801
974
522
947
297
95
694
118
493
542
132
599
668
824
334
847
566
700
14
92
809
130
565
83
778
379
997
374
182
444
849
668
257
49
279
538
970
560
741
512
581
100
617
583
597
516
120
865
772
359
322
130
526
340
823
246
233
863
952
895
867
581
524
430
195
467
821
996
179
92
623
964
629
427
550
938
392
157
773
133
405
187
967
839
517
724
686
939
67
523
483
125
222
35
644
759
177
608
598
622
263
726
689
462
123
458
189
484
241
429
908
518
794
918
990
803
742
322
487
611
635
487
809
803
693
331
909
616
295
27
982
16
335
240
517
661
489
303
977
138
640
550
902
77
471
132
561
374
735
655
315
384
758
524
802
492
359
61
102
896
790
601
467
81
613
427
975
410
420
658
9
848
661
165
885
538
178
267
770
2
399
256
78
575
675
786
989
791
815
246
501
156
900
585
737
279
421
768
951
227
20
331
984
597
745
195
809
823
861
398
359
165
949
877
382
901
623
5
556
596
286
708
199
418
544
615
67
373
391
549
356
824
395
780
307
727
642
840
853
254
468
719
199
173
963
281
445
802
45
829
76
634
578
695
991
103
643
176
187
953
995
275
863
313
800
41
985
817
943
718
12
352
94
272
817
103
68
449
184
595
596
220
780
663
330
261
13
564
792
399
950
112
807
669
957
5
282
802
677
69
338
995
512
833
103
215
922
862
527
639
333
584
131
790
22
270
759
413
638
613
57
734
597
41
978
729
620
672
775
329
493
192
834
48
393
812
533
617
290
919
376
326
119
211
717
526
80
548
183
171
784
937
982
804
28
224
496
671
326
689
475
805
611
457
799
7
663
602
893
598
945
512
26
734
590
378
889
2
884
211
233
771
867
945
44
290
64
449
190
725
633
690
523
726
186
962
387
13
674
448
166
456
237
974
990
567
15
859
390
439
490
478
907
726
589
979
464
312
385
326
198
602
325
443
0
502
706
574
913
422
6
995
542
809
440
670
822
542
961
947
436
641
611
396
247
503
940
47
135
780
590
711
26
761
740
914
726
392
107
255
204
340
266
877
886
181
481
529
186
124
7
279
184
53
880
44
930
109
667
559
955
776
936
607
20
878
238
468
724
505
188
1
728
883
344
337
64
688
415
514
848
467
293
482
261
508
790
599
941
979
278
916
230
236
538
730
572
905
674
199
227
594
668
370
255
856
892
345
417
553
481
681
616
794
184
318
503
152
754
2
842
611
833
386
537
944
229
418
438
13
189
600
408
261
389
690
399
134
111
799
430
649
778
120
935
16
334
277
953
43
577
495
295
198
146
970
862
62
908
513
219
652
213
94
708
491
647
645
876
20
699
1000
385
962
591
956
292
794
683
719
121
90
247
413
71
679
325
63
928
401
449
214
822
956
199
39
712
381
65
955
711
353
373
707
448
62
801
139
546
798
931
995
997
316
85
125
717
2
967
998
665
87
63
227
524
337
358
721
10
615
721
372
34
663
407
86
783
166
739
186
127
182
63
855
238
859
864
297
415
336
222
298
211
632
408
83
175
956
923
621
868
49
549
745
80
285
566
494
763
341
126
646
778
584
828
455
247
499
476
161
186
391
1
156
173
450
739
879
939
189
149
360
817
126
670
422
864
244
166
221
233
295
545
896
608
651
991
939
628
342
739
982
95
298
500
695
103
16
759
744
342
694
850
282
536
139
66
378
29
840
756
223
979
590
26
819
565
248
874
322
927
398
330
116
844
468
673
969
551
714
564
635
490
73
58
398
706
25
905
559
801
857
963
652
994
636
200
183
644
521
26
346
959
530
377
957
174
587
500
962
217
775
845
282
60
951
634
386
212
101
478
802
975
294
378
590
6
487
144
469
738
563
550
153
419
714
602
192
936
499
509
855
801
546
7
503
100
691
923
853
887
4
734
917
449
431
412
523
423
315
797
43
517
483
570
819
270
43
913
814
79
387
462
967
475
491
319
418
967
142
296
605
28
16
11
334
701
27
498
661
388
138
17
777
24
872
233
345
416
254
610
901
603
589
404
339
353
982
701
915
590
903
415
110
410
62
40
258
41
590
297
83
515
92
792
103
609
595
447
937
232
402
115
41
872
251
935
417
756
180
996
975
270
50
962
773
10
125
999
189
626
581
287
600
95
957
288
287
727
475
139
722
301
189
777
916
827
473
147
577
210
689
641
611
617
677
640
188
752
361
396
454
180
0
706
948
893
359
273
359
936
813
793
972
148
697
592
500
510
364
422
653
245
694
791
404
344
355
649
356
289
511
931
417
271
334
76
267
406
46
964
179
839
718
646
944
32
590
952
542
11
255
900
621
537
231
193
761
738
876
271
737
223
695
685
268
569
284
418
629
813
876
701
171
143
458
433
769
422
181
373
146
54
14
268
647
292
984
519
325
926
307
13
190
626
886
403
233
53
565
35
299
761
86
216
529
396
106
705
304
993
895
558
924
139
201
186
97
866
11
91
368
610
465
676
774
773
697
215
835
809
372
523
741
370
32
163
537
247
221
33
71
358
6
332
840
934
386
918
2
613
697
362
928
123
853
812
211
415
595
644
689
758
916
497
554
968
918
319
516
657
45
958
995
138
908
179
366
616
151
166
59
833
330
967
868
318
780
529
421
978
160
397
181
133
623
802
798
87
589
118
819
159
896
625
724
361
633
972
68
473
296
979
427
557
787
135
561
942
508
430
253
890
87
514
998
537
665
630
198
468
482
650
421
658
776
885
309
324
66
503
279
157
105
366
664
233
588
286
0
522
314
404
225
784
718
747
914
880
966
872
414
323
938
392
274
630
967
136
733
734
210
427
425
366
136
159
790
310
369
225
682
220
689
627
784
974
239
975
476
176
192
501
297
69
620
480
688
128
436
69
909
36
177
849
702
168
432
681
698
705
616
681
933
510
402
770
307
506
428
469
60
17
760
984
102
69
101
705
268
307
961
130
945
147
728
468
399
940
251
69
534
486
193
241
376
966
440
54
371
901
233
889
74
94
37
545
281
683
274
983
392
898
269
523
351
395
942
905
309
896
868
165
52
515
817
149
937
472
539
463
951
354
925
814
756
412
936
492
479
951
943
884
530
470
99
5
99
374
542
700
584
356
33
153
263
801
580
569
364
283
914
735
217
64
680
216
108
75
582
94
744
647
757
165
184
167
412
92
563
356
635
519
878
215
517
714
782
91
223
791
915
698
58
160
274
907
0
722
233
768
116
912
55
224
750
916
687
501
441
323
309
349
172
155
203
206
565
283
950
339
542
24
466
913
155
790
156
227
28
83
527
8
366
53
853
871
539
671
404
30
373
258
574
38
224
850
78
638
644
853
775
439
505
870
402
376
928
697
828
845
288
709
422
686
967
125
712
248
650
94
735
416
674
748
50
846
239
706
114
655
499
170
933
552
931
53
403
962
316
978
656
784
889
189
913
206
770
18
670
429
932
35
701
423
25
133
838
665
516
746
955
774
90
742
822
722
225
221
773
796
8
279
466
12
582
715
292
136
846
119
431
752
403
674
299
125
122
576
699
64
467
119
807
556
390
892
450
788
966
941
526
168
441
480
18
232
973
393
684
559
806
895
629
498
142
638
886
439
877
464
121
352
416
631
178
399
855
907
78
472
787
374
563
146
267
744
738
89
44
254
241
720
214
777
94
889
400
949
112
381
476
473
731
778
6
3
874
73
422
422
841
763
762
869
289
905
682
259
713
967
364
188
687
115
647
14
322
884
748
280
403
544
64
833
613
59
526
88
526
125
42
771
66
326
754
428
675
453
568
767
762
921
675
4
35
405
899
349
212
384
665
170
537
95
794
1000
521
391
848
390
804
268
147
104
547
562
538
651
516
645
84
499
573
749
38
904
871
28
40
812
653
28
955
75
63
304
830
249
872
906
754
806
672
728
918
596
473
815
265
115
644
169
876
714
823
187
900
743
807
795
361
189
667
865
325
636
831
16
293
820
282
472
611
150
925
98
752
915
703
165
940
469
189
762
64
690
63
445
78
769
287
84
896
88
212
475
73
825
781
181
314
297
295
375
167
367
391
552
322
542
556
105
149
805
845
319
524
260
305
466
248
147
55
120
429
77
441
586
139
330
358
58
770
231
389
162
285
789
726
626
521
193
16
392
657
608
131
993
137
485
226
345
461
908
151
435
225
279
434
664
312
171
366
8
21
988
706
59
206
196
622
639
254
134
736
198
544
756
75
92
8
979
964
705
619
998
179
456
298
368
678
644
499
816
378
971
177
162
320
28
758
705
330
278
642
653
562
960
804
515
61
711
985
641
56
581
267
19
779
130
673
717
117
403
247
123
264
984
92
903
766
709
675
877
405
335
819
797
537
524
13
71
977
44
929
603
711
481
539
703
415
35
591
310
362
293
428
79
724
665
839
645
449
476
15
137
697
647
667
636
841
214
130
738
67
126
653
547
859
649
211
963
854
58
780
835
221
134
821
853
756
203
503
52
767
648
746
95
886
151
17
792
113
86
226
484
82
832
984
177
567
5
909
309
424
458
975
789
638
425
53
209
921
892
180
608
253
543
682
222
683
894
514
380
928
875
488
196
603
874
25
223
100
945
637
702
223
535
661
170
547
400
873
101
549
865
657
286
902
894
755
173
102
227
218
541
520
785
481
889
768
276
303
170
652
328
519
227
442
695
806
790
753
766
135
135
64
564
524
349
844
165
9
729
249
611
738
701
60
759
358
967
19
429
151
58
350
228
524
626
570
182
122
688
525
906
346
42
926
801
60
818
198
769
874
60
996
810
158
308
648
416
916
754
832
35
589
419
249
659
268
501
131
81
545
459
323
675
329
211
417
696
825
531
961
851
621
261
781
226
787
837
313
113
329
702
772
163
443
809
74
632
953
168
212
315
280
190
749
931
818
684
330
209
589
291
584
762
908
78
341
39
940
516
18
882
360
446
177
930
702
599
479
576
422
542
464
116
756
520
596
675
129
895
76
670
140
452
716
63
503
855
239
801
684
866
658
756
413
482
948
816
686
393
843
918
637
455
99
822
675
111
120
178
229
933
573
452
483
657
880
992
559
914
811
633
565
427
54
448
480
227
811
617
875
813
888
25
406
395
101
872
164
119
981
124
193
276
565
767
162
306
321
312
544
645
481
28
614
764
964
139
196
223
264
229
291
36
857
478
922
713
811
753
687
253
234
194
686
60
833
196
146
558
484
678
368
887
447
259
137
463
543
751
47
934
635
654
175
1000
864
322
486
942
809
582
863
243
931
15
14
812
983
633
212
859
682
268
732
869
467
233
395
137
674
141
163
476
546
672
43
659
216
813
520
272
32
259
591
580
521
684
601
711
656
805
822
944
690
677
774
948
393
165
659
152
375
852
259
93
922
963
364
997
157
676
822
19
189
583
782
776
121
973
985
593
323
18
981
305
745
233
689
664
582
846
947
432
392
685
429
420
512
986
621
16
858
580
778
626
80
128
298
630
780
924
816
421
487
210
646
193
953
209
845
418
955
698
496
389
605
386
884
541
102
98
511
745
156
400
680
247
539
108
15
701
270
989
127
813
214
100
790
412
885
878
668
533
523
191
556
255
355
646
212
872
512
174
541
496
615
12
408
635
433
778
555
101
972
621
537
569
872
509
127
787
37
394
755
985
806
897
122
227
121
623
855
276
654
720
109
79
407
706
486
197
460
761
287
168
257
952
570
88
387
364
331
638
844
975
289
877
412
962
409
318
373
213
629
747
738
81
218
856
691
770
758
997
879
726
535
797
897
318
340
426
989
901
876
573
134
719
837
232
987
372
906
298
715
726
471
929
273
913
760
207
30
171
241
752
983
242
162
900
595
324
337
85
468
723
926
751
467
460
810
199
472
219
322
962
949
470
163
860
540
709
436
12
919
350
539
836
629
657
987
415
250
721
168
165
649
480
660
560
537
506
0
582
641
636
112
127
806
964
135
232
438
69
163
701
44
214
370
484
975
421
100
40
163
996
555
687
452
926
266
678
763
371
583
106
562
392
215
162
420
663
931
128
639
165
873
459
500
147
97
115
738
826
818
760
832
107
598
795
297
181
621
333
436
509
315
620
339
564
315
403
651
499
412
287
845
746
446
763
100
942
404
276
202
0
195
579
947
959
247
821
702
149
408
983
310
378
600
896
641
806
376
263
495
609
885
366
855
926
45
582
269
659
883
432
683
651
305
528
603
184
836
956
214
100
1000
637
597
582
218
298
225
402
46
387
673
337
970
620
234
129
311
703
951
300
975
438
62
583
906
397
88
101
807
578
212
145
307
64
381
519
275
909
831
419
990
973
42
26
406
490
644
624
634
669
429
544
503
542
517
180
564
525
361
494
457
187
108
437
935
585
209
209
516
670
341
290
144
975
659
907
577
69
776
512
621
519
245
337
140
380
55
400
61
746
573
887
727
679
612
294
22
483
822
200
68
178
356
762
874
900
506
999
715
579
622
737
156
578
812
301
674
511
453
569
400
182
805
477
405
866
261
286
668
391
832
983
645
689
359
210
346
220
500
475
431
896
738
80
341
990
2
265
270
882
314
55
858
979
543
203
399
951
630
878
243
905
107
989
601
577
75
58
683
489
489
242
925
286
979
635
291
860
621
59
476
832
278
336
194
569
997
207
256
529
117
847
604
435
125
387
410
408
321
568
283
18
986
944
302
937
761
861
336
849
874
662
422
355
340
989
653
877
248
309
848
115
894
808
558
890
350
289
392
872
948
105
234
613
964
369
521
424
802
793
821
639
426
581
886
100
736
164
222
117
104
329
217
83
222
950
719
196
650
277
514
47
634
609
429
896
534
578
388
719
380
306
306
405
611
738
493
107
529
328
642
793
303
297
464
732
399
568
655
573
557
140
62
935
830
859
449
718
534
303
355
441
74
583
895
671
692
261
250
543
348
575
129
898
986
182
599
274
19
795
416
524
801
139
497
924
340
208
151
747
671
280
458
343
497
441
379
127
600
543
12
22
384
45
652
978
220
691
744
789
508
72
329
46
306
213
601
532
476
116
878
410
909
923
909
357
354
744
561
344
990
861
17
22
595
720
926
76
541
943
874
271
320
212
939
161
666
564
798
461
112
613
717
892
552
848
709
543
384
455
992
588
388
22
614
673
35
211
146
50
616
585
342
110
215
600
535
444
872
810
629
537
951
836
707
400
426
412
34
617
625
382
233
945
785
511
533
499
792
914
522
251
838
416
618
348
775
931
423
223
377
301
485
508
992
964
698
695
964
178
647
950
944
903
536
993
833
284
355
206
515
324
215
791
1
234
18
419
148
268
861
327
833
335
401
717
271
813
489
30
323
387
215
36
975
237
429
597
647
238
775
834
888
780
930
328
834
45
509
146
723
516
113
925
23
941
732
222
387
506
362
949
63
277
732
295
446
708
450
912
480
745
133
401
689
456
321
287
257
530
901
275
37
622
465
625
196
828
273
943
501
6
878
277
940
32
567
532
856
681
92
321
43
909
89
255
200
369
793
373
595
373
387
941
343
168
413
379
1000
705
874
453
339
115
813
74
639
573
471
210
530
159
596
287
451
248
949
934
59
106
26
320
366
934
11
402
246
44
202
634
808
223
764
984
394
476
957
216
248
965
574
919
358
188
477
771
542
282
660
93
678
97
654
351
287
575
460
371
918
983
562
330
867
977
818
889
521
303
51
336
581
68
326
164
997
182
204
221
28
474
493
583
24
611
56
979
474
335
743
153
298
550
232
755
145
294
229
709
809
917
380
89
588
632
822
111
198
130
526
172
347
756
361
106
371
488
627
533
239
989
775
977
891
893
436
893
548
713
369
848
709
946
180
156
679
930
801
786
483
596
875
652
599
267
30
25
82
939
239
43
562
990
589
457
26
786
142
548
848
976
189
889
704
389
966
239
931
385
58
662
199
247
492
710
290
91
643
623
762
220
253
885
883
526
67
133
72
259
541
281
73
32
495
282
576
553
202
798
351
423
829
74
260
59
572
418
915
309
458
41
633
692
36
132
778
994
471
669
957
768
359
943
392
305
735
394
937
585
369
109
881
675
400
15
346
644
319
873
839
682
850
873
163
551
177
207
282
995
649
381
642
282
280
875
900
157
737
247
429
736
956
417
123
979
709
130
232
126
895
459
891
176
570
306
911
838
540
496
366
603
620
245
185
142
469
972
625
690
649
992
998
567
671
309
146
850
802
722
460
797
261
51
298
762
960
450
998
899
677
937
398
99
462
360
411
527
631
887
790
943
530
696
146
5
706
808
150
334
108
217
668
987
338
347
280
81
1000
334
579
715
681
489
944
442
426
11
708
189
162
563
551
431
24
554
212
292
528
548
66
626
908
699
261
341
261
532
399
254
789
849
