149
423
819
621
678
955
915
816
426
935
147
236
435
462
753
680
982
987
867
587
452
758
703
592
253
690
419
902
503
920
685
269
756
123
25
472
350
243
397
638
762
292
838
167
496
327
758
927
642
414
431
866
655
740
98
874
736
207
939
626
745
285
524
153
879
425
46
34
748
442
409
418
447
589
455
87
150
753
615
311
870
910
600
51
253
716
437
169
799
6
345
617
4
562
947
809
333
738
94
321
812
182
504
144
899
904
943
887
294
293
963
631
129
674
223
771
756
553
830
61
670
587
54
747
378
379
781
994
293
313
397
840
411
37
353
466
891
157
251
156
756
181
23
604
980
8
637
940
394
60
298
259
874
761
761
645
424
570
439
856
967
448
661
914
83
788
533
418
497
581
554
300
763
589
668
341
277
526
186
496
803
785
184
658
31
235
908
965
835
177
452
729
331
334
342
94
559
479
944
693
559
35
767
486
4
162
877
340
709
413
703
400
282
947
945
483
1
234
623
649
767
716
991
810
250
948
644
223
238
305
864
639
747
431
820
429
838
549
219
285
198
961
231
371
330
241
945
940
737
615
109
394
41
168
343
946
298
364
251
427
981
197
686
995
560
42
598
811
813
806
438
193
294
563
96
682
638
835
135
298
15
545
990
190
144
199
647
645
408
768
861
593
516
290
450
623
265
458
260
395
618
730
330
59
577
925
369
833
564
100
582
280
124
558
430
781
761
206
892
330
74
914
124
895
831
458
42
574
694
102
713
439
668
793
870
209
397
590
809
140
870
881
996
263
176
500
814
934
769
529
237
26
562
396
968
999
518
988
938
286
240
505
817
486
777
732
347
891
463
675
980
682
775
434
672
485
847
791
8
706
450
511
167
939
228
122
801
390
898
163
518
326
864
769
709
575
220
965
436
269
518
932
667
291
696
546
551
367
110
955
891
175
280
906
279
193
937
365
780
782
954
216
281
444
291
839
8
825
677
848
718
904
337
893
870
354
187
418
422
193
977
617
822
917
402
203
79
251
906
973
281
439
337
581
309
250
76
967
817
320
753
740
830
947
525
456
602
15
262
986
192
434
548
452
174
316
155
837
395
282
125
367
219
653
160
693
331
11
340
38
249
433
255
942
52
532
250
98
153
179
601
861
144
417
695
499
539
524
543
239
962
57
412
340
200
203
938
138
452
180
499
986
636
86
652
961
49
389
449
131
236
301
80
660
414
657
116
640
989
446
504
522
837
796
617
993
839
955
378
767
100
805
4
108
321
698
346
776
65
166
151
445
107
329
713
939
781
59
546
534
136
11
903
2
987
312
154
0
764
471
856
841
612
381
137
14
130
238
670
573
993
639
157
295
502
766
501
460
874
655
546
3
21
700
804
470
963
871
3
406
821
398
679
889
911
4
740
153
639
907
151
746
836
503
357
248
641
870
320
724
436
396
712
919
753
489
671
451
225
597
175
564
870
138
349
852
826
953
160
343
166
453
457
156
718
109
680
445
491
925
36
642
328
622
465
986
598
640
164
882
291
8
510
933
720
854
301
407
775
896
367
179
250
918
241
612
343
670
82
130
767
236
386
127
790
66
265
486
896
174
877
702
850
71
147
542
990
996
368
439
289
158
837
894
707
567
297
656
594
579
620
653
664
132
568
300
907
382
132
70
407
930
594
529
177
612
259
530
455
769
583
39
280
190
872
27
304
752
346
506
934
627
643
406
392
494
444
488
415
612
122
434
437
708
976
979
665
849
847
75
228
672
172
504
774
97
71
489
351
50
309
385
678
725
273
888
114
167
342
958
633
923
381
906
507
866
672
347
612
919
210
730
844
486
499
868
174
908
73
702
848
63
771
189
53
971
723
964
266
79
456
450
522
406
93
860
886
43
998
400
638
351
948
145
850
488
652
578
210
770
870
520
66
946
513
555
870
590
241
15
772
385
239
708
897
805
737
772
854
377
670
109
744
64
220
755
542
979
386
610
44
494
959
310
30
608
983
57
315
194
905
589
298
794
485
618
950
990
357
960
380
556
603
922
45
899
490
627
696
74
124
826
899
541
400
73
980
987
558
480
431
321
557
6
996
36
507
808
459
750
296
315
504
762
169
487
300
554
780
402
100
856
483
349
637
764
83
591
901
38
815
607
166
628
872
963
763
337
963
638
377
1
725
567
425
728
615
664
588
179
147
296
29
957
481
250
241
407
933
542
527
481
728
369
526
963
85
196
981
738
761
882
711
583
319
286
148
682
911
782
900
786
479
364
971
297
863
803
805
370
432
651
607
847
204
967
953
765
470
342
41
775
953
581
378
719
376
880
897
406
695
848
72
777
696
765
692
558
510
16
538
471
370
746
838
899
877
539
947
926
858
819
821
6
779
923
146
291
168
597
374
436
270
399
62
0
545
967
440
440
500
317
766
390
92
494
196
687
250
431
653
198
384
410
410
543
151
625
162
44
857
994
300
336
137
592
937
643
810
543
947
405
103
393
457
995
984
608
877
548
289
197
327
255
743
475
710
460
175
554
688
170
839
998
608
954
725
642
144
334
98
904
692
466
997
611
901
743
253
698
819
579
891
863
346
158
931
685
778
178
359
842
569
990
610
108
510
631
868
383
984
568
528
771
636
393
313
544
297
814
676
685
978
898
615
659
197
362
505
606
743
349
935
768
563
473
694
401
436
264
120
917
399
288
836
971
15
982
326
502
694
242
531
797
787
647
222
25
748
239
59
851
157
645
536
142
277
723
447
54
297
507
444
547
918
34
261
430
22
312
30
737
991
456
454
634
636
520
873
871
717
290
13
341
379
292
464
188
430
494
993
822
19
299
728
525
448
0
141
125
595
226
827
973
466
804
380
367
985
176
184
313
202
670
86
898
457
10
481
600
861
992
283
295
272
341
528
834
13
832
315
397
947
321
44
873
307
23
750
10
450
356
446
675
417
452
561
650
448
541
749
809
48
485
569
907
946
619
127
137
281
238
978
429
247
13
207
104
495
243
624
414
459
292
611
223
689
308
225
37
159
179
626
656
794
699
929
662
205
614
679
833
238
912
832
447
410
948
775
748
180
248
569
2
122
506
355
489
194
625
753
605
409
978
403
987
808
743
210
672
170
623
61
792
784
873
936
576
628
319
337
616
102
477
981
42
360
13
967
415
22
384
794
262
703
748
300
853
386
120
827
354
971
173
556
296
133
594
118
455
781
83
480
733
644
761
815
637
780
647
985
154
844
222
353
703
89
588
204
246
204
253
752
498
485
609
640
895
945
673
771
360
290
484
186
590
37
319
802
994
0
996
823
122
446
227
474
253
836
886
935
631
582
425
524
202
75
766
721
813
400
832
848
403
796
522
846
625
630
29
759
365
123
880
353
884
996
553
496
547
953
256
504
945
158
842
452
667
848
769
606
12
385
244
73
6
683
485
567
744
150
688
277
638
529
730
380
739
776
330
585
796
465
396
593
800
219
360
200
670
392
238
832
133
844
944
531
697
822
686
130
325
439
215
303
478
17
410
109
725
446
762
209
577
88
232
78
810
164
966
939
826
578
872
333
286
360
620
70
311
829
930
980
424
925
661
24
450
463
603
473
291
254
24
605
42
606
242
973
533
243
829
666
588
694
336
713
583
637
882
107
317
332
573
756
99
207
256
719
899
427
280
273
889
91
159
98
657
960
399
278
732
350
980
678
988
102
111
770
283
225
936
619
230
178
997
765
349
476
891
231
803
747
903
39
646
964
66
319
780
900
962
135
641
493
106
99
156
854
172
762
648
586
436
617
404
224
605
509
114
766
312
174
183
215
223
230
690
462
627
457
22
128
478
616
702
2
813
560
537
9
518
556
145
764
431
942
562
283
560
893
337
23
191
987
169
899
16
442
828
351
51
208
159
624
253
515
564
648
97
47
205
114
964
271
448
656
825
468
204
706
310
281
638
516
853
409
990
83
815
997
603
718
473
625
9
320
617
237
345
250
83
582
17
724
287
432
439
67
240
633
999
63
329
705
105
684
10
9
186
332
702
618
233
27
678
58
231
424
185
910
108
281
814
219
198
879
822
698
469
124
366
702
859
408
112
862
568
759
506
858
137
896
256
224
677
125
109
159
587
363
67
859
652
853
720
842
812
834
185
981
570
391
869
446
866
807
912
908
265
675
367
385
63
830
345
136
94
707
71
348
148
311
927
546
717
868
158
896
967
123
492
68
35
959
12
727
613
69
6
669
439
160
7
791
286
881
858
665
858
846
316
401
356
454
182
627
248
935
77
597
670
763
141
208
841
355
717
709
593
963
489
371
270
113
973
835
437
806
970
729
807
733
459
129
697
460
544
957
667
982
142
255
975
252
823
311
900
432
555
850
342
793
683
964
150
20
723
580
254
374
87
972
990
408
769
644
22
950
477
54
861
787
878
477
770
836
718
223
393
213
21
175
504
84
197
801
940
481
111
179
783
308
698
701
395
556
171
617
27
351
737
104
929
302
199
374
788
507
560
719
915
514
473
478
558
580
402
431
234
742
648
27
702
607
783
159
752
976
246
757
716
45
836
490
644
535
681
947
596
6
577
505
794
323
921
174
294
827
217
803
517
896
967
139
471
486
816
253
992
51
966
862
192
160
308
524
781
668
812
432
870
292
551
218
567
744
559
654
872
798
323
328
327
889
886
35
183
175
619
616
990
547
426
238
140
835
978
448
58
939
209
898
325
69
754
427
448
466
181
194
24
6
421
83
88
575
350
800
978
386
713
485
92
136
909
813
79
163
692
174
665
23
147
710
51
584
276
101
181
559
28
48
58
184
237
77
224
129
698
610
623
312
699
358
384
814
85
753
634
249
52
808
996
390
553
61
709
242
439
202
659
471
940
828
386
810
255
248
103
370
181
882
937
158
144
599
358
688
757
52
737
475
955
121
653
944
482
916
798
521
113
561
774
30
938
175
729
107
775
201
564
233
185
654
574
350
962
36
512
776
373
535
428
911
311
81
446
912
906
63
393
585
666
470
97
120
435
564
442
523
590
2
649
30
274
471
560
586
764
163
20
418
576
529
584
638
796
796
656
637
190
596
673
611
279
625
935
65
236
236
659
39
255
120
876
397
611
704
226
785
980
669
321
861
863
718
391
750
105
621
34
367
621
901
392
522
364
444
536
772
803
261
885
331
609
217
703
141
544
22
483
347
62
645
739
673
388
559
876
295
754
526
12
942
78
931
143
991
886
484
885
263
982
7
195
612
43
624
60
656
812
397
340
951
223
377
389
67
699
67
697
596
217
938
489
45
892
936
356
641
565
498
910
677
546
879
775
787
181
599
351
716
807
624
916
224
960
348
275
636
260
827
560
724
527
479
367
273
520
730
37
904
678
168
743
532
389
634
378
298
195
336
917
678
49
269
634
76
263
708
662
823
663
981
742
437
735
912
963
71
73
161
297
633
462
109
992
459
65
538
71
810
18
223
309
75
979
994
760
368
946
5
760
183
418
178
891
303
182
720
59
736
55
172
821
488
239
868
732
942
780
685
553
731
871
577
814
762
690
224
132
498
41
782
719
656
430
693
965
839
438
791
918
206
623
207
129
820
88
389
718
106
865
464
569
218
464
855
661
234
138
218
959
824
409
449
691
27
990
299
287
310
890
208
0
273
324
805
322
251
581
611
705
931
574
569
231
647
330
973
549
575
466
266
22
711
660
617
505
465
780
602
230
996
682
456
243
841
365
538
337
627
107
342
389
241
816
250
227
667
227
40
122
778
204
753
416
7
636
353
462
985
670
505
534
655
982
744
261
459
337
71
478
66
815
589
147
38
623
327
554
413
733
574
759
418
9
565
598
311
792
865
334
514
388
474
246
266
980
419
933
999
758
310
97
642
345
551
885
380
686
385
843
237
916
281
43
189
460
685
339
701
15
817
100
298
586
9
48
83
892
22
284
238
265
518
649
440
892
96
917
969
84
368
767
503
134
804
239
692
788
390
779
2
276
542
682
229
35
176
876
846
952
30
344
808
891
991
426
291
937
22
33
882
81
461
371
321
240
918
610
585
617
998
365
54
302
304
471
47
699
866
352
771
422
845
612
450
115
588
31
511
454
794
496
789
70
469
9
549
165
655
626
698
696
381
387
912
582
34
598
140
132
739
89
826
584
803
1000
25
487
469
439
897
443
600
243
1000
301
969
876
999
543
920
700
449
695
248
970
113
622
122
602
212
606
20
862
727
7
170
420
774
531
828
194
521
454
504
477
409
741
832
264
23
351
813
716
368
203
72
80
740
752
625
26
881
723
765
223
405
22
617
994
45
371
213
683
413
795
27
550
88
951
498
784
191
799
629
500
631
406
421
258
559
525
1
622
609
800
57
362
333
981
534
782
312
49
682
865
610
533
624
345
163
678
969
672
558
380
66
880
0
674
367
149
351
520
170
813
243
219
550
511
674
255
719
584
892
0
115
539
899
287
679
627
669
533
541
686
187
350
752
360
616
34
338
971
643
133
246
293
213
609
926
6
866
509
162
874
746
313
431
610
283
907
978
955
224
572
551
478
626
250
40
916
735
637
536
46
711
460
482
903
125
665
697
24
94
164
255
128
689
466
904
288
44
320
767
774
96
449
424
747
434
644
158
996
991
26
720
744
45
941
324
747
638
528
940
846
233
663
588
768
914
594
784
892
415
688
961
528
398
4
622
823
860
383
54
723
134
663
482
799
417
511
416
608
56
470
235
528
229
471
945
151
463
489
943
312
171
721
666
133
625
203
167
555
957
551
819
490
30
402
917
787
812
128
68
743
65
151
786
766
714
874
509
375
495
800
286
543
777
358
396
447
385
665
854
953
996
307
1000
835
131
15
212
593
701
510
255
877
199
417
298
828
804
588
930
745
75
630
756
891
972
888
855
271
140
665
832
541
468
782
810
560
795
137
119
471
829
189
416
678
371
708
309
820
421
946
253
770
593
939
854
762
979
29
946
406
729
872
287
744
138
916
397
885
496
59
158
985
160
663
386
286
81
915
387
422
911
502
460
166
79
611
176
406
768
117
707
595
368
604
173
30
992
679
102
290
295
253
678
536
407
510
466
48
740
55
930
422
897
841
989
125
152
918
826
380
526
447
904
789
128
312
67
707
23
265
670
672
161
793
61
632
763
540
90
47
602
273
634
649
747
831
415
777
73
522
465
874
984
339
700
407
193
892
785
185
713
953
302
396
383
931
784
89
698
849
155
515
780
895
494
830
785
98
42
252
483
8
852
124
823
194
459
815
125
571
499
717
284
249
605
831
426
316
354
91
370
83
489
210
25
639
68
740
139
825
307
96
344
822
248
206
473
114
945
111
870
294
153
598
447
947
379
491
543
249
317
133
481
122
584
573
206
614
685
991
363
418
847
591
794
590
743
298
847
17
643
75
423
336
991
20
657
393
93
894
693
893
779
550
949
394
866
249
41
55
294
769
549
103
488
221
285
599
256
153
396
579
181
748
489
685
609
961
852
900
675
497
625
595
939
777
173
87
953
354
364
648
85
895
274
865
465
683
658
464
208
629
0
28
381
586
90
927
848
760
246
594
189
762
261
624
767
298
97
413
604
213
387
200
342
233
68
181
469
406
391
46
852
627
76
558
257
250
836
831
905
334
744
891
160
293
112
313
530
494
85
869
566
621
703
384
379
490
267
610
594
235
285
273
264
683
525
708
230
406
771
294
479
177
788
905
782
701
64
242
324
259
782
712
989
578
488
321
344
471
159
677
395
12
51
520
294
643
467
717
179
658
265
603
368
148
41
628
176
65
121
320
280
390
839
486
421
766
832
523
148
295
781
720
298
791
250
24
619
189
562
169
118
553
64
494
927
152
915
486
661
142
136
643
90
990
865
760
875
393
139
626
536
450
649
841
985
561
292
476
948
582
893
350
791
374
31
35
754
727
299
456
958
162
607
165
276
736
743
593
557
553
464
188
76
730
295
895
8
790
232
891
819
449
350
627
73
614
143
479
333
192
363
334
983
89
144
294
128
411
312
865
811
869
707
893
845
772
733
291
383
147
239
740
806
726
778
124
571
704
756
469
655
500
701
614
581
565
213
31
237
372
950
946
440
111
681
78
745
313
722
935
789
776
334
615
308
190
30
725
287
77
813
568
535
177
974
873
533
705
389
563
549
79
989
496
180
318
251
4
242
405
505
280
101
762
917
769
496
722
445
335
158
316
428
201
295
58
799
179
17
829
895
467
251
303
505
934
169
203
460
319
102
463
336
541
335
190
501
369
368
244
108
413
51
533
510
713
144
614
10
893
205
258
536
711
888
919
593
963
739
217
669
799
389
952
689
690
493
560
717
182
485
318
586
176
766
250
669
839
532
829
248
128
137
198
767
654
36
372
825
312
418
223
884
873
466
966
783
250
713
841
307
160
442
811
458
335
294
730
306
969
999
116
843
289
51
649
887
574
310
217
991
733
400
350
225
893
524
381
585
506
332
3
132
645
664
429
787
151
768
174
732
149
855
138
132
803
381
758
314
141
415
317
425
1000
548
670
664
599
786
973
74
763
352
167
432
897
606
720
851
440
308
259
372
288
240
192
942
853
227
409
844
681
825
901
412
644
919
458
80
860
41
294
182
613
971
982
822
775
27
68
208
717
643
864
503
5
592
150
105
913
620
960
386
377
106
510
985
487
233
937
411
461
377
269
119
143
317
980
979
586
510
435
897
107
755
607
515
255
646
722
677
477
257
440
970
866
333
788
189
372
678
324
766
847
444
660
310
259
186
222
279
765
674
619
703
171
500
517
708
174
232
455
720
801
295
886
733
910
198
690
288
164
838
786
840
585
189
273
930
829
305
451
892
400
965
523
366
552
458
627
437
292
419
476
48
689
295
273
669
393
371
538
555
753
963
425
442
899
127
815
162
65
329
614
159
971
127
361
432
915
81
909
231
792
368
482
426
442
277
784
941
391
143
229
483
315
31
347
764
668
805
771
149
885
113
392
746
346
678
713
133
152
78
807
942
984
70
805
896
913
131
809
505
363
577
970
106
257
157
72
374
161
594
994
569
282
177
148
959
319
222
941
983
241
498
707
62
97
754
555
246
445
6
207
491
165
296
336
883
801
916
384
428
570
906
914
56
747
705
979
485
332
932
570
706
652
910
734
203
17
273
480
749
409
185
314
881
775
487
478
810
192
281
479
725
208
977
797
255
791
344
185
332
430
482
374
44
347
490
952
88
491
983
369
895
990
619
403
767
885
373
649
370
171
691
290
914
519
75
752
558
951
878
281
683
366
906
293
220
371
878
897
291
713
68
117
183
602
717
955
95
257
739
148
529
28
718
693
22
658
38
193
312
579
815
983
39
496
4
308
941
263
640
312
31
476
13
721
129
949
556
924
721
99
933
642
260
549
927
563
196
376
999
173
138
727
329
478
549
355
410
243
656
584
277
413
643
757
865
488
464
18
145
999
818
278
868
372
493
72
752
189
429
346
915
521
673
529
998
163
473
607
50
759
97
654
219
92
44
924
969
566
665
295
423
16
469
520
960
685
435
692
90
598
94
368
519
965
236
612
857
641
658
571
889
355
681
875
298
241
64
1000
969
206
695
551
259
345
346
471
513
236
37
528
504
283
945
157
104
276
429
892
876
720
125
221
982
107
100
81
71
696
115
868
73
968
525
845
190
765
496
167
540
519
208
988
751
155
850
826
58
806
597
41
423
416
218
922
889
459
270
722
234
499
993
597
788
515
877
993
950
527
348
566
944
132
128
500
255
655
261
135
6
268
306
286
330
11
655
428
528
899
378
473
676
162
602
913
183
618
158
836
199
356
917
486
394
250
464
723
374
632
278
977
933
955
867
80
828
406
539
150
587
18
565
770
747
673
232
400
364
824
850
236
4
445
859
931
594
619
627
661
393
412
378
690
119
996
868
962
608
31
821
420
582
250
250
598
671
426
756
564
260
578
117
346
156
667
950
292
77
353
514
284
530
524
623
947
620
358
586
430
765
258
830
694
797
865
70
704
130
352
221
831
104
109
879
339
846
631
811
827
204
881
766
850
934
972
457
867
578
57
575
803
589
667
748
818
609
707
673
385
4
526
465
487
425
542
58
617
196
886
711
237
841
465
508
165
420
963
701
697
173
5
870
892
35
309
400
294
696
197
926
432
575
23
765
474
316
516
67
929
996
720
503
90
679
475
878
535
265
177
27
76
146
160
520
796
521
913
462
548
767
387
705
394
316
866
718
654
904
570
798
725
495
360
420
135
240
324
229
18
144
973
754
560
540
846
525
635
600
470
989
124
832
111
372
904
374
542
566
280
142
286
152
798
610
509
338
249
552
59
193
760
668
709
252
363
959
169
899
822
285
390
354
966
255
835
35
556
84
485
136
467
286
620
520
645
924
808
457
434
996
773
356
129
639
686
598
293
303
133
666
257
257
815
374
192
911
806
550
233
454
128
164
41
889
565
768
104
478
900
617
140
727
189
312
258
529
411
660
874
778
789
68
133
127
828
183
528
231
167
989
637
418
583
974
429
64
488
513
720
453
575
776
417
724
815
406
93
738
865
212
490
147
286
834
663
439
252
296
140
216
111
700
165
845
166
263
974
229
329
119
376
490
893
4
761
474
788
199
339
866
230
883
918
474
620
962
348
930
115
342
60
161
931
252
566
795
669
585
676
94
868
962
660
159
851
757
266
349
558
794
460
644
902
942
115
387
355
408
183
740
122
64
505
927
493
225
814
735
349
401
397
675
723
105
506
699
920
803
476
697
411
983
471
799
478
980
906
76
898
670
717
940
980
323
286
672
505
151
906
590
676
492
447
337
350
419
73
542
247
355
796
223
475
567
618
190
31
233
28
238
492
932
253
325
336
623
665
118
515
104
392
686
59
282
262
428
253
197
549
260
984
944
550
402
982
98
962
876
102
319
617
189
958
654
122
300
310
49
29
22
908
375
319
280
644
48
142
649
834
805
670
413
217
214
188
801
204
875
323
844
177
701
193
16
482
782
676
995
965
810
422
704
644
739
15
91
519
446
361
0
801
765
402
698
512
195
817
21
790
675
281
483
946
960
464
105
33
7
552
732
833
751
12
46
786
982
839
975
242
510
530
518
173
671
528
8
107
25
462
699
220
764
966
909
572
54
733
406
213
238
149
974
185
570
154
496
708
637
428
511
317
860
911
65
607
808
589
433
510
492
541
296
288
414
0
373
689
798
489
695
198
660
888
643
438
81
61
534
152
191
658
683
245
497
216
540
534
203
150
933
636
434
596
842
893
384
300
853
875
377
612
253
1
943
476
62
541
478
133
938
171
408
479
136
205
800
228
665
551
165
270
724
141
868
87
394
504
178
61
196
912
363
105
457
949
235
380
752
117
803
898
51
922
797
809
983
851
263
705
201
505
953
87
894
887
392
607
581
698
784
245
243
319
646
425
979
734
172
355
427
1
743
267
311
867
822
647
996
38
967
268
471
141
839
236
255
674
254
926
587
624
198
566
971
824
554
357
790
623
399
649
469
231
305
346
390
578
488
221
618
834
165
662
96
250
841
843
495
309
282
943
636
6
376
292
814
564
206
401
427
460
308
325
661
581
673
829
58
992
754
311
15
37
433
819
261
255
462
116
287
273
687
214
777
939
809
452
347
474
633
654
194
189
775
208
777
34
348
865
648
298
853
191
963
864
723
60
714
360
685
494
444
519
322
153
94
558
944
95
869
371
508
398
18
333
891
349
196
250
478
460
257
378
975
687
488
792
104
364
972
402
505
967
239
941
98
892
234
371
239
294
78
73
294
41
67
250
291
147
290
889
324
543
818
98
317
383
494
980
291
567
381
263
138
17
610
701
363
420
409
460
636
409
608
606
895
381
600
139
564
229
95
552
998
433
556
223
829
152
606
318
316
692
115
195
74
682
900
107
523
120
128
478
88
296
550
201
535
666
910
773
43
246
787
49
991
104
264
94
203
359
588
114
124
153
853
21
20
755
436
471
890
293
934
451
501
624
397
296
81
474
855
294
76
400
527
662
911
656
767
890
617
657
397
941
242
20
630
408
433
52
424
41
628
631
198
446
322
295
309
803
518
571
854
625
492
388
883
877
741
108
982
97
466
518
190
43
844
222
987
327
250
416
526
543
16
953
858
903
953
761
643
836
678
375
364
55
601
930
83
654
55
136
596
310
685
845
53
145
952
139
291
653
687
708
71
641
713
261
614
566
804
231
213
456
774
433
401
246
463
30
825
628
334
542
597
960
163
156
207
436
439
276
477
506
645
344
852
738
227
950
531
289
37
206
709
457
398
946
813
370
149
987
197
702
642
782
62
317
803
196
602
51
352
530
774
439
305
969
793
175
181
538
911
497
765
943
544
843
463
768
213
501
684
850
493
927
160
967
106
226
987
468
851
595
60
451
711
252
861
514
17
771
108
730
410
983
641
984
798
821
57
412
782
757
101
167
932
351
715
864
138
372
845
293
235
881
44
247
117
645
189
200
581
809
862
827
725
322
273
368
952
806
852
515
261
360
717
302
135
500
981
368
871
279
257
485
231
927
167
251
648
361
713
269
732
255
674
313
846
458
811
215
478
687
899
635
957
370
264
377
718
307
748
25
842
308
318
147
246
223
936
980
996
514
808
723
857
809
892
596
329
437
826
610
454
292
99
454
207
424
22
272
897
973
185
307
887
398
401
137
355
733
911
811
146
791
123
584
333
378
509
412
293
351
961
188
952
187
738
577
182
995
487
684
620
376
314
805
879
323
360
605
561
94
95
45
920
453
530
165
674
341
837
212
626
396
283
344
173
615
473
998
818
397
429
538
496
602
534
506
517
966
270
456
803
419
280
636
430
602
645
537
58
754
97
575
573
873
873
24
52
819
818
99
879
48
841
786
334
736
624
579
798
514
214
149
209
554
697
397
92
177
829
55
658
408
97
202
150
653
84
671
391
986
398
924
695
410
928
190
342
11
684
54
755
997
26
370
581
288
897
595
621
223
460
101
247
568
290
719
936
657
226
747
983
241
220
164
893
50
175
485
661
929
722
885
777
813
19
891
646
619
811
619
26
359
601
815
597
439
976
402
541
967
356
267
758
716
140
908
869
904
816
745
154
929
863
411
229
669
255
442
800
11
13
722
415
246
859
622
873
434
837
658
673
445
275
743
577
951
658
897
642
685
297
481
560
660
346
365
363
582
280
311
635
877
137
870
659
713
54
972
176
437
403
546
69
792
64
234
763
754
860
997
472
743
819
818
340
978
994
400
935
202
649
70
673
361
988
889
933
98
24
72
273
804
586
310
33
78
963
33
301
343
476
995
975
471
322
577
95
473
541
293
263
755
137
522
367
816
955
998
502
380
85
419
390
832
413
527
903
419
544
513
584
677
823
334
271
632
765
662
885
416
571
744
233
38
265
552
103
537
73
598
665
841
775
531
421
26
23
488
841
296
70
8
460
917
124
319
575
562
55
206
434
810
516
576
761
427
567
271
402
290
965
690
757
871
903
950
925
627
675
80
46
770
553
675
712
696
455
967
133
438
115
895
402
867
985
533
857
399
57
816
775
47
156
721
939
167
765
238
921
553
736
375
548
736
749
688
521
328
476
362
758
273
613
436
906
742
110
220
298
534
973
139
400
520
235
266
937
798
403
720
567
722
222
306
670
666
162
189
531
861
757
304
824
128
698
296
670
59
996
959
695
724
85
424
592
829
961
291
244
403
813
271
215
732
734
256
772
871
781
931
317
813
717
454
739
227
534
701
941
916
268
134
688
435
861
138
655
361
942
415
714
935
795
258
944
915
252
468
777
500
603
629
590
646
155
391
740
41
237
692
569
616
995
112
480
500
38
775
30
918
638
915
437
977
838
605
438
279
606
841
437
543
845
287
50
28
722
87
834
474
200
68
603
670
563
591
842
329
842
851
92
299
888
720
129
894
709
724
108
839
535
930
537
92
471
198
272
100
915
640
118
410
298
124
817
794
5
717
840
640
505
166
673
249
911
624
744
949
392
317
31
280
99
415
161
21
458
147
290
473
408
594
727
166
152
973
855
178
940
497
838
783
951
21
272
453
776
868
858
449
884
376
216
28
3
161
956
101
1000
206
68
700
461
92
356
837
604
950
558
218
156
595
502
156
644
528
790
332
667
290
20
277
397
648
600
450
802
160
132
413
301
1
504
541
918
464
1000
355
770
215
228
251
237
595
324
260
797
28
855
781
147
915
674
950
422
906
54
383
692
794
201
613
786
386
157
494
795
162
218
24
720
418
40
351
204
206
96
434
309
154
227
367
895
418
493
24
669
676
116
873
459
627
705
193
890
503
524
996
433
296
602
191
65
496
422
64
400
57
643
592
623
824
398
134
704
75
251
168
591
308
517
435
267
823
279
19
796
781
28
692
78
628
573
574
370
411
410
612
543
905
617
752
926
712
727
126
216
877
753
883
127
640
920
529
925
995
595
733
905
408
289
701
565
315
850
198
212
883
764
689
737
157
706
241
95
784
564
267
986
672
631
983
227
272
654
85
295
616
622
877
629
125
330
609
105
166
451
457
384
917
648
196
196
883
426
757
551
761
398
280
884
701
553
648
325
354
982
239
416
815
626
771
127
636
634
949
26
382
692
55
958
543
421
37
722
537
326
39
193
654
912
769
695
390
486
637
334
59
358
600
176
906
706
107
780
726
347
721
508
556
719
537
220
817
371
525
289
231
785
199
406
966
719
867
785
762
224
544
447
56
642
719
314
533
518
415
974
411
22
869
635
196
446
284
210
547
721
182
930
468
947
186
54
17
100
123
637
286
594
274
279
565
417
145
212
57
228
533
317
789
199
810
80
208
144
520
709
362
357
795
583
406
789
257
283
359
799
822
378
561
989
101
517
827
138
581
103
699
357
404
959
655
26
695
897
882
325
303
248
591
361
564
304
859
585
512
186
356
956
187
250
840
627
138
800
108
987
990
69
69
932
811
737
150
906
618
721
167
593
271
574
907
219
160
733
499
435
415
137
133
381
918
80
236
234
543
248
904
810
12
104
230
599
109
764
120
111
350
363
667
381
897
449
478
141
726
154
717
212
480
727
311
874
181
339
578
626
106
262
54
856
30
48
573
247
496
637
752
114
929
222
109
361
495
115
231
207
612
233
232
616
585
291
322
840
89
350
555
656
665
929
365
363
363
595
676
593
5
435
197
847
332
543
145
563
954
91
644
491
109
219
950
112
922
918
98
411
224
342
982
0
423
140
194
443
803
550
35
917
512
985
429
110
217
953
550
50
528
587
954
465
246
477
164
795
783
171
590
387
110
337
123
110
160
479
923
403
348
897
482
531
465
859
908
435
507
987
282
452
787
820
154
5
522
544
564
728
301
633
566
496
274
62
106
791
231
66
953
745
205
140
823
843
150
377
386
749
799
235
164
428
134
22
59
712
849
487
19
601
655
99
761
134
917
33
711
352
356
716
182
903
51
494
198
28
961
79
374
445
164
937
937
734
286
909
710
851
139
337
733
606
920
644
460
421
713
940
638
670
39
513
590
711
771
487
197
827
598
781
198
578
883
439
997
892
120
412
433
90
249
655
622
28
216
30
972
86
545
57
717
445
680
293
119
200
454
766
7
540
130
514
884
608
436
474
602
253
501
4
581
90
771
172
464
188
770
826
893
113
764
778
162
679
460
376
265
333
400
623
261
506
410
324
803
718
518
357
194
940
720
849
59
115
971
475
959
705
114
287
47
355
666
400
380
407
457
296
812
268
376
933
457
889
184
208
823
493
554
312
342
430
584
118
999
421
855
995
665
23
418
684
79
865
16
279
366
227
267
865
770
564
360
217
11
151
511
708
303
450
180
151
800
707
535
264
86
401
636
339
591
626
364
31
388
152
52
947
837
301
117
377
971
711
533
110
466
793
757
313
685
302
443
798
181
847
321
159
764
908
466
908
607
290
64
92
398
868
956
250
570
354
810
346
999
396
551
834
814
402
189
530
639
428
920
822
491
958
533
751
500
195
973
272
239
889
614
113
556
854
641
686
590
146
986
90
466
236
273
251
113
604
589
344
387
871
600
908
920
450
865
405
47
981
251
326
669
62
538
824
330
886
702
863
724
736
861
87
742
250
770
610
402
56
370
21
647
137
209
60
47
561
582
769
919
379
605
400
731
753
878
962
479
936
468
239
777
6
755
620
746
183
314
2
314
512
522
247
421
134
153
458
579
559
264
970
915
704
546
353
653
992
305
485
988
374
476
922
149
410
297
926
894
180
652
375
405
755
608
781
2
230
101
866
879
545
120
146
859
199
791
482
52
581
67
631
925
37
204
862
900
900
486
253
417
53
738
317
620
870
560
804
706
192
133
428
226
387
408
659
331
774
263
934
937
151
459
850
586
628
868
129
269
522
629
864
246
811
731
268
558
503
91
775
73
989
804
667
30
780
15
610
938
536
624
440
498
368
670
342
86
107
888
173
359
889
873
441
924
657
262
312
211
130
546
164
467
247
402
426
353
720
612
588
569
255
475
377
56
724
935
791
503
307
628
556
931
643
469
4
957
196
906
853
226
732
845
130
534
798
896
461
914
29
235
722
141
902
891
503
56
743
595
154
997
520
189
428
130
729
977
734
139
231
971
204
903
646
748
109
888
132
724
638
820
302
498
564
593
844
622
893
391
517
829
80
956
971
612
846
558
916
326
349
288
493
709
796
406
714
322
284
957
676
59
676
572
693
381
943
619
648
421
62
552
434
124
492
585
18
146
983
878
10
490
789
509
115
580
641
612
606
7
55
459
785
757
674
324
656
381
700
203
338
247
318
478
447
74
62
320
279
40
597
735
381
77
2
664
222
777
133
465
822
549
100
76
745
137
842
152
3
157
630
89
550
738
142
707
69
376
944
147
712
694
91
104
225
739
423
640
546
437
310
888
628
64
313
571
38
999
245
993
524
414
539
837
171
793
599
960
588
33
773
77
793
503
983
148
979
232
965
611
542
906
796
400
591
714
809
935
551
76
855
965
361
430
716
968
225
463
870
347
380
157
197
613
342
605
640
417
700
152
555
243
598
996
593
176
635
26
504
243
361
579
700
787
694
118
461
559
670
801
44
372
121
903
85
75
171
16
809
118
483
669
604
21
504
731
820
312
189
370
7
267
480
924
981
154
265
169
292
710
922
62
534
193
257
323
313
279
756
286
352
850
189
791
3
661
244
338
709
27
510
160
203
865
320
261
750
832
380
910
741
806
532
977
128
94
326
250
242
60
974
905
512
598
38
631
392
689
735
785
872
199
624
178
928
382
285
421
644
766
114
976
820
727
517
687
732
808
166
152
981
545
693
569
379
271
284
612
423
132
88
712
773
359
178
45
295
191
384
439
476
561
899
840
24
642
556
865
159
664
913
804
383
880
390
919
162
641
480
260
964
772
553
969
252
428
61
694
639
217
618
352
376
211
407
553
127
742
526
329
16
177
1000
557
787
972
265
594
446
187
476
677
631
206
102
669
268
985
990
686
565
142
122
875
857
365
934
532
853
504
439
904
82
723
690
866
278
13
186
648
668
464
688
802
789
795
848
77
892
996
508
102
900
141
230
192
809
798
543
768
674
902
298
85
251
861
752
287
423
223
951
399
173
734
91
415
548
653
361
192
46
85
665
186
954
943
735
698
238
206
332
564
340
193
244
639
1
543
310
427
537
840
552
579
629
122
966
133
501
919
144
484
562
267
868
697
781
564
302
256
737
409
757
325
554
928
611
476
459
847
522
992
682
862
121
921
815
677
886
150
725
18
367
365
592
211
290
288
716
513
57
672
68
680
778
561
29
410
403
775
596
768
847
792
667
840
781
567
687
569
725
764
572
669
864
986
195
977
674
664
778
852
57
489
55
619
446
90
963
969
80
126
31
960
569
949
783
552
522
931
257
890
184
578
348
810
930
905
18
280
56
362
529
872
291
190
693
13
852
837
299
219
244
856
704
935
480
687
69
596
799
97
178
858
268
570
636
204
527
215
825
755
567
29
487
415
412
469
561
42
377
32
994
273
954
497
463
392
991
541
784
325
997
364
488
875
744
759
970
104
550
157
282
369
578
883
178
879
270
751
90
804
974
279
691
793
935
321
5
686
20
680
724
118
165
760
541
205
741
797
163
51
557
973
649
69
817
982
877
622
383
142
885
520
417
489
842
197
110
744
410
765
312
49
376
375
287
259
866
32
156
384
510
611
303
577
28
397
311
222
75
821
197
749
605
806
990
675
584
196
804
715
340
28
647
968
768
520
275
41
578
667
449
587
788
370
476
892
172
816
592
76
544
411
356
87
557
933
331
427
599
255
799
593
633
3
631
856
882
735
504
22
908
603
645
517
521
939
427
512
209
914
77
119
4
85
906
945
687
88
850
440
521
129
547
742
917
135
170
913
709
17
955
60
464
195
801
184
981
686
440
505
592
463
162
236
455
90
349
251
2
324
517
715
729
66
164
935
257
465
206
975
991
332
125
220
236
721
804
114
923
797
260
412
943
363
596
416
379
430
597
205
682
877
870
95
615
395
964
946
308
750
506
448
685
723
126
774
533
845
837
466
111
422
503
979
207
640
166
752
474
395
749
211
488
371
476
56
56
145
924
494
572
607
136
318
761
464
525
994
574
890
386
973
532
528
510
893
711
32
219
381
982
506
841
86
301
297
734
323
409
427
485
503
195
308
464
670
937
381
821
565
693
832
231
942
180
576
289
313
157
346
139
811
830
631
837
650
910
589
75
51
44
846
489
898
440
517
416
902
148
795
180
645
73
510
985
786
534
844
781
138
366
102
401
122
226
336
103
925
157
311
24
910
548
292
706
751
417
553
488
513
606
576
965
126
279
211
24
489
291
837
589
676
270
682
985
705
858
4
734
408
797
918
610
671
785
418
841
136
885
390
939
108
475
622
202
846
723
821
559
878
953
615
45
501
655
122
964
848
161
779
220
10
698
516
689
477
306
425
792
335
182
392
124
337
196
318
115
843
199
937
360
352
445
730
87
599
684
381
709
621
789
87
988
169
577
872
683
780
208
746
860
835
297
315
433
953
166
873
331
632
880
223
232
679
236
22
643
694
901
540
891
195
671
119
392
473
268
139
45
605
65
629
807
595
800
98
553
76
584
455
936
935
788
61
809
673
747
885
41
716
964
338
479
850
219
350
720
776
249
128
60
82
673
80
59
250
172
14
998
346
810
581
679
942
60
956
493
515
673
939
545
67
380
904
270
905
66
748
188
77
582
39
43
181
101
867
448
439
744
314
584
562
274
732
246
521
217
803
515
961
196
358
609
826
775
286
566
314
117
99
683
909
240
731
875
180
640
39
790
742
431
579
157
305
95
941
988
280
889
154
669
77
713
74
356
72
415
395
291
80
498
684
812
215
250
446
998
728
323
676
42
943
59
576
661
523
406
733
446
295
559
216
518
564
898
307
577
563
419
326
873
571
345
69
56
412
550
89
155
43
672
874
829
566
569
199
274
475
818
717
836
850
88
586
985
429
378
771
785
793
755
299
305
464
13
316
360
121
456
954
123
189
479
756
494
545
220
262
65
260
221
466
92
904
984
252
758
256
587
996
366
460
298
456
406
542
869
303
330
702
871
722
771
537
759
467
790
818
712
968
78
608
195
105
497
421
809
123
828
262
118
740
434
209
249
63
31
161
762
401
771
454
810
526
472
559
742
910
395
526
800
911
242
767
860
782
848
305
298
232
746
179
634
581
500
418
713
307
333
783
287
270
152
150
201
831
222
100
199
805
923
19
884
606
462
351
287
402
816
668
40
534
893
373
486
589
276
407
382
236
293
912
790
328
878
976
290
21
257
784
859
836
914
590
743
428
737
344
827
159
533
354
205
107
418
313
38
856
135
969
593
347
189
953
831
279
543
910
704
668
907
601
720
770
106
530
742
938
892
247
782
271
534
890
138
689
301
986
401
762
386
101
269
1000
72
87
247
117
148
816
713
935
532
382
739
336
641
545
624
557
257
457
997
713
812
270
508
669
553
536
905
977
795
11
711
471
349
870
97
63
887
824
908
909
324
270
147
348
854
341
515
422
993
416
3
10
497
494
624
92
13
894
152
132
266
111
866
167
193
427
182
157
886
738
55
595
508
509
395
110
746
567
652
735
821
936
877
185
712
439
646
396
823
621
969
207
899
815
263
147
346
459
53
195
202
837
976
862
873
182
943
688
516
77
860
148
26
136
642
282
713
517
851
143
152
57
188
145
726
683
815
392
110
773
744
469
823
871
399
231
504
949
736
962
292
464
135
440
401
243
604
162
689
817
158
81
268
916
865
971
972
543
283
7
85
10
297
351
403
529
171
410
53
570
199
776
870
997
800
574
91
55
20
650
25
897
339
347
942
8
797
408
266
636
72
489
173
128
979
442
529
241
987
702
468
119
773
58
239
678
284
109
14
211
687
388
37
522
12
941
299
459
63
529
433
465
440
519
838
448
60
631
980
111
657
861
999
35
111
494
530
456
197
790
180
188
828
778
177
668
180
310
974
232
428
897
227
686
755
904
839
866
301
831
204
716
635
236
718
805
150
998
123
751
938
750
369
39
735
977
153
778
485
29
956
865
934
570
807
480
768
577
504
590
941
241
581
366
962
362
473
547
774
564
9
451
77
251
187
919
388
961
279
502
157
328
739
262
103
423
317
181
343
922
457
195
495
291
420
319
321
429
201
159
145
949
640
388
39
4
11
558
517
671
860
436
542
298
911
376
211
89
513
120
198
916
357
96
168
489
226
35
248
222
610
440
381
399
660
603
95
315
577
790
126
865
71
173
362
745
828
791
274
227
875
839
691
988
219
753
709
577
907
183
126
243
235
232
138
715
117
870
899
146
386
495
174
56
818
986
459
333
941
135
531
514
811
552
31
899
564
257
78
845
564
167
515
854
911
952
292
719
256
169
481
910
241
920
630
786
401
616
49
857
732
143
228
652
401
478
545
388
475
278
990
77
969
334
29
805
769
912
935
259
988
163
990
82
774
152
948
878
587
15
203
291
985
387
98
367
386
777
671
261
866
526
901
615
349
973
191
770
771
680
437
673
151
246
156
122
647
589
325
918
275
604
104
5
42
14
148
408
707
79
493
304
681
612
752
815
73
373
374
75
383
984
385
119
50
285
357
84
618
995
711
248
828
275
580
22
817
274
812
810
497
960
415
633
695
191
233
533
231
766
804
912
429
596
908
247
387
354
350
943
684
444
534
28
272
335
781
490
250
463
589
101
29
727
16
550
187
760
779
176
54
855
611
651
764
129
559
730
266
204
740
796
465
116
235
912
98
356
498
213
848
776
142
367
299
368
196
748
58
914
572
910
229
757
516
58
545
35
167
58
47
854
984
930
349
500
211
310
666
585
170
651
946
184
469
444
972
872
233
308
449
828
749
920
849
381
350
23
491
870
308
688
699
465
181
754
24
452
396
188
60
744
556
182
383
298
725
198
111
168
50
971
859
513
722
947
728
259
326
622
621
232
41
359
647
735
551
806
741
404
680
797
35
758
793
786
355
504
341
514
979
393
626
127
554
555
915
696
555
714
38
790
514
357
438
633
515
507
156
71
577
362
699
352
273
292
398
620
830
557
764
830
294
626
378
298
631
911
441
218
744
484
663
382
788
788
257
296
329
624
444
662
381
171
101
417
388
422
268
501
601
584
391
549
181
212
45
189
956
314
956
263
110
513
23
912
886
643
63
161
44
874
975
815
566
782
17
252
662
224
622
107
230
224
896
421
165
908
10
99
750
134
330
929
931
746
791
14
548
407
377
591
77
777
688
689
105
450
62
201
569
982
586
301
641
16
434
894
760
943
977
779
5
579
920
274
615
540
17
249
818
878
727
443
983
270
109
97
538
805
124
367
520
657
137
334
257
279
118
498
616
16
84
104
278
901
90
915
38
990
870
563
299
691
126
127
773
289
143
243
172
519
518
345
586
476
632
585
334
965
863
257
846
35
534
608
158
456
691
485
4
395
631
295
629
585
336
811
128
976
340
457
673
632
627
547
774
814
13
354
687
599
538
219
434
115
165
946
327
971
583
116
985
794
696
175
540
873
333
419
662
681
99
518
209
496
526
880
18
575
396
593
169
283
759
983
885
841
937
695
502
214
846
20
378
635
312
116
268
444
374
167
179
696
671
801
45
830
33
536
718
814
688
649
193
693
889
376
41
739
654
90
696
797
40
372
256
104
636
158
405
290
194
557
890
313
684
601
212
927
513
734
138
317
499
726
474
137
776
781
478
73
35
754
754
431
4
165
409
860
408
469
315
977
14
112
197
238
146
135
570
389
748
448
11
612
967
8
552
704
277
599
431
786
116
434
288
406
796
886
769
500
750
661
659
175
802
585
439
177
655
216
277
927
64
941
527
636
930
485
2
586
733
258
600
553
580
66
739
111
480
308
460
97
896
949
191
866
269
548
616
514
711
104
793
349
9
497
480
329
285
121
701
346
967
207
553
524
220
710
109
250
79
229
275
928
933
727
700
867
616
593
191
898
669
188
401
42
873
428
925
571
840
744
348
854
814
390
588
525
419
816
173
626
421
470
468
477
591
518
742
101
48
808
763
862
467
245
423
702
695
62
785
186
716
836
681
291
61
566
667
119
734
19
62
355
756
609
427
965
451
766
