374
312
129
137
765
120
348
609
292
722
733
432
200
609
682
947
564
238
823
127
221
920
327
169
472
666
972
552
470
337
540
803
136
821
817
625
23
504
178
955
416
291
497
749
753
935
378
849
602
557
758
433
142
88
407
24
835
16
837
171
711
127
580
662
448
946
814
246
79
496
249
504
363
433
91
255
158
540
630
687
559
209
777
639
491
739
33
516
915
85
26
647
742
890
353
754
453
228
144
789
220
412
740
370
511
728
164
723
502
768
68
11
228
55
278
676
184
953
681
351
637
666
667
522
171
305
150
855
331
317
374
329
669
301
741
585
537
861
846
205
592
429
177
501
439
265
672
765
748
220
997
93
164
332
365
836
746
318
439
601
558
435
756
967
312
158
398
511
150
618
751
782
377
72
348
282
847
111
379
618
430
302
213
493
754
292
5
442
879
286
742
551
441
111
85
822
702
712
766
227
891
98
238
25
794
659
28
77
877
179
38
766
883
632
678
162
226
799
955
691
972
568
225
388
320
513
111
775
383
367
15
937
63
505
682
326
387
415
840
796
783
155
509
234
218
854
854
633
169
738
796
218
34
199
170
714
361
848
594
524
771
534
165
234
336
613
406
566
691
451
723
735
648
832
452
68
949
610
849
826
3
305
391
418
67
953
239
260
768
431
40
996
477
31
616
369
613
36
280
917
641
937
795
585
793
778
220
603
521
957
87
318
442
271
820
973
473
807
680
675
40
679
175
137
779
946
882
983
687
968
858
307
840
660
963
425
162
199
177
196
573
686
174
345
31
510
908
588
318
948
381
263
506
320
737
717
679
775
592
370
59
699
237
217
616
940
572
256
469
140
434
965
943
61
766
998
820
735
227
993
397
503
84
455
794
656
209
728
317
754
490
747
120
627
467
360
168
772
554
203
990
691
318
310
337
289
957
557
684
970
837
672
108
603
913
72
829
621
560
454
30
324
701
190
500
932
874
526
422
360
689
314
34
571
436
395
191
517
635
691
595
869
802
136
109
51
364
120
837
931
238
466
820
399
934
432
449
158
739
472
705
377
669
22
8
549
611
671
603
158
862
724
26
871
674
712
457
127
261
467
340
934
440
91
884
834
71
125
194
958
617
771
538
970
768
157
348
762
678
607
606
39
283
107
16
43
221
955
608
581
599
899
956
288
641
417
350
690
318
312
585
289
814
489
375
962
377
201
790
654
425
702
424
724
190
212
432
504
754
708
748
102
958
594
68
757
0
613
750
767
993
162
505
218
319
248
602
441
796
291
899
774
446
472
688
714
458
799
908
735
268
572
197
854
32
651
629
146
694
282
338
67
56
28
871
852
933
159
739
644
116
692
742
512
761
194
956
987
608
19
171
793
40
702
736
206
633
27
884
898
907
639
509
276
324
126
428
933
139
623
562
810
131
587
13
301
927
434
247
255
747
681
722
312
92
744
77
0
480
604
909
26
41
863
850
810
253
856
955
778
234
63
721
382
692
815
642
738
722
779
986
378
151
246
147
28
664
899
600
283
347
914
815
120
515
685
144
825
357
741
324
279
667
191
58
12
557
811
182
668
671
838
522
483
160
303
75
517
742
123
349
46
655
353
9
345
962
593
580
887
587
699
914
430
961
213
615
293
542
991
427
839
44
245
405
902
753
626
161
663
325
400
830
15
466
31
730
496
24
367
537
301
217
565
190
272
591
619
832
821
165
100
263
304
599
657
850
908
287
113
894
455
630
467
949
123
167
391
247
888
96
541
593
578
899
567
925
742
516
190
82
866
736
70
610
960
98
753
267
720
445
54
321
722
886
882
73
981
50
58
395
994
790
939
462
699
399
321
654
559
971
466
464
908
209
959
480
271
528
234
205
820
345
660
794
866
539
429
710
728
731
785
306
71
460
405
320
587
130
366
536
545
406
7
948
424
182
476
391
77
619
828
464
367
162
264
692
393
48
446
86
390
732
772
678
215
744
281
272
640
825
365
708
890
759
398
963
573
574
256
690
525
113
546
190
464
715
860
228
121
620
765
100
255
427
555
769
153
962
723
91
459
858
371
926
566
976
510
606
983
950
793
19
601
975
895
783
478
939
356
648
969
941
768
783
556
305
585
608
393
979
381
480
854
987
624
717
913
15
975
170
489
251
763
853
128
173
669
779
925
881
792
21
695
182
863
423
731
233
503
583
814
611
929
72
635
288
487
906
108
261
180
881
132
742
706
697
508
166
950
379
585
706
594
723
635
263
949
181
426
666
807
318
130
955
857
699
494
13
452
410
171
430
332
96
427
860
348
356
509
892
578
779
653
428
109
157
961
113
479
412
21
230
651
65
104
54
620
592
656
999
458
918
164
400
130
168
359
363
537
199
944
34
681
307
589
234
76
557
683
881
929
401
578
610
582
575
867
500
224
443
21
194
572
680
519
325
561
585
325
655
781
895
993
291
881
960
263
370
626
456
655
459
533
369
154
132
65
165
649
568
701
346
229
931
720
245
36
371
105
293
252
987
237
937
149
844
351
192
20
457
804
686
301
758
281
462
222
504
957
981
731
76
101
327
592
654
279
257
766
657
796
378
218
993
196
590
8
87
23
128
942
28
523
639
886
900
249
762
993
283
238
199
495
60
503
135
898
925
17
596
186
312
689
916
299
418
863
213
4
698
117
87
782
673
141
10
514
758
475
279
409
408
341
565
429
776
739
128
667
153
827
503
293
217
599
586
778
391
98
667
145
302
612
789
36
152
615
792
393
686
813
690
830
663
29
382
62
280
196
390
101
659
521
252
447
731
627
329
617
359
628
173
281
68
773
148
405
549
821
804
776
582
82
604
348
217
515
726
562
58
756
198
136
83
774
679
852
226
898
952
778
207
359
984
834
385
623
749
529
591
555
635
283
764
450
825
265
352
402
765
135
871
849
704
384
975
975
921
281
765
31
725
164
615
590
387
330
855
210
899
524
121
474
703
111
93
309
824
353
463
154
700
98
488
667
784
726
468
843
147
353
477
726
319
152
696
10
499
134
359
870
513
239
94
420
989
295
650
77
265
591
62
953
296
867
373
158
244
452
78
549
885
255
921
648
132
325
623
701
734
923
527
958
495
938
320
98
508
710
259
461
219
900
41
304
884
905
526
826
29
591
170
124
902
548
926
12
431
205
477
394
335
739
939
855
153
883
249
129
574
66
760
188
950
672
406
907
559
778
432
928
73
848
16
519
322
98
72
59
476
54
188
13
49
938
454
436
990
280
182
795
593
124
942
9
915
37
747
110
778
421
529
748
183
193
477
811
306
614
894
52
663
75
805
809
453
975
147
393
909
808
802
497
477
541
138
700
976
536
566
391
500
815
796
591
890
11
526
260
310
641
462
12
316
208
750
482
948
618
107
910
273
349
639
296
494
280
106
792
189
976
212
617
780
778
428
51
126
422
517
256
355
300
71
512
225
332
300
124
973
269
169
724
852
732
605
173
417
620
673
104
545
577
152
104
438
969
637
216
756
753
919
311
25
817
494
619
579
272
111
689
264
108
386
802
871
516
461
499
113
467
618
481
696
29
231
501
126
414
582
724
841
270
49
654
676
990
517
687
495
115
954
580
120
684
822
925
222
472
877
504
482
778
939
789
227
763
879
905
57
186
703
237
104
245
136
578
752
457
409
359
291
365
711
324
141
386
761
372
466
577
844
871
722
609
912
181
922
410
701
541
479
196
184
912
471
361
729
93
1000
963
186
771
214
994
385
576
488
177
761
972
357
276
999
140
125
122
557
40
490
282
356
21
202
725
167
721
263
299
755
70
196
556
346
346
646
445
354
440
622
860
600
46
318
697
824
41
488
524
380
832
782
429
150
883
338
359
65
866
0
687
787
298
952
865
135
532
226
370
849
617
566
810
537
471
230
698
187
897
434
391
102
247
636
104
768
49
294
265
778
101
398
355
246
694
907
149
548
797
936
629
478
991
378
507
375
350
848
614
804
480
151
873
460
269
294
34
478
102
572
974
685
941
839
607
143
828
529
978
322
898
275
550
966
837
945
9
602
869
179
984
296
956
127
958
197
901
663
152
724
482
178
328
179
182
105
955
658
457
59
230
151
87
87
140
152
559
186
473
986
177
843
22
611
347
882
475
279
434
846
68
742
79
947
273
136
385
440
379
558
934
94
419
537
431
470
673
991
476
851
102
243
507
179
951
72
601
28
561
417
655
611
659
674
648
539
331
913
662
284
805
461
266
468
100
930
964
393
98
815
833
986
1000
637
584
195
927
385
581
213
723
805
164
188
212
309
860
123
861
879
349
478
627
894
913
641
467
0
532
288
572
544
200
405
46
644
627
567
317
102
544
120
41
383
530
209
19
492
41
693
796
358
342
530
448
967
661
310
489
226
8
516
458
6
867
286
230
227
936
693
225
425
341
521
438
369
399
237
45
975
383
73
438
477
819
672
342
437
486
798
771
36
760
369
121
615
982
834
374
93
304
580
431
135
805
490
405
670
915
29
995
362
993
855
402
55
923
273
325
647
16
398
226
78
704
278
605
163
614
26
144
964
552
491
452
663
362
604
543
469
240
746
513
636
900
194
138
657
145
164
885
317
8
294
344
805
781
662
891
826
222
463
42
776
516
559
745
21
831
327
758
164
565
272
716
895
259
75
673
121
471
578
980
549
872
909
246
359
691
341
495
622
658
247
148
480
62
379
505
133
478
100
593
436
364
365
193
86
351
252
401
244
376
205
512
558
408
493
99
894
891
69
549
428
425
46
377
243
605
210
870
509
435
984
103
178
135
772
209
538
906
569
761
96
892
876
117
144
603
125
910
310
921
1000
983
290
686
357
222
511
523
512
919
770
218
546
246
768
871
112
32
959
515
643
826
702
334
409
848
284
304
920
522
992
18
540
135
310
726
444
543
682
279
404
995
920
535
179
285
595
116
731
606
904
691
653
714
625
781
496
16
8
750
20
151
70
771
443
819
236
17
133
509
428
564
677
592
341
683
314
324
532
437
108
610
46
805
340
648
121
64
288
884
257
626
671
790
423
462
449
53
195
629
348
129
642
884
581
467
267
680
736
41
463
426
717
667
704
945
10
687
720
308
605
647
84
217
877
802
411
458
701
329
900
341
513
517
965
240
32
57
44
871
206
484
224
430
901
605
513
263
3
468
434
657
459
980
132
727
477
652
878
885
272
608
706
269
147
830
781
392
612
4
136
51
373
8
931
821
463
256
19
895
488
464
24
542
796
288
949
14
871
589
678
359
699
529
84
976
538
859
226
181
99
952
651
146
124
546
444
258
611
128
356
303
400
255
998
890
698
393
404
64
230
756
413
318
386
468
358
150
801
440
916
412
939
954
277
465
176
131
312
425
274
669
565
402
505
464
80
916
972
379
543
783
816
79
906
955
732
743
228
873
350
43
212
178
35
805
90
243
810
168
891
25
521
329
5
968
131
81
8
854
355
747
730
730
926
117
986
221
533
408
511
143
165
919
229
125
696
768
541
837
867
312
755
523
615
767
949
429
908
205
267
231
724
730
708
326
155
738
969
92
990
723
402
352
257
950
294
656
893
784
665
527
695
643
959
936
16
581
988
403
494
711
824
329
679
34
602
915
662
383
917
361
291
626
682
281
731
62
11
668
59
531
144
982
265
288
42
505
321
579
621
100
116
107
862
453
486
781
651
756
169
128
374
519
766
57
513
102
932
821
205
610
562
156
776
260
51
421
820
296
851
301
201
654
91
950
109
933
79
616
679
974
698
832
632
403
935
897
964
171
826
93
711
220
165
222
470
79
356
639
588
127
329
234
928
114
241
690
509
119
321
338
419
610
568
983
730
346
722
233
896
707
149
63
315
729
568
821
989
545
517
794
865
577
940
67
910
396
952
561
488
652
273
746
455
364
396
849
454
172
42
625
608
581
203
543
350
655
455
928
736
417
963
633
176
777
738
230
845
332
437
635
485
928
662
580
484
795
631
599
73
790
417
104
988
588
320
658
96
275
594
46
704
113
627
684
797
351
771
91
541
410
945
353
156
369
407
50
585
912
753
711
339
68
622
379
768
912
191
370
114
418
534
361
794
440
538
110
484
476
485
226
455
245
551
464
170
683
835
313
421
585
805
973
13
963
777
157
330
595
13
482
181
671
165
262
488
596
20
648
478
823
524
685
625
106
99
823
677
335
464
256
565
339
394
538
79
654
518
563
167
135
544
635
822
115
107
345
390
698
434
77
30
613
669
721
471
184
530
594
840
81
8
979
173
356
898
403
57
611
94
983
359
151
108
309
307
915
173
206
479
726
231
343
610
564
689
796
792
529
285
308
39
433
587
253
50
206
786
874
159
592
474
216
426
655
590
295
391
725
311
122
113
108
370
905
229
209
226
107
238
377
428
810
404
928
512
119
582
647
826
621
343
847
31
65
411
576
175
487
841
694
669
574
504
134
900
325
321
45
914
266
838
90
530
778
809
385
25
31
536
765
84
365
107
915
599
273
535
237
82
883
375
56
322
514
976
750
169
802
863
387
992
884
470
950
459
264
875
654
39
177
324
98
663
192
376
886
412
525
394
85
358
54
255
536
545
102
968
554
561
783
311
573
954
513
659
833
439
98
708
603
659
953
679
576
756
764
880
816
635
508
643
489
614
620
695
616
10
235
298
539
550
141
610
434
431
444
778
334
938
744
896
594
392
224
240
250
326
579
33
841
896
584
376
471
964
360
183
68
589
221
904
350
116
269
446
353
988
645
50
169
777
974
302
808
470
537
236
96
428
715
798
592
693
589
742
179
145
569
166
217
81
635
831
25
334
927
254
473
115
552
344
921
815
399
745
918
265
171
273
478
889
349
819
458
514
831
797
683
399
913
362
614
221
198
244
257
839
445
689
222
240
77
643
880
206
739
51
619
605
615
337
416
95
500
287
644
249
821
185
442
797
157
710
99
141
164
423
392
771
1000
680
525
245
601
780
672
406
283
65
425
723
92
264
320
1
495
873
585
720
16
195
572
707
854
894
537
702
934
289
904
365
600
639
121
890
919
232
373
962
896
314
816
310
974
5
993
120
501
200
532
679
608
229
47
59
446
613
340
161
909
824
187
153
364
463
980
391
824
799
184
661
546
870
82
196
897
891
153
3
54
436
967
543
731
539
295
558
428
781
156
714
961
442
289
231
187
528
887
426
585
450
961
177
778
19
752
201
707
366
916
764
999
699
921
194
254
759
602
260
394
60
916
482
112
619
858
729
864
489
121
282
145
745
684
161
974
802
426
15
924
993
782
812
18
383
186
175
460
369
438
731
779
126
103
518
914
1
249
340
496
954
723
499
920
356
788
618
356
262
943
791
71
710
909
122
374
368
107
435
163
763
136
890
326
871
167
73
595
558
688
57
765
806
545
490
797
333
33
590
985
404
156
611
349
778
846
234
691
750
520
380
324
387
686
898
885
197
904
535
590
900
312
964
186
882
202
127
870
581
899
417
231
503
742
960
427
633
531
456
908
636
20
615
640
598
259
538
141
963
70
277
808
490
124
385
647
562
65
215
174
645
193
265
98
319
338
782
715
558
89
187
63
146
285
879
279
869
625
99
888
566
981
551
626
172
313
739
342
176
530
960
748
921
705
338
372
833
666
955
31
689
770
127
246
89
957
107
353
784
2
697
695
624
968
64
365
901
718
5
779
805
543
27
39
921
289
400
469
296
408
489
463
540
949
746
174
78
492
168
444
781
206
10
32
765
861
459
553
485
779
466
358
803
279
751
766
271
987
516
380
184
67
391
508
741
186
131
140
417
580
390
76
941
973
222
415
305
305
40
718
376
119
168
265
949
998
394
788
714
756
312
409
244
167
533
401
299
168
353
14
420
990
707
41
929
221
405
462
367
704
46
536
139
283
520
789
94
919
150
235
898
684
450
225
179
727
782
584
75
502
832
503
414
453
574
10
57
203
340
364
293
954
911
950
928
674
695
318
777
818
147
916
531
982
685
809
438
51
874
970
43
919
26
152
944
256
787
925
486
620
695
420
905
771
469
843
802
351
699
821
812
756
177
369
227
311
538
243
484
999
742
148
292
807
222
83
299
974
399
663
756
565
907
234
773
626
281
41
143
296
305
838
703
24
491
817
188
931
99
452
259
390
45
712
820
208
475
786
521
672
335
579
522
253
447
784
214
750
781
109
508
350
378
748
23
996
480
215
524
546
281
668
456
131
49
194
945
558
931
58
131
440
978
969
290
561
881
351
31
397
859
78
771
273
84
33
509
7
995
992
665
461
505
757
248
355
746
69
364
944
244
10
396
186
379
862
210
279
807
62
299
638
606
396
188
748
357
755
962
476
549
514
685
165
812
101
557
746
54
80
157
581
688
915
599
46
786
230
281
327
122
880
519
508
513
511
662
50
224
543
610
786
858
96
39
273
483
244
49
12
301
114
988
134
778
291
973
443
111
256
884
280
816
134
262
860
1000
75
144
174
275
870
223
136
299
50
504
583
630
511
614
622
270
63
427
599
120
297
26
823
199
590
983
367
118
674
524
37
950
688
33
442
340
575
789
485
181
631
27
491
454
596
411
62
145
758
633
686
622
929
490
656
825
354
452
210
882
243
841
941
117
680
779
363
137
544
39
78
747
299
144
843
398
500
87
847
310
503
409
701
223
753
103
435
695
614
751
818
728
898
230
960
245
325
3
101
887
766
459
391
902
724
238
343
999
332
506
40
341
809
141
872
957
651
825
940
445
641
985
123
575
531
666
39
746
372
654
946
376
68
9
979
279
309
605
619
353
772
806
938
954
657
863
79
624
399
152
444
382
443
105
446
910
612
926
883
165
508
54
842
952
590
403
626
117
402
386
423
330
606
81
648
321
971
455
598
592
289
747
774
267
971
919
236
40
242
476
684
778
422
910
654
262
101
98
672
648
556
312
428
892
193
230
777
550
883
180
90
788
514
600
514
3
645
137
860
786
39
796
986
256
216
37
109
989
419
35
212
767
796
286
696
502
468
311
951
413
524
149
875
707
308
130
537
216
831
60
604
53
255
374
295
0
729
374
854
169
464
169
365
771
354
796
946
249
468
188
350
612
439
119
926
608
747
32
943
669
626
630
89
316
713
656
142
17
269
702
189
349
994
404
538
683
668
181
285
726
70
944
384
783
174
432
342
112
8
482
178
586
73
110
915
817
78
97
873
570
825
450
544
899
78
924
896
663
383
689
215
88
462
140
277
756
951
809
675
78
111
140
657
857
688
676
8
359
589
163
62
791
383
633
529
223
154
658
625
67
147
152
154
320
934
621
749
26
728
615
804
724
383
677
77
302
187
611
752
842
589
277
839
275
611
172
88
87
235
490
201
447
488
785
649
911
880
445
71
758
142
537
60
298
255
246
691
676
236
792
119
403
729
135
353
547
908
579
146
228
171
579
595
19
997
913
900
970
4
887
10
308
97
905
636
616
734
220
979
925
497
1000
803
803
31
387
986
535
353
739
487
6
122
568
857
405
615
245
762
848
587
767
353
969
906
429
643
790
930
777
974
133
574
601
823
305
827
490
461
627
293
391
20
553
885
847
736
211
345
73
748
253
275
120
441
694
620
141
113
968
790
251
466
849
16
344
387
739
549
59
205
610
483
919
840
559
31
22
65
923
340
335
759
400
289
730
372
636
231
982
675
388
309
53
800
811
107
827
93
761
943
782
728
736
153
289
168
549
35
980
435
743
221
818
824
858
691
862
4
879
206
3
877
325
116
277
548
162
72
820
458
326
385
766
291
921
739
379
881
546
149
820
930
282
347
953
890
966
852
264
748
170
215
114
451
352
882
31
836
713
874
621
596
157
34
930
393
745
675
652
773
406
730
391
184
815
18
20
561
628
509
227
504
191
665
332
729
133
177
906
810
998
415
230
69
338
417
140
872
253
548
686
504
75
502
556
124
341
478
155
96
45
979
729
730
288
642
57
694
574
823
504
377
952
808
971
569
454
899
751
535
360
207
701
914
742
236
393
903
262
970
867
350
248
147
758
638
534
702
69
782
673
539
910
996
443
899
543
438
449
154
654
3
501
180
504
442
948
542
464
488
911
414
311
893
36
271
52
466
137
608
733
759
255
884
692
618
3
948
499
148
773
228
166
393
187
731
284
242
8
133
606
345
285
470
229
153
36
654
97
208
501
595
791
575
652
195
428
219
630
746
34
354
701
740
675
580
451
800
606
63
802
296
141
960
847
1000
479
218
174
965
595
413
963
369
368
573
286
446
651
326
980
965
194
102
810
350
992
517
932
64
887
574
30
424
607
636
455
545
294
566
940
183
259
650
523
49
704
749
617
447
701
224
646
809
406
300
501
888
940
391
259
409
187
98
171
952
554
641
432
915
292
591
121
129
552
984
645
285
887
756
664
54
339
695
621
896
944
38
950
957
619
675
199
926
890
88
527
215
280
60
502
326
672
816
541
255
151
30
664
610
385
842
748
758
604
331
888
311
463
65
155
4
82
599
979
910
19
915
962
63
566
473
318
738
543
684
114
264
750
900
168
349
783
235
751
91
547
756
302
146
734
253
154
845
395
681
962
661
246
337
848
246
673
8
466
310
73
764
525
287
786
519
621
980
777
495
855
959
908
814
915
637
643
867
809
600
574
462
236
362
298
509
178
556
877
26
993
415
866
278
550
972
916
308
677
449
181
366
805
572
230
438
972
19
188
88
280
971
709
243
559
724
73
501
449
889
936
971
344
893
847
372
471
65
807
712
191
439
454
984
116
249
486
521
651
741
752
494
30
22
47
141
349
137
57
247
723
718
616
773
635
526
319
49
929
689
612
195
419
577
373
607
661
144
448
774
268
186
561
313
553
397
379
236
962
462
853
129
152
618
378
129
174
835
704
501
65
6
492
514
809
694
625
683
344
990
846
667
127
744
225
165
700
310
975
427
944
768
703
127
397
739
485
19
469
280
534
777
383
284
564
445
8
92
484
46
843
87
419
958
936
949
471
327
828
817
590
369
511
593
437
405
943
69
888
712
690
531
726
113
153
631
484
258
65
285
866
396
453
849
862
631
800
602
135
464
387
75
725
478
809
418
531
516
574
909
80
970
941
727
41
137
945
992
600
42
224
253
538
878
713
519
938
20
553
447
174
369
596
290
629
720
178
198
574
141
640
188
775
372
725
479
891
335
154
621
798
378
129
656
118
500
253
923
304
157
695
699
655
548
237
563
33
556
629
357
741
145
789
151
900
462
272
341
267
644
214
881
181
871
416
418
398
456
267
985
692
627
127
249
762
840
184
512
681
264
569
261
850
255
966
877
926
129
214
73
280
127
650
233
604
676
327
613
223
534
453
941
783
566
476
993
587
2
819
651
534
85
398
484
837
381
680
285
275
701
114
172
948
975
225
452
135
445
96
579
86
973
602
865
271
604
770
762
281
979
83
806
299
344
653
335
13
561
5
608
385
109
730
77
872
88
590
149
386
851
92
597
859
138
69
938
69
129
966
600
371
42
12
112
433
592
802
331
15
487
784
706
438
258
750
432
36
437
107
777
923
855
882
625
261
784
243
176
365
85
220
21
560
920
148
337
403
935
507
667
651
977
214
754
835
598
266
355
10
443
290
890
319
441
224
887
130
587
812
174
36
433
90
745
341
460
124
560
630
234
363
535
312
297
2
497
723
339
565
433
271
915
628
88
636
881
548
549
417
347
289
832
767
633
326
699
117
168
871
697
810
378
367
73
775
314
945
789
526
717
864
198
146
788
700
607
414
675
682
453
451
521
225
685
192
221
613
280
405
206
90
503
860
539
975
892
395
76
872
53
624
517
312
652
77
450
653
989
472
876
446
710
944
486
733
579
697
440
829
96
574
125
578
576
440
385
574
538
707
493
650
821
404
489
990
737
624
881
401
617
581
825
531
839
190
480
489
198
676
343
991
694
369
867
159
820
962
401
953
301
563
925
501
194
740
731
907
871
721
720
951
447
258
355
88
99
602
660
203
67
477
9
839
621
919
27
493
773
581
564
97
143
461
327
417
852
985
567
477
204
420
787
77
806
565
590
938
219
762
840
414
547
462
543
251
839
199
862
533
18
201
876
924
31
483
105
954
842
772
347
101
832
626
768
651
64
720
939
91
607
47
222
695
576
268
801
833
574
37
277
4
244
682
359
544
342
622
997
966
255
684
443
793
524
619
1000
310
961
12
38
495
404
6
138
180
929
221
933
586
201
171
42
723
712
419
592
942
984
456
718
870
289
583
778
283
318
795
476
520
810
685
610
230
225
775
366
570
487
658
845
185
361
921
112
71
51
30
644
355
746
676
52
383
241
548
769
241
193
931
112
784
499
729
869
370
96
867
282
598
440
930
731
24
371
988
566
933
674
880
607
161
688
883
497
519
722
405
122
734
806
653
419
427
20
615
519
858
47
176
182
560
81
602
806
639
285
453
669
286
624
812
862
400
543
736
676
859
179
728
567
24
343
968
355
79
940
829
618
628
577
182
16
581
278
726
312
757
835
718
282
408
518
687
548
106
46
64
338
541
167
571
588
839
874
465
743
666
929
72
917
486
862
274
126
555
740
893
246
38
753
359
716
138
550
579
357
652
346
286
417
8
75
3
961
507
734
913
322
147
967
590
721
964
551
897
511
205
11
116
895
76
447
271
877
352
753
577
473
933
592
197
708
735
342
576
481
352
938
659
491
576
873
47
154
994
498
933
290
552
479
485
830
127
65
260
123
221
996
516
369
449
608
179
456
287
771
56
971
360
497
641
507
303
835
656
775
706
560
586
775
651
367
241
854
645
694
982
671
276
991
184
275
428
222
788
238
739
7
755
272
187
105
233
76
450
350
104
485
630
741
705
396
649
210
437
853
14
894
941
395
288
551
646
711
499
676
898
344
517
269
668
251
684
924
602
503
231
227
568
684
757
782
457
979
463
913
341
673
21
429
22
351
119
270
715
482
750
207
31
662
824
616
72
533
364
58
350
276
158
169
702
791
9
422
186
2
839
950
970
980
177
275
491
932
667
378
419
888
671
0
293
262
683
679
989
293
678
615
139
275
779
928
441
515
976
553
821
868
821
374
555
197
131
876
197
238
656
941
802
250
685
711
698
344
893
194
392
468
2
376
539
769
465
92
935
587
910
62
668
98
15
78
610
508
992
882
165
236
847
69
387
712
408
934
112
24
606
473
799
14
914
596
969
683
628
90
817
968
263
785
149
612
800
55
125
910
268
887
210
283
561
510
446
373
389
0
987
283
482
930
945
650
386
2
963
333
504
190
998
964
682
22
275
243
644
877
843
630
933
485
585
181
421
317
735
158
579
924
944
549
6
288
780
907
592
999
434
954
362
235
340
109
949
550
490
220
315
684
454
186
358
213
601
69
611
120
488
744
387
978
930
846
965
377
64
283
634
253
149
644
38
435
720
699
573
557
32
159
616
727
196
114
112
285
740
269
879
918
485
570
891
586
269
649
970
599
979
624
812
850
250
684
401
44
22
844
729
761
314
334
177
91
785
243
696
180
71
758
742
16
192
890
98
173
932
28
140
460
981
206
295
604
997
482
939
425
90
148
993
27
67
938
663
909
155
155
273
55
780
901
812
565
87
922
948
106
470
241
952
778
13
922
511
277
762
100
854
39
774
770
401
489
197
758
565
210
991
458
206
274
428
194
732
812
663
969
46
488
556
668
648
470
28
358
755
101
33
258
969
661
407
827
659
690
402
769
146
70
249
783
523
202
429
315
710
583
95
822
458
98
501
876
303
297
463
188
522
781
682
63
141
637
339
790
664
911
818
602
24
403
844
47
448
880
842
68
253
544
371
771
652
454
205
291
23
594
969
576
502
959
158
16
262
949
398
353
983
904
165
9
591
962
432
928
341
292
575
913
166
667
428
450
25
13
477
264
479
531
210
445
313
754
91
536
580
622
895
502
580
99
281
670
265
603
953
123
818
688
650
699
82
561
216
458
438
972
444
0
905
122
868
801
715
488
164
168
848
787
153
978
681
662
381
117
830
494
292
621
101
996
204
932
670
878
903
680
622
201
146
425
567
954
570
346
189
959
969
379
383
147
451
74
847
965
530
338
568
906
88
431
139
82
758
773
158
372
669
289
297
309
941
793
562
979
959
603
884
901
949
759
330
512
606
318
634
853
174
180
122
684
253
56
281
821
676
773
813
642
175
219
587
848
831
807
20
199
424
381
880
790
660
555
868
1000
653
312
262
846
875
146
376
511
390
819
72
21
236
875
992
120
833
690
546
366
464
33
900
719
839
719
923
776
776
934
739
94
112
891
619
203
571
393
833
176
375
267
991
969
772
676
85
552
797
413
894
831
809
959
456
745
822
205
956
746
613
188
984
594
513
912
523
389
788
470
236
514
835
768
178
623
524
693
785
785
974
921
811
940
211
457
716
530
739
455
586
794
73
1
207
134
869
48
251
338
697
845
955
724
877
180
973
211
585
39
78
771
218
235
145
337
400
796
799
696
440
840
618
956
438
978
311
454
940
941
958
931
581
112
593
849
827
655
115
373
690
281
785
772
932
405
145
401
954
427
121
438
258
753
258
533
105
375
234
866
968
43
515
515
576
257
115
238
552
94
71
484
632
104
18
889
728
764
785
717
91
399
401
792
535
141
436
711
850
48
270
259
945
570
468
648
196
450
256
611
872
696
443
862
642
857
195
326
971
405
705
812
886
208
917
632
361
713
221
940
33
567
219
626
606
22
554
92
336
457
46
733
354
409
294
560
271
271
26
335
508
975
681
685
260
685
246
670
47
928
142
877
927
363
443
266
437
130
649
348
739
758
876
0
579
3
88
575
716
739
791
61
933
610
748
807
780
637
2
665
648
274
864
858
387
520
397
117
876
707
617
327
1000
164
639
857
608
949
487
375
20
41
63
434
849
209
807
590
126
467
892
539
497
792
40
216
649
782
42
423
165
57
195
943
622
676
792
112
721
59
79
368
348
616
982
486
816
15
224
654
567
974
387
462
614
12
200
967
64
13
430
473
237
245
317
579
960
206
358
624
738
379
390
701
973
288
985
351
934
708
501
619
542
399
56
506
297
20
597
859
97
267
385
720
301
887
642
769
952
7
655
881
434
976
608
727
79
542
809
742
991
781
128
518
548
586
237
313
326
394
619
583
328
457
555
396
519
623
434
841
711
40
832
682
331
732
115
475
645
514
16
942
315
283
471
386
990
559
829
840
230
0
381
831
984
681
891
104
594
584
685
3
670
129
805
401
698
497
966
240
347
734
208
73
191
962
882
933
124
206
559
407
282
729
401
179
873
897
168
489
182
458
317
736
908
755
54
45
815
936
140
733
658
384
281
367
179
911
586
342
586
864
190
648
976
755
124
999
920
984
670
831
953
951
919
454
352
51
891
138
915
472
816
396
222
511
694
359
790
453
271
532
595
465
785
32
79
485
668
70
430
478
771
720
54
266
744
521
46
809
655
98
510
288
838
882
268
609
472
691
812
198
554
836
548
127
702
138
316
406
868
652
353
303
143
583
652
422
244
296
677
944
253
658
592
382
981
311
140
562
202
107
519
516
453
850
895
831
392
114
419
235
702
203
693
510
760
425
861
666
801
556
783
291
627
384
372
717
952
487
565
117
978
134
664
591
714
583
994
268
344
950
136
976
341
658
630
600
892
881
73
63
991
339
14
79
543
423
338
74
122
945
909
205
510
931
484
839
216
784
55
199
77
472
430
920
890
891
927
404
637
103
165
909
529
98
876
925
68
20
459
255
61
693
333
884
757
229
759
697
37
404
405
99
941
821
748
117
380
513
728
471
864
141
493
311
855
21
778
836
570
265
189
559
533
680
700
128
26
603
952
419
450
869
747
38
847
500
813
641
513
344
27
941
534
827
427
612
544
241
718
270
240
553
462
97
439
63
929
308
667
935
544
489
129
279
634
538
211
592
565
587
920
142
464
142
377
887
820
967
634
889
807
16
42
649
490
684
140
472
847
916
321
738
760
944
209
3
267
979
339
282
430
73
428
140
526
530
952
94
741
26
829
508
802
48
504
363
703
8
665
742
605
630
933
574
309
312
963
557
164
398
507
534
106
773
796
777
80
476
379
798
802
995
26
646
309
733
979
139
276
195
237
177
259
255
273
844
911
411
120
456
19
753
88
211
513
319
182
963
582
481
552
978
566
36
794
523
786
351
855
466
136
184
747
28
719
250
412
313
503
611
611
424
111
863
18
488
50
431
474
813
658
700
188
395
347
931
360
835
597
788
84
200
423
676
750
281
271
466
453
62
771
509
499
392
833
728
1000
110
395
319
162
653
727
677
572
445
732
891
155
747
429
636
920
509
291
656
529
861
790
407
329
743
148
257
311
495
694
479
831
929
179
216
259
12
646
142
18
96
733
211
538
898
877
823
909
663
171
871
237
903
55
500
270
374
814
500
503
342
846
165
342
900
308
909
385
893
857
690
408
628
433
945
60
335
121
726
429
507
653
352
754
11
173
767
541
289
695
698
668
220
27
431
665
758
643
148
884
769
919
298
920
423
603
167
416
377
724
848
629
992
660
893
625
1000
418
413
499
922
672
541
125
944
357
902
20
872
585
765
236
526
502
401
296
967
26
979
757
14
624
345
11
108
277
571
797
149
388
301
272
15
431
539
124
949
332
268
872
184
754
351
915
316
925
26
843
792
971
234
899
979
346
32
322
751
131
223
677
689
60
155
815
949
347
425
316
464
299
200
304
213
986
254
999
233
823
122
899
61
711
79
858
675
62
583
396
592
592
976
869
314
526
148
381
879
541
491
549
396
987
435
641
315
396
846
291
578
745
26
368
988
478
948
314
245
55
121
636
407
988
975
113
194
523
313
258
597
412
46
600
331
708
160
832
215
315
50
794
593
350
998
717
146
311
29
142
41
461
632
475
340
184
127
346
175
106
75
827
940
577
897
649
383
948
954
590
419
617
286
377
787
622
421
445
428
669
273
357
354
58
285
648
53
737
627
700
370
243
308
501
847
399
930
866
815
513
782
403
801
333
993
639
816
716
337
883
824
290
446
961
476
212
848
715
369
478
426
707
301
750
218
996
628
725
732
28
890
593
534
643
73
566
162
107
337
373
440
390
900
923
277
93
642
931
534
536
891
988
28
361
701
291
726
321
105
146
235
904
814
487
694
657
791
373
284
449
951
714
552
897
796
4
315
825
764
73
686
6
324
62
698
323
566
445
81
583
267
6
337
396
1000
142
461
416
548
556
129
53
993
976
413
889
288
249
865
689
755
880
773
112
483
247
190
921
307
105
251
656
617
656
754
134
596
826
631
129
578
666
498
713
474
507
156
156
931
120
256
616
735
438
709
345
487
362
78
410
539
814
799
712
288
136
690
620
695
448
918
99
684
736
944
681
882
775
834
521
646
560
368
737
31
217
275
289
296
919
695
775
881
490
206
16
994
29
379
79
327
300
693
193
247
810
574
346
434
359
92
163
933
260
47
581
912
801
904
829
976
701
393
606
890
375
612
606
281
402
868
142
528
257
717
45
221
888
256
824
31
220
30
501
125
130
221
404
381
150
683
144
426
243
552
483
69
619
542
77
9
270
903
897
274
842
142
384
192
772
615
366
42
432
137
49
401
356
44
600
653
80
358
718
597
31
306
123
392
485
919
858
408
459
579
568
747
422
776
973
795
426
826
420
572
921
763
617
775
340
491
756
879
519
535
591
805
831
345
971
567
825
314
143
543
746
484
108
602
749
345
870
234
149
825
894
140
991
440
580
572
500
762
656
951
774
2
108
206
149
851
337
980
132
959
958
261
655
698
134
434
424
173
703
351
399
304
568
1
326
360
346
484
732
347
752
700
1
207
441
530
982
556
531
490
17
738
623
573
193
384
400
313
427
770
657
295
174
511
947
146
462
573
888
781
417
289
159
429
6
455
527
347
273
219
726
692
204
398
761
268
379
669
651
42
852
298
956
791
691
184
469
979
46
50
741
302
684
122
191
651
439
238
136
64
777
826
90
592
266
870
557
506
715
762
31
838
173
312
648
666
443
880
441
638
110
419
739
261
406
671
828
346
67
909
71
667
461
179
663
934
688
210
494
490
184
99
619
919
717
493
819
588
613
382
428
736
796
430
14
647
473
250
506
174
774
269
225
976
516
105
944
197
273
396
355
322
48
673
421
179
186
440
378
534
924
766
129
826
97
21
264
85
458
996
806
60
820
454
1000
916
139
189
361
273
471
796
749
886
521
701
378
516
871
410
9
851
315
391
441
934
654
991
219
775
744
533
25
77
581
310
886
725
544
773
14
791
580
167
56
164
91
748
359
502
971
48
222
191
478
376
662
289
688
56
703
753
400
779
341
564
550
812
411
742
159
16
196
850
542
659
15
250
940
79
902
447
268
128
352
582
846
864
549
332
334
327
570
367
509
670
180
536
68
796
665
145
897
309
864
493
623
340
336
541
787
512
472
338
458
341
243
825
72
17
793
709
309
303
714
599
163
904
314
481
122
544
300
424
682
591
909
232
258
670
885
542
97
416
263
900
554
300
566
624
353
556
482
799
447
668
382
209
941
464
770
358
813
205
269
435
184
562
152
525
472
763
235
64
295
654
75
324
949
479
552
725
571
160
170
928
961
438
63
593
371
357
974
805
826
373
559
345
294
208
345
561
401
862
583
557
812
848
700
485
682
741
736
716
620
858
811
624
441
344
340
454
524
349
20
721
756
975
983
691
913
276
172
476
300
861
160
244
826
170
62
256
375
665
213
551
673
641
815
627
68
241
356
337
953
757
198
422
785
387
919
786
423
799
248
139
64
841
231
253
0
821
551
922
768
896
583
494
325
53
735
409
663
112
26
888
430
392
465
696
473
849
512
109
220
565
116
362
177
480
154
223
746
486
220
505
507
529
334
386
979
134
110
386
898
859
621
799
2
618
973
63
761
45
740
392
655
392
726
901
501
376
55
693
218
676
54
763
296
50
193
169
252
2
355
444
89
303
653
662
937
27
802
459
172
998
876
259
615
645
12
509
277
781
890
981
57
391
705
132
11
70
717
626
984
743
76
414
611
864
727
846
981
295
439
350
144
172
19
915
680
184
787
620
598
602
647
303
649
390
19
255
117
385
22
377
550
991
343
596
537
144
8
827
159
588
93
84
430
430
44
132
705
893
52
402
669
611
142
658
127
515
40
775
454
653
263
354
284
406
361
26
737
139
702
917
716
568
112
275
695
490
385
265
291
942
10
967
342
23
494
675
845
306
212
481
980
451
155
593
265
672
798
892
249
232
572
270
639
978
37
481
188
788
37
30
525
524
263
896
790
658
852
766
429
650
646
698
500
11
980
966
584
963
985
169
437
993
416
879
932
789
342
464
805
89
565
194
710
858
139
980
357
512
928
973
727
397
178
158
469
694
313
922
814
272
922
459
305
323
393
308
285
528
432
459
22
610
562
418
688
918
838
477
446
977
528
915
330
953
311
68
186
511
33
13
745
351
66
154
712
572
899
699
929
211
641
172
231
426
188
615
256
966
548
592
631
98
964
786
846
743
685
370
334
398
582
369
711
710
547
62
155
483
423
562
844
409
974
724
405
537
165
125
962
552
68
1000
74
785
109
881
832
952
663
419
444
415
697
688
998
409
155
459
989
186
754
981
697
716
890
496
633
327
249
541
94
457
450
579
50
391
667
543
123
317
541
569
162
11
416
41
638
5
878
831
675
204
242
348
961
954
726
817
383
843
289
616
958
12
883
685
480
136
372
10
38
69
16
383
44
559
607
543
677
77
370
396
795
981
274
693
62
290
70
955
239
515
375
620
73
101
484
875
604
157
791
570
642
463
984
367
966
82
168
413
376
19
483
791
310
83
800
820
176
595
385
916
163
433
217
456
446
573
572
652
100
984
255
344
951
304
265
760
183
469
299
974
12
456
996
647
30
0
65
170
223
817
593
910
970
813
297
603
355
828
127
253
176
533
928
295
790
156
617
215
66
528
27
121
341
300
828
808
409
346
148
760
871
135
16
92
586
53
392
375
301
818
64
122
742
646
268
227
672
343
196
919
631
720
413
63
868
222
151
55
222
657
892
914
271
546
175
352
585
945
376
400
528
195
226
648
760
22
302
781
386
474
885
465
476
162
345
374
313
709
748
910
419
590
500
58
321
274
786
523
594
138
626
939
29
225
388
952
840
812
351
436
203
447
966
922
319
100
747
470
944
477
121
567
533
994
416
994
667
97
228
908
947
735
609
28
546
871
522
98
973
761
773
984
880
656
655
565
783
168
841
811
709
531
179
961
951
307
173
29
171
815
286
15
764
432
95
610
771
175
999
625
466
64
280
582
650
778
362
140
548
184
676
752
839
897
290
495
228
422
608
379
974
985
468
566
343
641
888
135
939
149
388
9
806
251
828
965
28
780
900
866
469
93
602
167
309
889
221
252
717
91
852
562
698
190
685
747
302
105
349
956
766
883
926
732
794
827
727
175
11
123
275
371
986
233
735
564
314
582
675
50
469
723
867
201
182
563
42
218
638
754
676
734
188
696
40
685
144
630
59
153
548
557
694
817
651
122
818
287
530
69
812
650
64
908
382
704
545
468
311
53
255
168
94
705
153
461
94
760
891
683
469
356
127
380
760
514
666
878
828
994
173
472
929
548
521
836
957
901
856
83
196
326
382
794
868
208
90
808
115
793
978
400
428
875
724
858
10
770
813
802
104
175
151
196
48
181
706
615
448
610
725
347
596
582
360
261
349
423
441
654
63
827
196
586
444
371
263
73
707
101
256
586
224
433
912
407
66
197
73
10
276
77
719
692
811
43
175
588
192
102
599
412
828
373
191
699
321
822
478
129
718
703
805
314
652
938
855
291
604
711
722
442
631
64
147
366
603
406
929
923
820
574
501
311
494
154
250
590
428
832
789
627
903
504
321
725
828
703
128
324
211
312
864
189
795
966
335
111
134
834
306
594
12
534
773
808
551
95
511
764
698
320
627
715
523
172
846
210
547
313
156
5
842
530
827
983
615
485
824
223
29
965
903
794
54
989
577
913
681
332
755
647
95
513
174
302
505
785
264
556
909
461
53
62
645
103
317
414
441
167
166
489
46
850
164
900
589
783
565
659
498
734
86
260
415
534
91
587
501
423
316
936
775
410
472
568
699
240
895
466
717
393
399
986
673
803
122
149
496
867
337
837
814
111
251
76
486
290
789
524
566
578
384
180
370
264
20
826
17
620
965
569
185
385
304
811
796
819
982
965
17
762
35
260
309
486
642
428
699
54
423
90
154
274
701
776
421
231
582
160
275
867
845
752
887
941
148
823
231
361
531
630
692
303
757
297
922
347
706
567
8
410
368
553
712
416
348
332
484
299
260
186
82
338
701
963
690
222
945
695
996
365
678
878
825
956
874
543
460
127
799
137
404
44
542
199
557
442
320
911
677
619
167
274
242
806
552
804
970
442
718
67
768
711
705
774
554
497
977
409
195
996
659
702
439
749
547
813
996
200
457
905
152
857
636
84
226
306
57
269
191
912
446
658
425
482
12
96
844
276
402
803
62
327
76
421
493
359
265
992
946
276
452
156
627
312
745
564
700
819
730
480
385
786
383
152
980
500
851
222
425
14
237
652
665
440
283
904
982
817
796
830
309
462
376
368
646
860
850
623
996
0
195
5
351
791
738
317
434
793
849
447
597
4
312
704
328
123
95
150
351
163
513
708
395
492
418
429
257
949
995
520
112
772
460
10
716
758
524
883
929
330
279
986
954
850
943
404
784
639
915
22
145
489
483
499
705
837
142
352
868
865
764
741
246
733
380
847
405
828
179
659
535
289
738
915
184
257
926
279
162
452
580
565
940
517
574
160
143
173
967
808
654
0
697
60
787
691
455
990
910
509
683
955
784
848
198
969
216
38
334
880
319
974
989
479
606
12
610
876
73
121
422
591
354
794
345
275
261
186
772
572
751
888
966
832
609
596
279
61
600
579
197
987
512
85
416
328
849
378
897
589
529
772
950
681
6
312
739
942
188
705
60
380
282
357
238
171
138
125
449
710
391
574
552
193
459
138
783
860
404
793
281
324
469
952
45
449
478
202
190
903
692
203
902
858
890
678
926
821
167
971
26
345
471
87
921
593
16
694
859
681
570
808
33
336
524
902
850
391
668
152
696
288
887
844
255
308
786
187
467
969
157
605
709
586
288
22
837
825
498
517
264
586
211
546
232
166
782
861
885
924
39
749
532
723
290
730
931
484
218
797
783
509
296
506
575
383
794
327
51
27
889
580
263
759
960
234
641
378
468
749
784
856
356
626
454
385
349
970
118
736
734
521
13
412
171
829
818
872
560
584
62
888
363
329
236
508
806
677
832
294
535
748
769
383
678
254
968
943
707
345
123
862
973
215
102
883
37
462
480
105
930
682
647
587
503
150
148
63
243
249
800
526
599
191
704
359
894
209
59
621
408
847
365
523
342
306
155
938
611
502
719
736
809
617
266
861
347
166
874
46
860
167
816
972
414
146
100
558
927
641
728
134
960
730
378
34
815
799
345
89
7
725
338
601
874
430
662
201
338
707
872
733
12
15
901
286
726
151
257
614
1000
273
926
752
267
133
341
633
662
798
535
610
540
905
253
190
421
794
55
859
377
43
981
523
